episode,epReward,cumReward,cumRegret,empRegret
10,-0.52,4.73,4.67,-0.28
20,1.53,6.92,9.56,1.97
30,1.89,6.11,12.89,7.22
40,-0.38,7.95,17.89,9.83
50,2.30,7.33,21.22,14.90
60,0.00,9.29,26.00,17.37
70,-0.34,6.98,29.11,24.13
80,-1.20,4.76,32.22,30.80
90,1.68,8.23,35.33,31.77
100,0.37,6.79,39.22,37.65
200,-0.93,7.33,76.44,81.56
300,0.00,4.95,116.67,128.38
400,1.30,17.07,154.89,160.71
500,0.82,6.41,190.89,215.81
600,0.69,6.51,227.33,260.16
700,0.00,12.79,265.67,298.32
800,-0.06,16.30,307.89,339.26
900,0.18,1.73,341.11,398.27
1000,1.65,1.25,377.33,443.19
2000,0.55,83.38,759.67,805.51
3000,0.00,160.74,1145.56,1172.59
4000,2.36,184.04,1524.11,1593.74
5000,1.19,190.16,1903.00,2032.07
6000,-1.37,248.56,2295.22,2418.11
7000,-0.45,308.15,2660.44,2802.96
8000,0.03,415.88,3044.44,3139.67
9000,-1.08,462.84,3443.67,3537.16
10000,0.00,525.48,3836.67,3918.96
