episode,epReward,cumReward,cumRegret,empRegret
10,0.01,4.92,4.48,12.25
20,1.80,17.00,6.55,17.34
30,-0.42,22.56,10.76,28.95
40,3.54,44.57,16.27,24.11
50,-0.75,54.02,23.99,31.83
60,3.24,58.03,28.01,44.99
70,-0.10,68.38,29.90,51.81
80,0.93,78.50,35.83,58.87
90,0.02,98.44,42.19,56.09
100,-0.26,113.86,45.40,57.84
200,-1.11,231.92,92.29,111.49
300,1.27,381.34,132.18,133.77
400,2.88,517.54,174.44,169.27
500,3.55,638.96,218.12,219.56
600,2.82,778.17,257.74,252.05
700,1.94,915.42,304.30,286.51
800,-0.35,1049.57,350.04,324.05
900,3.05,1149.87,392.85,395.46
1000,2.48,1272.55,440.26,444.49
2000,1.90,2538.96,885.51,895.11
3000,2.37,3855.15,1350.23,1295.95
4000,1.22,5155.99,1797.25,1712.14
5000,-0.77,6300.05,2265.48,2285.13
6000,0.04,7516.57,2705.20,2785.64
7000,-0.51,8829.79,3150.05,3189.45
8000,-3.50,10003.11,3621.13,3733.17
9000,1.40,11073.91,4074.51,4379.40
10000,0.15,12352.43,4511.03,4817.92
