episode,epReward,cumReward,cumRegret,empRegret
10,0.06,0.56,4.44,3.88
20,0.75,2.30,8.89,6.59
30,-0.56,5.61,13.11,7.72
40,1.85,9.30,17.00,8.48
50,-0.15,11.79,20.56,10.43
60,-2.63,6.68,25.33,19.99
70,-0.43,8.48,28.22,22.64
80,-0.30,9.34,32.56,26.22
90,-0.51,14.46,37.89,25.54
100,1.58,19.20,41.00,25.24
200,-0.43,12.91,76.22,75.97
300,2.91,30.52,114.22,102.82
400,0.00,41.19,152.00,136.59
500,0.30,30.14,189.78,192.09
600,0.00,32.92,228.22,233.74
700,0.00,33.30,267.33,277.81
800,3.52,62.51,303.11,293.05
900,0.00,56.77,343.33,343.23
1000,-0.18,48.61,380.00,395.84
2000,1.46,20.45,762.78,868.44
3000,0.00,136.63,1142.22,1196.71
4000,-0.26,218.67,1513.33,1559.11
5000,1.02,299.43,1894.78,1922.80
6000,0.98,319.73,2299.33,2346.94
7000,-1.19,371.74,2709.11,2739.37
8000,0.72,487.74,3089.11,3067.81
9000,-0.83,531.13,3486.11,3468.87
10000,1.66,590.75,3888.89,3853.69
