episode,epReward,cumReward,cumRegret,empRegret
10,-1.35,-1.15,2.22,5.60
20,1.36,3.50,7.56,5.39
30,-0.40,2.11,12.11,11.22
40,0.45,-3.00,17.33,20.78
50,0.00,-1.85,20.44,24.07
60,0.00,2.53,25.11,24.14
70,-0.37,2.43,28.44,28.68
80,-0.57,2.73,32.67,32.82
90,-0.99,7.38,35.33,32.62
100,1.08,6.59,39.56,37.85
200,-0.94,20.45,78.22,68.44
300,-1.58,35.58,116.33,97.76
400,0.00,52.56,149.78,125.22
500,0.00,40.52,186.00,181.70
600,0.00,41.44,232.56,225.23
700,-2.71,43.87,269.11,267.24
800,0.00,37.70,308.56,317.85
900,0.00,36.92,351.33,363.08
1000,1.76,44.06,391.89,400.38
2000,0.46,100.13,770.56,788.75
3000,0.87,146.89,1153.00,1186.44
4000,1.03,210.08,1544.89,1567.70
5000,-0.12,263.35,1939.89,1958.87
6000,-1.92,288.63,2321.78,2378.04
7000,0.00,344.63,2712.67,2766.48
8000,1.15,361.15,3110.78,3194.40
9000,0.23,414.98,3499.00,3585.02
10000,0.00,462.39,3883.67,3982.06
