episode,epReward,cumReward,cumRegret,empRegret
10,0.00,-0.41,3.78,4.85
20,-0.07,4.38,8.56,4.50
30,2.85,12.88,11.33,0.45
40,1.84,13.66,15.89,4.12
50,1.54,14.98,18.56,7.25
60,-0.85,18.00,22.67,8.67
70,0.00,19.87,27.33,11.24
80,-0.24,19.10,32.11,16.46
90,-2.13,14.43,36.89,25.57
100,-0.13,15.07,40.33,29.37
200,-5.08,8.93,76.56,79.96
300,-0.64,12.99,115.33,120.34
400,0.00,22.90,158.33,154.88
500,0.16,39.67,200.44,182.55
600,0.00,45.08,242.89,221.58
700,0.00,36.69,281.22,274.42
800,-0.43,43.22,317.33,312.34
900,-0.75,46.66,353.11,353.34
1000,1.04,54.95,389.78,389.49
2000,0.00,163.05,763.89,725.84
3000,0.00,196.82,1152.22,1136.52
4000,0.63,217.58,1541.11,1560.20
5000,0.22,306.91,1927.67,1915.32
6000,0.00,363.43,2323.33,2303.24
7000,-1.30,425.25,2717.78,2685.86
8000,-1.78,532.94,3100.33,3022.62
9000,2.99,516.79,3491.78,3483.21
10000,0.00,566.78,3877.56,3877.67
