episode,epReward,cumReward,cumRegret,empRegret
10,-1.49,2.20,3.89,2.24
20,-2.24,-12.16,8.67,21.05
30,0.00,-11.06,11.78,24.39
40,0.00,-7.37,15.44,25.15
50,0.00,-11.17,20.11,33.39
60,-0.10,-7.18,24.11,33.84
70,0.44,-3.64,28.67,34.75
80,2.41,-0.90,31.67,36.46
90,0.00,3.01,35.67,36.99
100,0.91,7.32,39.00,37.12
200,-1.02,21.17,74.89,67.72
300,2.14,20.03,109.44,113.31
400,1.20,28.05,146.89,149.73
500,-0.71,31.84,184.67,190.38
600,1.73,36.39,223.00,230.28
700,0.00,54.65,267.00,256.47
800,-0.30,62.68,304.78,292.88
900,-1.66,60.54,344.78,339.46
1000,-0.50,63.58,380.67,380.86
2000,-0.31,111.63,769.56,777.26
3000,0.00,156.81,1149.56,1176.52
4000,0.88,254.95,1531.89,1522.82
5000,-0.47,334.85,1911.89,1887.38
6000,0.00,383.34,2297.33,2283.32
7000,0.18,425.37,2700.22,2685.74
8000,0.71,513.92,3087.11,3041.63
9000,1.49,531.79,3471.11,3468.21
10000,1.03,602.76,3847.11,3841.69
