episode,epReward,cumReward,cumRegret,empRegret
10,-7.44,-34.39,25.21,31.39
20,0.86,-63.60,44.37,57.60
30,-0.59,-87.58,63.71,78.59
40,-0.01,-112.67,94.17,100.68
50,-6.25,-152.86,124.86,137.88
60,-2.44,-184.28,147.14,166.30
70,-4.50,-226.02,176.36,205.04
80,-5.25,-256.71,197.51,232.74
90,-8.17,-298.06,226.63,271.09
100,-2.68,-324.56,247.07,294.59
200,-1.20,-643.47,502.92,583.53
300,-6.99,-963.00,779.52,873.08
400,-1.97,-1212.08,1021.47,1092.20
500,-0.44,-1483.78,1258.70,1333.93
600,-1.81,-1805.35,1523.04,1625.53
700,-1.09,-2098.74,1771.46,1888.94
800,-3.61,-2390.45,2019.96,2150.69
900,-1.33,-2687.34,2282.97,2417.61
1000,-5.80,-3014.45,2561.12,2714.74
2000,-2.96,-5894.24,5090.38,5294.83
3000,-7.10,-8681.75,7633.99,7782.63
4000,-3.56,-11523.56,10176.10,10324.74
5000,-4.02,-14246.27,12688.58,12747.75
6000,-2.65,-17198.19,15262.98,15399.96
7000,-2.39,-20013.87,17842.37,17915.94
8000,-3.44,-22695.18,20347.81,20297.53
9000,-5.14,-25703.08,23013.84,23005.73
10000,-5.00,-28605.50,25519.89,25608.45
