episode,epReward,cumReward,cumRegret,empRegret
10,-3.17,-10.79,17.23,2.13
20,-1.41,-34.77,28.98,17.44
30,-4.71,-56.33,43.07,30.33
40,-2.44,-86.35,54.23,51.69
50,-1.19,-101.73,60.43,58.40
60,-4.86,-122.91,71.40,70.92
70,-2.54,-149.40,83.75,88.75
80,-1.52,-177.90,94.51,108.58
90,-2.23,-202.16,103.24,124.17
100,-3.91,-225.65,115.17,139.00
200,-2.33,-427.58,240.05,254.28
300,-2.26,-677.09,356.51,417.14
400,0.13,-920.37,485.72,573.78
500,0.05,-1140.36,603.35,707.11
600,-2.88,-1375.14,715.09,855.25
700,-2.21,-1558.62,840.71,952.08
800,-0.97,-1753.93,954.86,1060.74
900,-1.26,-1951.80,1072.15,1171.96
1000,-2.22,-2153.11,1200.56,1286.62
2000,-3.25,-4247.59,2445.66,2514.60
3000,0.31,-6342.20,3673.28,3742.72
4000,-2.59,-8415.01,4892.03,4949.04
5000,-0.35,-10446.56,6084.21,6114.09
6000,-3.12,-12592.94,7258.63,7393.98
7000,-1.42,-14743.01,8524.56,8677.56
8000,-3.95,-16839.73,9743.36,9907.78
9000,-5.73,-18933.23,10935.82,11134.79
10000,-2.68,-21023.25,12177.55,12358.31
