episode,epReward,cumReward,cumRegret,empRegret
10,-0.19,-12.26,7.84,5.70
20,-3.01,-32.28,27.36,19.16
30,-1.07,-54.11,49.66,34.42
40,-3.84,-78.13,69.57,51.89
50,-4.27,-109.26,88.80,76.46
60,-3.32,-136.60,108.46,97.24
70,0.09,-163.14,131.59,117.22
80,-5.30,-192.21,150.20,139.72
90,0.49,-209.82,168.46,150.77
100,-0.84,-238.53,183.97,172.92
200,-2.49,-469.86,385.52,338.64
300,-4.69,-693.04,570.28,496.21
400,-2.67,-942.50,765.40,680.06
500,-2.53,-1229.70,973.85,901.65
600,-2.11,-1474.81,1171.17,1081.15
700,-2.90,-1731.41,1354.09,1272.14
800,-2.70,-1962.62,1527.63,1437.73
900,-2.96,-2196.74,1705.07,1606.24
1000,-0.43,-2480.51,1912.27,1824.41
2000,-4.88,-5019.58,3840.98,3707.37
3000,-2.33,-7601.82,5775.28,5633.50
4000,-4.03,-10047.72,7630.16,7423.30
5000,-4.04,-12584.30,9546.92,9303.78
6000,-1.71,-15152.27,11554.34,11215.64
7000,-3.50,-17716.93,13391.80,13124.19
8000,-6.46,-20348.20,15254.41,15099.36
9000,0.36,-23009.48,17167.20,17104.54
10000,-3.95,-25561.80,19032.22,19000.75
