episode,epReward,cumReward,cumRegret,empRegret
10,-2.32,-14.50,5.08,4.49
20,0.54,-40.53,9.74,20.50
30,0.06,-62.48,17.15,32.43
40,-3.57,-77.66,23.44,37.60
50,-2.68,-92.31,30.57,42.24
60,-1.62,-105.75,36.37,45.65
70,-1.34,-125.67,43.59,55.57
80,-2.88,-147.16,50.02,67.03
90,-2.77,-169.07,57.29,78.93
100,-0.41,-181.13,66.15,80.97
200,-0.07,-350.59,129.98,150.28
300,0.39,-531.44,193.96,230.98
400,-0.85,-674.10,247.03,273.48
500,0.39,-831.06,309.28,330.29
600,-1.82,-962.91,370.42,361.97
700,-3.83,-1106.48,434.33,405.39
800,-2.15,-1263.26,500.84,462.02
900,-2.17,-1403.40,558.93,502.00
1000,-2.24,-1576.50,619.23,574.94
2000,-0.53,-3093.02,1237.89,1089.90
3000,0.69,-4675.62,1857.98,1670.96
4000,-1.65,-6260.84,2456.24,2254.61
5000,2.54,-7907.32,3079.77,2899.54
6000,-0.11,-9534.90,3697.86,3525.57
7000,-1.81,-11133.53,4298.69,4122.64
8000,0.24,-12670.32,4916.80,4657.87
9000,-4.12,-14370.94,5518.45,5356.94
10000,-1.03,-16059.25,6141.01,6043.69
