episode,epReward,cumReward,cumRegret,empRegret
10,-4.29,8.75,15.86,13.73
20,-1.12,15.52,30.16,29.44
30,1.11,20.55,43.97,46.88
40,1.75,43.89,55.79,46.02
50,-0.45,53.63,67.55,58.75
60,-1.54,54.37,85.49,80.49
70,-4.83,60.48,102.25,96.86
80,-0.90,61.84,118.17,117.98
90,2.06,67.48,138.51,134.81
100,-1.04,68.91,159.53,155.86
200,2.87,135.04,325.27,314.50
300,-4.92,138.65,499.52,535.65
400,3.79,197.83,667.61,701.24
500,1.55,253.67,833.29,870.17
600,2.90,316.84,985.32,1031.77
700,-3.56,364.12,1137.59,1209.26
800,-0.85,401.33,1311.47,1396.81
900,-1.62,429.23,1484.58,1593.68
1000,-0.26,483.72,1651.53,1763.96
2000,-0.84,1031.15,3315.20,3464.21
3000,2.29,1532.82,4969.54,5210.22
4000,-0.77,2139.42,6637.14,6851.30
5000,0.27,2701.49,8259.77,8536.91
6000,3.69,3241.50,9939.10,10244.58
7000,-0.58,3803.71,11644.64,11930.06
8000,-1.27,4352.82,13331.54,13628.63
9000,1.48,4899.19,14982.73,15329.94
10000,-1.72,5551.15,16633.75,16925.66
