episode,epReward,cumReward,cumRegret,empRegret
10,-2.32,-12.38,7.70,2.60
20,0.42,-32.84,12.39,13.27
30,-2.26,-44.33,23.58,14.98
40,-0.99,-61.26,32.47,22.13
50,0.56,-84.04,38.21,35.13
60,-1.11,-99.82,45.91,41.13
70,-0.75,-118.36,52.95,49.88
80,-0.28,-137.94,59.23,59.68
90,-4.15,-160.10,66.40,72.06
100,-0.84,-181.55,72.87,83.72
200,-0.32,-335.59,135.58,139.94
300,1.77,-517.60,212.33,224.12
400,-1.39,-705.89,290.79,314.60
500,-5.56,-865.39,361.62,376.26
600,-0.77,-1010.95,437.10,424.00
700,-1.28,-1174.03,508.13,489.26
800,-1.72,-1360.21,577.84,577.62
900,-1.20,-1515.34,645.32,634.93
1000,-2.70,-1688.98,721.15,710.74
2000,-2.84,-3371.58,1445.72,1415.10
3000,0.15,-5033.37,2158.38,2098.65
4000,-2.05,-6807.11,2868.18,2894.15
5000,-4.07,-8569.62,3599.67,3678.41
6000,-1.88,-10344.99,4336.34,4475.54
7000,-1.70,-12125.40,5084.75,5277.71
8000,0.05,-13764.41,5813.97,5938.47
9000,-4.07,-15470.52,6524.50,6666.35
10000,-1.01,-17166.85,7242.76,7384.43
