episode,epReward,cumReward,cumRegret,empRegret
10,-0.47,-19.46,10.35,17.22
20,-1.35,-33.62,19.06,29.14
30,0.91,-46.39,23.31,39.67
40,-0.54,-57.78,29.78,48.82
50,-0.67,-69.75,35.88,58.55
60,-0.89,-80.63,44.77,67.19
70,-1.37,-88.71,53.47,73.03
80,-1.55,-95.43,60.54,77.51
90,-1.42,-109.18,69.39,89.02
100,-2.09,-122.61,77.67,100.21
200,-1.07,-248.91,154.86,204.11
300,-2.17,-359.79,246.64,292.59
400,-1.46,-435.72,322.43,346.12
500,0.09,-519.78,408.97,407.78
600,1.04,-638.32,501.96,503.92
700,0.31,-734.68,572.97,577.88
800,-1.18,-823.18,648.20,643.98
900,-2.60,-932.74,726.56,731.14
1000,1.62,-1079.43,817.97,855.43
2000,0.31,-2208.74,1651.74,1760.74
3000,-1.81,-3139.29,2501.44,2467.29
4000,-0.35,-4143.64,3335.48,3247.64
5000,0.06,-5276.63,4191.81,4156.63
6000,-6.56,-6335.24,5014.90,4991.23
7000,0.44,-7428.94,5866.47,5860.93
8000,-2.42,-8470.99,6715.97,6678.98
9000,1.09,-9577.00,7564.43,7560.99
10000,2.10,-10719.88,8404.14,8479.87
