episode,epReward,cumReward,cumRegret,empRegret
10,0.97,47.25,34.31,26.62
20,5.49,106.90,67.53,40.85
30,4.28,152.59,88.98,69.04
40,10.86,187.65,126.94,107.86
50,3.32,222.38,167.66,147.00
60,3.50,257.80,202.75,185.46
70,10.27,300.45,229.07,216.69
80,-2.65,337.70,265.58,253.32
90,4.96,374.87,295.80,290.03
100,5.23,425.59,321.32,313.19
200,2.09,807.54,639.54,670.01
300,3.61,1236.45,954.12,979.87
400,3.23,1695.97,1258.78,1259.13
500,5.79,2162.58,1542.30,1531.28
600,4.77,2582.75,1873.77,1849.88
700,2.10,2994.71,2186.27,2176.70
800,3.54,3448.40,2446.68,2461.79
900,5.35,3852.17,2782.41,2796.79
1000,3.47,4271.50,3083.45,3116.23
2000,3.11,8631.37,6142.09,6144.10
3000,1.68,13008.42,9190.55,9154.78
4000,9.94,17448.19,12241.23,12102.74
5000,2.87,21686.41,15277.45,15252.25
6000,8.30,25975.35,18318.92,18351.04
7000,4.61,30308.92,21400.13,21405.20
8000,0.62,34446.32,24537.46,24655.53
9000,3.07,38812.95,27629.39,27676.63
10000,4.17,42983.15,30742.02,30894.17
