episode,epReward,cumReward,cumRegret,empRegret
10,0.42,14.72,9.90,-0.33
20,-3.25,-2.71,33.90,31.49
30,-0.24,-1.40,54.73,44.57
40,2.20,-4.72,73.82,62.28
50,-0.65,-23.81,94.21,95.75
60,-0.32,-24.00,112.87,110.34
70,-4.20,-33.57,128.52,134.30
80,-4.12,-47.74,155.06,162.85
90,2.65,-58.08,178.75,187.58
100,-0.12,-53.63,195.15,197.52
200,-0.55,-144.17,413.65,431.95
300,0.38,-200.76,630.34,632.44
400,0.59,-254.49,832.67,830.05
500,-5.88,-299.04,990.16,1018.49
600,-4.97,-352.50,1196.62,1215.85
700,-1.73,-445.07,1410.49,1452.30
800,0.77,-519.25,1632.54,1670.37
900,0.32,-609.49,1841.80,1904.51
1000,0.88,-666.90,2041.06,2105.81
2000,2.22,-1288.84,4170.16,4166.66
3000,1.78,-1889.43,6224.94,6206.15
4000,-2.59,-2449.72,8233.71,8205.36
5000,0.79,-3050.91,10299.16,10245.45
6000,-2.36,-3765.13,12437.04,12398.58
7000,-0.21,-4553.11,14605.85,14625.47
8000,-2.98,-5145.87,16662.32,16657.14
9000,-0.92,-5838.89,18725.56,18789.07
10000,-1.44,-6459.68,20816.69,20848.77
