episode,epReward,cumReward,cumRegret,empRegret
10,0.53,2.09,2.22,2.35
20,0.39,3.69,7.67,5.20
30,0.00,1.70,9.22,11.63
40,-0.81,-2.20,12.33,19.98
50,0.00,-1.46,15.89,23.69
60,1.81,-3.69,19.78,30.36
70,0.00,-4.54,24.33,35.65
80,-3.50,-10.05,28.78,45.60
90,0.00,-10.43,32.89,50.43
100,0.42,-15.86,36.89,60.30
200,3.00,12.83,78.56,76.06
300,-0.09,17.70,120.33,115.64
400,0.00,46.69,161.44,131.09
500,0.10,51.38,201.11,170.84
600,0.61,80.80,235.78,185.87
700,0.74,80.17,275.56,230.94
800,2.26,80.44,312.56,275.12
900,0.00,100.07,355.67,299.93
1000,0.00,98.69,396.22,345.75
2000,0.00,197.83,781.78,691.05
3000,1.59,202.89,1153.78,1130.45
4000,0.70,290.14,1542.56,1487.64
5000,0.20,378.54,1937.44,1843.68
6000,4.76,421.89,2331.11,2244.77
7000,0.41,451.52,2724.00,2659.59
8000,1.42,461.08,3112.22,3094.47
9000,-0.86,521.65,3479.67,3478.35
10000,0.00,592.28,3862.11,3852.17
