episode,epReward,cumReward,cumRegret,empRegret
10,0.72,19.63,27.55,24.56
20,1.25,11.89,75.29,76.48
30,-1.06,21.78,110.42,110.77
40,3.35,42.18,132.64,134.56
50,1.26,54.60,163.15,166.33
60,4.75,60.48,198.68,204.63
70,0.87,66.13,234.23,243.17
80,-1.41,78.27,267.82,275.21
90,1.08,92.21,300.30,305.45
100,3.49,104.62,333.83,337.23
200,4.12,188.25,703.99,695.45
300,0.44,333.74,1008.31,991.81
400,4.63,427.25,1343.43,1340.15
500,0.83,582.93,1667.95,1626.32
600,-4.20,706.31,1982.16,1944.79
700,-1.54,849.69,2273.67,2243.26
800,3.22,929.29,2607.38,2605.51
900,-1.95,1090.06,2906.91,2886.59
1000,0.10,1245.99,3221.75,3172.51
2000,-3.74,2497.62,6461.68,6339.38
3000,0.28,3817.46,9584.53,9438.04
4000,-1.98,5092.27,12798.39,12581.73
5000,0.12,6327.18,16028.86,15765.32
6000,1.67,7587.39,19254.24,18923.61
7000,2.10,8821.90,22432.04,22107.60
8000,1.26,10103.85,25549.42,25244.15
9000,1.02,11291.38,28786.98,28475.12
10000,0.38,12407.88,32049.93,31777.12
