episode,epReward,cumReward,cumRegret,empRegret
10,2.26,5.03,3.00,-0.59
20,0.36,7.38,5.44,1.51
30,-1.94,7.25,9.44,6.08
40,-0.97,8.64,13.67,9.13
50,-0.49,7.55,18.11,14.67
60,3.19,7.78,21.89,18.88
70,1.20,10.44,25.89,20.67
80,0.00,11.85,30.22,23.71
90,-0.40,14.46,34.22,25.54
100,-1.22,17.44,38.56,27.00
200,-1.14,30.21,76.78,58.68
300,-0.33,36.22,112.33,97.11
400,0.00,53.24,154.11,124.54
500,-0.98,51.04,191.33,171.18
600,0.00,50.77,231.56,215.90
700,0.00,56.36,270.11,254.76
800,2.24,59.44,315.22,296.12
900,-1.32,52.95,352.22,347.05
1000,-0.93,56.78,392.78,387.66
2000,-1.07,70.86,775.44,818.03
3000,-1.62,90.01,1160.33,1243.33
4000,0.00,173.67,1544.78,1604.11
5000,-0.64,206.13,1951.33,2016.10
6000,2.01,300.59,2343.56,2366.08
7000,-0.20,335.06,2732.33,2776.05
8000,0.18,407.82,3124.44,3147.74
9000,0.00,471.86,3512.56,3528.14
10000,-1.24,466.73,3906.78,3977.71
