episode,epReward,cumReward,cumRegret,empRegret
10,4.04,15.99,2.67,3.69
20,3.17,32.04,8.94,7.32
30,-0.68,32.08,13.56,26.96
40,2.12,57.37,16.99,21.35
50,2.60,87.03,19.37,11.38
60,1.45,97.53,20.60,20.56
70,4.16,120.25,21.65,17.53
80,0.98,140.42,29.86,17.04
90,2.41,151.57,35.35,25.57
100,2.00,163.56,48.11,33.26
200,0.92,330.01,99.89,63.63
300,-1.20,470.98,155.77,119.47
400,3.10,626.37,214.18,160.90
500,5.05,772.16,271.19,211.93
600,0.57,901.15,326.89,279.76
700,2.95,1052.48,378.11,325.25
800,1.07,1193.49,421.83,381.06
900,3.60,1335.45,481.16,435.91
1000,-1.70,1463.56,545.78,504.62
2000,0.62,2851.00,1098.25,1085.36
3000,2.55,4239.84,1657.03,1664.70
4000,3.93,5650.14,2240.90,2222.59
5000,2.56,7100.36,2808.34,2740.54
6000,5.05,8557.62,3405.89,3251.46
7000,1.43,9934.34,4000.39,3842.93
8000,-1.08,11321.56,4588.70,4423.89
9000,4.49,12681.73,5164.15,5031.89
10000,2.28,14085.42,5755.92,5596.39
