episode,epReward,cumReward,cumRegret,empRegret
10,-0.31,12.88,5.22,-8.44
20,1.06,14.23,10.67,-5.34
30,0.27,13.64,13.44,-0.31
40,0.00,14.05,16.56,3.73
50,-0.63,14.31,20.56,7.91
60,0.31,16.34,23.22,10.33
70,0.09,14.26,27.56,16.85
80,-2.20,11.59,32.56,23.97
90,-0.38,9.21,36.67,30.79
100,0.31,13.36,40.22,31.09
200,0.00,2.40,83.33,86.49
300,0.00,1.57,121.44,131.76
400,0.00,0.70,159.33,177.07
500,0.00,5.05,200.11,217.17
600,1.28,11.91,238.56,254.76
700,-1.34,15.59,281.89,295.52
800,-0.81,19.97,321.33,335.59
900,1.64,16.13,357.11,383.87
1000,-1.03,29.34,393.22,415.10
2000,0.58,66.06,781.89,822.83
3000,0.93,113.10,1181.44,1220.23
4000,1.28,135.38,1565.78,1642.40
5000,0.00,225.72,1953.89,1996.51
6000,-0.56,310.70,2335.56,2355.97
7000,0.63,351.92,2726.11,2759.19
8000,0.00,323.70,3123.78,3231.85
9000,-1.79,381.24,3513.22,3618.76
10000,0.00,433.57,3901.78,4010.88
