episode,epReward,cumReward,cumRegret,empRegret
10,-1.22,-4.21,11.91,24.98
20,5.14,-7.37,31.79,48.90
30,-1.05,-10.66,51.26,72.96
40,1.15,-11.92,69.61,94.99
50,-1.39,-16.50,93.79,120.34
60,1.73,-9.94,111.00,134.55
70,-2.36,-13.01,132.01,158.39
80,-3.09,-23.68,151.79,189.82
90,1.41,-18.54,161.72,205.45
100,-0.34,-20.34,175.66,228.01
200,5.17,-0.85,368.02,416.19
300,0.55,-6.80,569.68,629.82
400,1.59,-12.69,762.55,843.38
500,2.59,0.54,957.65,1037.83
600,1.31,30.55,1151.58,1215.49
700,0.22,68.03,1335.87,1385.68
800,0.74,110.08,1504.37,1551.31
900,-1.46,66.32,1713.76,1802.74
1000,0.33,64.36,1914.83,2012.37
2000,1.50,399.20,3774.53,3754.27
3000,2.16,663.58,5673.29,5566.62
4000,-1.37,904.42,7499.18,7402.52
5000,-2.11,1179.51,9348.43,9204.17
6000,-0.91,1401.40,11161.37,11059.01
7000,2.63,1667.63,13015.02,12869.51
8000,-1.90,1891.58,14857.60,14722.29
9000,0.22,2065.94,16761.75,16624.67
10000,2.17,2370.44,18613.04,18396.90
