episode,epReward,cumReward,cumRegret,empRegret
10,1.19,-1.81,16.36,5.63
20,-1.31,-20.72,34.07,28.36
30,-2.69,-38.48,48.27,49.93
40,-3.15,-41.41,67.22,56.68
50,-0.07,-57.61,80.61,76.70
60,-4.86,-77.09,99.91,99.99
70,-2.52,-83.64,115.20,110.37
80,-0.54,-94.05,131.85,124.60
90,4.56,-94.66,148.86,129.02
100,-3.46,-119.73,165.12,157.91
200,-0.93,-247.62,349.17,323.97
300,-1.20,-386.47,521.26,501.01
400,-5.08,-506.88,700.29,659.59
500,-5.75,-658.91,867.45,849.80
600,-2.40,-818.90,1037.52,1047.97
700,0.35,-924.67,1212.85,1191.92
800,-1.87,-1063.73,1363.62,1369.16
900,-4.50,-1212.27,1537.37,1555.88
1000,0.08,-1342.03,1715.29,1723.82
2000,-2.09,-2535.34,3406.92,3298.91
3000,-0.75,-3901.54,5102.67,5046.89
4000,0.72,-5237.17,6812.26,6764.31
5000,2.56,-6500.87,8482.58,8409.79
6000,-2.36,-7775.83,10159.60,10066.53
7000,-0.40,-9043.42,11851.85,11715.91
8000,-0.92,-10189.94,13517.29,13244.21
9000,-1.26,-11556.16,15252.91,14992.22
10000,-1.41,-12837.11,16949.18,16654.95
