episode,epReward,cumReward,cumRegret,empRegret
10,-1.99,17.98,11.83,11.82
20,-1.02,27.62,22.05,31.97
30,2.90,50.70,32.26,38.69
40,3.61,67.08,44.21,52.11
50,0.64,82.47,55.98,66.52
60,-0.28,104.62,66.90,74.17
70,3.55,134.03,76.95,74.55
80,1.47,154.87,86.82,83.52
90,0.04,180.68,97.00,87.50
100,4.29,193.65,107.84,104.33
200,4.09,382.92,206.86,213.03
300,2.02,579.61,314.76,314.32
400,1.27,776.07,420.28,415.84
500,0.84,984.70,528.60,505.18
600,-0.48,1201.57,639.65,586.28
700,2.78,1413.41,747.96,672.42
800,2.31,1596.26,860.45,787.55
900,0.43,1769.98,974.16,911.81
1000,-0.01,1956.30,1079.16,1023.46
2000,0.31,3896.96,2131.07,2062.56
3000,3.44,5720.01,3222.61,3219.27
4000,0.72,7590.69,4276.37,4328.36
5000,2.10,9496.81,5354.94,5402.00
6000,1.40,11400.14,6410.36,6478.44
7000,1.80,13278.40,7525.43,7579.94
8000,-1.26,15145.61,8580.70,8692.49
9000,1.13,17028.24,9658.93,9789.62
10000,-0.26,19031.03,10703.42,10766.59
