episode,epReward,cumReward,cumRegret,empRegret
10,0.00,5.24,3.67,-0.80
20,-1.09,10.55,7.22,-1.66
30,-1.21,14.16,11.89,-0.82
40,0.39,14.36,17.11,3.42
50,1.67,14.06,20.44,8.16
60,2.10,16.26,23.78,10.40
70,0.00,15.40,25.33,15.71
80,2.01,17.08,28.33,18.48
90,0.00,22.31,31.56,17.69
100,-0.42,22.94,36.00,21.50
200,1.01,32.16,72.78,56.73
300,-0.13,28.05,108.22,105.28
400,-0.08,26.27,143.67,151.51
500,0.81,35.31,182.89,186.91
600,-1.16,43.77,217.11,222.90
700,0.19,35.86,252.00,275.25
800,0.65,33.45,294.22,322.11
900,0.00,44.86,335.56,355.14
1000,2.66,57.41,372.67,387.04
2000,1.17,115.75,785.56,773.14
3000,0.00,151.69,1177.67,1181.64
4000,-0.16,204.46,1566.89,1573.32
5000,-0.07,268.79,1960.33,1953.43
6000,0.00,277.31,2350.00,2389.36
7000,0.00,311.35,2736.22,2799.76
8000,1.25,382.98,3125.11,3172.58
9000,-1.06,456.48,3522.67,3543.52
10000,-2.26,528.97,3916.00,3915.48
