episode,epReward,cumReward,cumRegret,empRegret
10,0.42,-5.17,4.00,9.61
20,0.84,-11.09,7.33,19.98
30,-0.96,-11.60,11.11,24.93
40,-1.18,-14.55,14.44,32.33
50,1.12,-9.95,15.89,32.17
60,0.17,-7.24,20.00,33.91
70,0.00,-7.19,23.33,38.30
80,-2.79,-7.59,26.22,43.15
90,-0.78,-8.58,31.44,48.58
100,0.00,-5.55,36.78,49.99
200,0.14,-2.64,72.56,91.53
300,0.06,-1.35,114.00,134.68
400,0.00,17.72,149.00,160.05
500,-0.41,17.56,183.44,204.66
600,0.00,8.80,221.89,257.86
700,-1.41,34.93,259.11,276.19
800,0.00,41.19,301.44,314.36
900,0.09,48.60,334.00,351.40
1000,0.00,51.06,371.33,393.39
2000,-0.35,136.57,756.11,752.32
3000,0.97,208.49,1158.67,1124.84
4000,0.00,249.32,1547.33,1528.46
5000,0.11,343.42,1939.56,1878.80
6000,0.52,447.69,2317.11,2218.97
7000,0.46,476.26,2693.33,2634.85
8000,0.00,460.49,3079.89,3095.06
9000,-0.83,538.32,3473.56,3461.68
10000,1.63,690.82,3872.00,3753.63
