episode,epReward,cumReward,cumRegret,empRegret
10,4.49,4.89,14.25,17.88
20,2.26,10.78,44.54,34.76
30,-2.19,0.61,69.65,67.71
40,-1.67,-6.45,95.07,97.54
50,-0.48,-12.78,120.99,126.64
60,0.19,-4.25,143.46,140.88
70,-1.67,-0.61,165.32,160.02
80,-0.67,-5.49,184.63,187.66
90,-2.73,-13.76,206.59,218.71
100,-5.04,-23.76,237.07,251.47
200,0.91,-58.84,491.92,514.27
300,-3.96,-131.47,766.49,814.62
400,-4.41,-199.43,1045.68,1110.29
500,2.36,-243.87,1322.86,1382.45
600,0.47,-272.42,1589.53,1638.72
700,1.44,-285.65,1829.24,1879.66
800,3.32,-306.44,2084.94,2128.17
900,-1.92,-318.32,2345.00,2367.76
1000,-1.99,-308.54,2564.22,2585.69
2000,-1.30,-518.29,5091.39,5072.60
3000,1.52,-874.02,7590.50,7705.48
4000,0.38,-1194.41,10154.23,10303.02
5000,0.75,-1358.86,12665.96,12744.63
6000,0.96,-1708.05,15252.54,15370.97
7000,-0.93,-1908.13,17723.27,17848.20
8000,-0.67,-2153.74,20265.20,20370.97
9000,-1.61,-2439.03,22817.81,22933.41
10000,-0.76,-2582.71,25420.97,25354.25
