episode,epReward,cumReward,cumRegret,empRegret
10,2.09,9.14,3.11,-4.69
20,4.20,9.50,7.11,-0.61
30,0.58,17.29,11.11,-3.96
40,-0.19,15.20,14.22,2.58
50,2.17,27.21,18.78,-4.99
60,2.35,25.67,23.11,1.00
70,-0.13,31.49,27.78,-0.38
80,0.48,30.50,32.22,5.05
90,0.56,32.94,36.33,7.06
100,-1.69,31.47,40.78,12.97
200,0.58,15.87,83.78,73.02
300,-0.48,15.60,127.67,117.73
400,-1.07,36.92,169.44,140.86
500,0.15,49.21,213.89,173.02
600,0.28,58.11,258.33,208.55
700,2.44,83.23,303.00,227.88
800,-2.84,79.16,347.44,276.40
900,2.12,69.16,391.89,330.84
1000,-0.77,47.04,436.33,397.41
2000,2.94,-95.49,882.44,984.38
3000,3.13,-95.82,1326.89,1429.15
4000,1.72,-96.69,1771.89,1874.47
5000,0.40,-150.00,2215.89,2372.22
6000,-0.61,-96.40,2660.33,2763.07
7000,1.36,-77.80,3104.78,3188.91
8000,1.00,-101.55,3548.78,3657.10
9000,-1.15,-30.36,3993.22,4030.36
10000,0.51,-82.00,4437.67,4526.45
