episode,epReward,cumReward,cumRegret,empRegret
10,-0.13,3.18,2.33,1.26
20,0.00,6.51,4.56,2.38
30,2.29,11.21,9.00,2.12
40,1.03,10.38,12.56,7.39
50,1.66,17.55,14.78,4.67
60,-0.39,21.31,15.89,5.36
70,-1.64,18.38,17.22,12.73
80,0.00,19.13,20.56,16.42
90,0.00,18.48,24.33,21.52
100,0.76,22.56,26.22,21.88
200,2.04,59.06,31.67,29.83
300,-0.84,92.68,33.67,40.65
400,-1.85,151.95,33.67,25.83
500,0.83,199.58,34.33,22.64
600,2.15,253.94,34.33,12.73
700,0.56,314.56,35.00,-3.45
800,-1.61,355.66,35.00,-0.10
900,-0.19,420.36,35.00,-20.36
1000,0.65,466.24,35.00,-21.80
2000,1.14,888.10,35.00,0.79
3000,-0.29,1361.36,35.00,-28.03
4000,1.62,1783.06,36.33,-5.28
5000,-3.19,2247.84,36.33,-25.62
6000,0.91,2700.06,36.33,-33.39
7000,0.54,3120.78,36.33,-9.66
8000,-0.73,3646.62,37.00,-91.07
9000,0.27,4174.18,37.00,-174.18
10000,-1.27,4545.63,37.00,-101.19
