episode,epReward,cumReward,cumRegret,empRegret
10,-0.87,35.56,0.00,8.16
20,3.95,73.04,2.99,14.38
30,1.49,102.52,2.99,28.62
40,4.48,144.08,2.99,30.78
50,5.26,179.38,10.61,39.19
60,6.71,220.67,10.61,41.61
70,0.88,253.54,10.61,52.45
80,5.49,295.79,10.61,53.92
90,2.74,339.52,10.61,53.89
100,3.65,373.57,10.61,63.56
200,4.73,817.47,10.61,56.79
300,3.05,1235.63,10.61,75.76
400,3.32,1654.85,10.61,93.67
500,3.46,2082.63,10.61,103.02
600,4.80,2540.99,10.61,81.79
700,5.37,2982.99,10.61,76.93
800,4.20,3430.85,10.61,66.20
900,3.07,3883.18,10.61,51.00
1000,4.10,4346.64,10.61,24.67
2000,7.76,8750.69,10.61,-8.07
3000,4.00,13081.16,15.25,32.76
4000,7.36,17373.83,19.88,111.40
5000,4.61,21772.28,23.78,84.25
6000,6.48,26159.33,28.73,68.52
7000,4.19,30593.63,28.73,5.52
8000,4.40,34969.56,28.73,0.90
9000,5.57,39341.30,28.73,0.47
10000,1.64,43761.77,28.73,-48.69
