episode,epReward,cumReward,cumRegret,empRegret
10,0.00,5.16,3.56,-0.71
20,0.95,7.30,5.00,1.59
30,0.30,11.26,5.89,2.07
40,0.00,13.94,6.78,3.83
50,-0.29,22.53,8.67,-0.31
60,-1.56,25.53,10.11,1.13
70,0.75,32.86,11.22,-1.75
80,2.49,41.00,11.89,-5.45
90,0.82,48.42,11.89,-8.42
100,1.59,53.24,11.89,-8.80
200,0.24,112.96,11.89,-24.07
300,1.77,154.23,12.89,-20.89
400,-0.43,201.94,13.89,-24.16
500,-0.47,251.60,15.56,-29.38
600,0.46,308.40,18.56,-41.74
700,0.08,357.29,18.56,-46.18
800,-0.48,398.24,18.56,-42.68
900,-0.77,433.76,19.89,-33.76
1000,1.87,480.94,19.89,-36.50
2000,0.57,921.38,21.89,-32.49
3000,0.55,1378.78,22.56,-45.44
4000,-0.81,1821.23,22.56,-43.45
5000,0.10,2184.56,23.22,37.66
6000,-1.33,2626.43,23.22,40.23
7000,0.60,3057.64,23.89,53.47
8000,0.84,3493.38,24.56,62.18
9000,-0.72,3945.05,24.56,54.95
10000,2.14,4410.87,24.56,33.57
