episode,epReward,cumReward,cumRegret,empRegret
10,-0.14,13.47,4.89,4.33
20,2.08,30.95,10.77,4.65
30,1.62,38.81,13.64,14.58
40,3.26,64.68,13.64,6.52
50,1.97,88.83,13.64,0.17
60,2.18,102.09,14.97,4.70
70,0.74,112.97,14.97,11.62
80,1.23,133.43,14.97,8.97
90,4.27,148.46,15.20,11.73
100,0.34,162.15,16.76,15.84
200,2.82,330.44,19.48,25.54
300,5.56,528.42,19.48,5.55
400,3.28,741.00,19.48,-29.04
500,1.37,880.89,19.48,9.06
600,2.52,1049.16,19.48,18.78
700,2.87,1228.08,19.48,17.85
800,0.47,1390.26,19.48,33.66
900,1.91,1600.84,20.81,1.07
1000,1.91,1802.28,20.81,-22.39
2000,-0.14,3634.02,22.20,-74.22
3000,2.25,5397.38,24.86,-57.68
4000,2.36,7150.05,24.86,-30.45
5000,3.48,9008.37,24.86,-108.88
6000,-0.94,10819.88,24.86,-140.48
7000,2.07,12524.84,24.86,-65.55
8000,3.54,14317.45,26.20,-78.26
9000,0.90,16032.26,28.86,-13.17
10000,3.90,17774.80,28.86,24.19
