episode,epReward,cumReward,cumRegret,empRegret
10,1.88,4.14,1.56,0.30
20,-0.49,12.40,4.11,-3.51
30,-0.75,11.23,4.56,2.10
40,-1.51,20.76,7.22,-2.98
50,0.28,21.75,9.00,0.47
60,0.67,30.58,10.78,-3.91
70,0.00,32.12,13.56,-1.01
80,-1.05,34.55,14.89,1.00
90,-0.03,37.33,15.78,2.67
100,0.08,36.48,16.44,7.97
200,0.35,91.50,18.44,-2.61
300,2.46,133.06,19.44,0.28
400,-0.01,153.47,19.44,24.31
500,-0.64,212.33,20.11,9.89
600,-0.24,244.85,20.11,21.81
700,1.98,303.30,20.11,7.81
800,1.17,349.11,22.11,6.44
900,0.84,413.22,23.78,-13.22
1000,0.55,484.04,23.78,-39.60
2000,-2.16,967.35,23.78,-78.46
3000,1.12,1441.74,23.78,-108.41
4000,0.21,1868.15,24.78,-90.38
5000,0.55,2332.32,24.78,-110.10
6000,-1.53,2799.03,24.78,-132.36
7000,0.59,3203.49,26.44,-92.38
8000,-0.85,3604.67,26.44,-49.11
9000,0.61,4023.98,26.44,-23.98
10000,1.79,4448.01,27.44,-3.57
