episode,epReward,cumReward,cumRegret,empRegret
10,2.42,18.39,8.56,7.94
20,3.57,47.76,8.56,4.89
30,1.68,86.36,8.56,-7.38
40,1.75,113.54,9.38,-8.23
50,3.72,136.60,9.38,-4.96
60,4.44,157.90,9.38,0.06
70,1.31,178.18,10.44,6.11
80,3.15,210.96,10.44,-0.35
90,3.95,235.10,10.44,1.84
100,0.53,263.40,10.44,-0.13
200,3.45,520.15,13.29,6.38
300,0.73,814.46,14.15,-24.66
400,4.16,1104.57,16.62,-51.49
500,2.12,1350.81,16.62,-34.47
600,1.34,1639.26,16.62,-59.65
700,5.58,1907.61,16.62,-64.72
800,3.20,2173.13,16.62,-66.98
900,1.35,2430.94,16.62,-61.51
1000,0.34,2667.32,16.62,-34.62
2000,2.58,5217.20,19.27,48.19
3000,0.72,7794.22,19.27,103.87
4000,4.70,10335.09,20.26,195.69
5000,4.18,12910.15,20.26,253.33
6000,4.88,15543.09,20.26,253.08
7000,-1.24,18086.51,21.25,342.36
8000,6.10,20683.15,21.25,378.42
9000,4.71,23328.46,21.25,365.80
10000,3.79,25957.00,21.25,369.96
