episode,epReward,cumReward,cumRegret,empRegret
10,-1.09,-0.26,4.22,4.70
20,0.00,2.03,8.00,6.86
30,0.00,4.62,9.00,8.71
40,0.00,5.14,9.67,12.64
50,2.26,9.56,10.67,12.66
60,0.00,11.97,11.33,14.69
70,0.00,15.47,11.33,15.64
80,0.94,15.71,12.33,19.85
90,0.00,24.54,12.33,15.46
100,0.00,33.54,12.33,10.91
200,0.00,70.70,15.33,18.19
300,0.00,111.31,16.33,22.03
400,0.00,152.63,18.33,25.15
500,1.31,180.32,18.33,41.91
600,0.00,222.53,18.33,44.13
700,0.27,262.57,19.00,48.55
800,0.00,311.64,19.00,43.91
900,0.00,349.68,19.00,50.32
1000,0.00,390.37,19.00,54.08
2000,0.00,828.17,19.67,60.72
3000,0.00,1246.42,19.67,86.91
4000,0.00,1664.56,19.67,113.22
5000,0.00,2098.42,19.67,123.80
6000,0.51,2561.63,19.67,105.03
7000,0.13,2937.15,19.67,173.96
8000,1.73,3332.22,19.67,223.33
9000,2.70,3758.04,19.67,241.96
10000,0.00,4247.68,19.67,196.77
