episode,epReward,cumReward,cumRegret,empRegret
10,0.00,0.76,4.33,3.68
20,-0.34,0.57,9.33,8.32
30,-0.27,0.52,11.22,12.82
40,-2.32,-1.12,15.78,18.90
50,-0.72,-4.21,19.89,26.43
60,2.20,-2.81,23.89,29.48
70,0.45,2.62,27.00,28.49
80,-2.52,-0.84,29.67,36.39
90,0.00,3.50,33.78,36.50
100,1.28,7.07,38.22,37.38
200,0.96,17.74,80.11,71.15
300,-0.85,1.49,125.00,131.85
400,-0.53,6.80,169.44,170.97
500,1.03,-4.90,213.89,227.13
600,1.83,2.19,258.33,264.47
700,0.12,-13.06,302.78,324.18
800,3.55,-6.28,347.22,361.83
900,0.63,-10.03,391.67,410.03
1000,0.77,7.76,436.11,436.68
2000,0.82,-12.07,880.56,900.96
3000,-0.18,-8.99,1325.00,1342.32
4000,0.92,-4.60,1769.44,1782.37
5000,-0.04,15.56,2213.89,2206.66
6000,1.94,6.30,2658.33,2660.37
7000,0.23,-40.63,3102.78,3151.74
8000,-1.51,-63.37,3547.22,3618.93
9000,0.41,-138.13,3991.67,4138.13
10000,1.42,-77.28,4436.11,4521.73
