episode,epReward,cumReward,cumRegret,empRegret
10,2.69,28.07,14.25,19.29
20,6.23,66.41,14.38,28.30
30,5.70,113.18,14.38,28.89
40,4.23,161.33,14.50,28.09
50,6.74,214.79,14.56,21.99
60,4.99,259.04,14.56,25.09
70,5.24,302.39,14.56,29.09
80,6.42,350.08,14.68,28.77
90,4.25,397.42,14.68,28.78
100,6.23,446.73,14.68,26.83
200,5.27,944.53,17.69,2.58
300,3.61,1427.18,17.88,-6.51
400,3.68,1921.61,20.46,-27.40
500,3.03,2364.76,20.52,3.01
600,4.40,2827.89,22.99,13.44
700,3.29,3281.98,23.05,32.91
800,6.26,3784.33,23.11,4.11
900,2.49,4231.25,25.76,30.74
1000,6.29,4688.39,25.76,47.16
2000,3.06,9478.16,25.82,-7.08
3000,5.06,14212.48,26.01,-5.85
4000,9.10,18874.43,26.13,67.75
5000,4.98,23582.22,26.13,95.50
6000,4.36,28374.93,26.31,38.33
7000,6.34,33126.75,31.30,22.06
8000,4.76,37836.27,33.85,48.08
9000,4.06,42578.45,33.97,41.45
10000,1.00,47324.31,34.09,31.14
