episode,epReward,cumReward,cumRegret,empRegret
10,-2.65,-3.25,5.22,7.70
20,-0.42,-2.17,9.00,11.06
30,0.74,-1.38,12.78,14.72
40,-1.05,-5.39,16.22,23.17
50,-2.82,-8.51,21.22,30.73
60,2.01,-9.21,25.00,35.87
70,-0.45,-4.30,27.44,35.41
80,1.36,-7.87,29.22,43.42
90,-0.25,-4.20,31.00,44.20
100,-0.79,-3.06,32.11,47.51
200,-1.85,32.06,33.89,56.83
300,0.69,74.70,34.89,58.63
400,0.19,117.69,35.89,60.09
500,-0.40,145.13,36.89,77.09
600,-0.31,188.74,36.89,77.93
700,1.51,238.28,37.89,72.83
800,-0.10,301.63,37.89,53.93
900,0.19,344.24,37.89,55.76
1000,1.95,383.57,37.89,60.88
2000,-2.00,851.26,40.56,37.63
3000,0.29,1360.53,41.22,-27.20
4000,1.37,1838.70,41.22,-60.92
5000,-0.08,2250.11,41.22,-27.88
6000,0.35,2684.02,41.22,-17.35
7000,2.07,3178.96,41.22,-67.84
8000,0.52,3637.29,41.22,-81.73
9000,-0.91,4122.95,41.22,-122.95
10000,1.01,4622.35,41.89,-177.91
