episode,epReward,cumReward,cumRegret,empRegret
10,2.82,37.81,5.40,19.37
20,10.09,101.11,5.40,13.24
30,6.46,165.64,5.40,5.87
40,2.86,211.54,8.18,17.15
50,6.28,269.93,8.18,15.93
60,2.68,324.47,13.10,18.56
70,2.58,376.31,16.46,23.89
80,4.83,424.89,16.46,32.49
90,5.35,464.92,19.25,49.63
100,5.98,531.79,19.25,39.92
200,6.52,1117.69,19.25,25.75
300,8.46,1709.72,19.25,5.44
400,7.85,2284.47,24.40,2.40
500,6.06,2859.45,24.40,-0.86
600,8.26,3447.58,24.40,-17.27
700,4.05,4016.02,24.40,-14.00
800,6.45,4590.44,24.40,-16.71
900,4.72,5192.60,24.40,-47.15
1000,4.16,5765.30,24.40,-48.13
2000,3.98,11421.85,27.19,12.49
3000,5.74,17191.02,36.59,-39.50
4000,7.91,22820.93,42.17,47.76
5000,6.06,28523.28,58.89,62.57
6000,8.42,34189.80,62.16,113.22
7000,6.07,39933.20,64.95,86.99
8000,6.57,45662.79,67.73,74.58
9000,7.50,51425.47,71.00,29.06
10000,6.65,57236.25,71.00,-64.55
