episode,epReward,cumReward,cumRegret,empRegret
10,0.70,1.99,4.11,2.46
20,-0.12,7.38,7.89,1.51
30,-1.04,11.83,9.67,1.50
40,0.59,19.42,10.78,-1.65
50,-0.57,23.97,11.22,-1.75
60,-0.14,18.06,12.56,8.60
70,-2.46,16.58,13.00,14.53
80,-0.83,17.05,13.44,18.50
90,0.00,22.19,13.89,17.81
100,1.19,31.86,13.89,12.58
200,0.20,72.62,14.33,16.27
300,-1.11,121.30,15.00,12.03
400,-0.32,186.92,16.00,-9.14
500,1.06,234.91,16.67,-12.69
600,1.01,279.13,17.33,-12.46
700,-0.73,347.63,18.00,-36.52
800,-0.45,377.70,18.00,-22.14
900,0.41,446.48,18.00,-46.48
1000,0.05,485.61,18.00,-41.17
2000,0.39,945.77,18.67,-56.88
3000,-0.73,1423.71,18.67,-90.38
4000,0.54,1867.60,18.67,-89.82
5000,0.62,2302.78,19.33,-80.56
6000,0.12,2769.80,19.33,-103.13
7000,-0.07,3232.61,19.33,-121.50
8000,0.20,3715.21,20.00,-159.65
9000,1.89,4102.40,21.67,-102.40
10000,0.41,4601.94,22.67,-157.49
