episode,epReward,cumReward,cumRegret,empRegret
10,2.09,-4.86,7.58,9.56
20,-0.05,-5.04,11.19,14.45
30,2.85,6.86,12.19,7.25
40,-1.66,8.31,13.03,10.51
50,3.35,11.03,13.37,12.49
60,-1.27,10.10,13.62,18.13
70,-1.45,2.62,14.21,30.31
80,3.14,8.40,16.15,29.23
90,1.18,19.33,16.28,23.01
100,0.04,14.46,16.68,32.58
200,0.92,40.06,20.92,54.02
300,-1.94,83.44,23.13,57.68
400,0.84,118.87,25.24,69.29
500,-0.43,180.27,27.72,54.94
600,-0.12,218.37,29.77,63.87
700,2.71,244.76,31.94,84.53
800,-0.43,249.22,34.30,127.11
900,0.89,297.94,38.05,125.43
1000,-2.05,341.13,41.67,129.28
2000,-0.37,744.88,68.25,195.94
3000,-3.31,1188.60,90.69,222.62
4000,-0.68,1606.74,112.88,274.89
5000,0.58,2088.64,135.87,263.41
6000,2.18,2536.64,156.93,285.81
7000,3.61,2980.79,178.23,312.06
8000,1.96,3526.94,199.16,236.33
9000,2.24,4104.24,218.41,129.44
10000,-0.35,4649.40,239.03,54.68
