episode,epReward,cumReward,cumRegret,empRegret
10,1.87,10.14,7.56,13.91
20,5.36,38.13,12.47,9.96
30,-0.02,46.90,19.93,25.24
40,-0.19,58.16,21.77,38.03
50,5.21,83.79,23.82,36.45
60,3.51,108.53,25.88,35.75
70,2.19,124.90,27.93,43.43
80,5.16,147.48,35.53,44.90
90,-1.54,164.18,37.58,52.24
100,1.52,178.04,39.64,62.43
200,0.28,381.47,65.55,99.48
300,-1.89,596.93,91.62,124.49
400,0.62,845.82,112.34,116.08
500,0.64,1052.01,164.46,150.36
600,4.08,1228.40,190.64,214.45
700,5.43,1430.39,211.16,252.93
800,0.72,1659.95,231.67,263.84
900,2.81,1885.98,252.18,278.29
1000,2.46,2089.10,272.70,315.65
2000,2.18,4339.25,480.81,470.23
3000,3.93,6576.07,704.56,638.16
4000,3.36,8831.83,912.88,787.14
5000,0.53,10941.81,1118.02,1081.90
6000,3.02,13143.89,1323.35,1284.56
7000,1.29,15348.51,1528.48,1484.68
8000,3.45,17551.01,1733.62,1686.92
9000,1.52,19855.55,1938.75,1787.12
10000,5.10,22082.75,2143.88,1964.66
