episode,epReward,cumReward,cumRegret,empRegret
10,1.12,13.75,3.21,10.94
20,3.46,38.14,4.83,11.25
30,-0.94,50.44,8.61,23.64
40,0.13,70.70,14.43,28.08
50,2.07,94.71,22.54,28.77
60,2.06,111.93,30.03,36.24
70,0.50,122.44,35.95,50.43
80,4.31,147.47,44.45,50.10
90,-0.67,169.11,49.76,53.15
100,1.18,187.96,59.34,58.99
200,0.79,386.61,118.31,107.31
300,-0.92,589.45,173.76,151.43
400,3.89,767.54,227.42,220.30
500,2.35,970.35,280.48,264.45
600,2.13,1128.63,334.08,353.12
700,1.82,1331.68,389.86,397.04
800,4.06,1483.05,442.91,492.62
900,1.59,1659.86,499.15,562.77
1000,0.38,1838.00,553.29,631.59
2000,2.60,3685.91,1086.08,1253.26
3000,1.43,5447.18,1620.54,1961.58
4000,1.37,7311.76,2153.93,2566.59
5000,1.62,9246.16,2687.17,3101.77
6000,4.47,11074.45,3219.79,3743.07
7000,1.93,13064.86,3750.31,4222.25
8000,3.98,15041.82,4281.91,4714.87
9000,2.96,17017.61,4814.06,5208.68
10000,4.21,18934.73,5346.83,5761.15
