episode,epReward,cumReward,cumRegret,empRegret
10,0.00,2.61,2.67,1.83
20,0.51,4.97,8.22,3.92
30,-0.55,10.73,11.78,2.61
40,-0.52,10.45,13.11,7.32
50,0.04,16.16,15.44,6.06
60,-1.40,15.10,17.89,11.57
70,-0.43,25.97,18.33,5.14
80,-0.74,29.58,18.33,5.98
90,-0.16,31.21,18.33,8.79
100,0.06,41.64,19.44,2.80
200,-1.27,82.76,22.78,6.13
300,2.34,132.99,22.78,0.35
400,0.83,158.08,23.78,19.70
500,0.66,192.68,23.78,29.54
600,1.28,243.95,23.78,22.72
700,2.09,279.61,23.78,31.50
800,1.77,322.29,24.78,33.27
900,0.86,362.65,24.78,37.35
1000,0.55,401.88,24.78,42.56
2000,-0.64,823.34,24.78,65.55
3000,2.90,1260.45,25.44,72.88
4000,-0.06,1732.79,26.44,44.99
5000,1.19,2135.25,26.44,86.97
6000,0.14,2527.91,29.11,138.75
7000,1.06,2935.10,30.11,176.01
8000,1.44,3413.72,30.11,141.84
9000,0.99,3846.03,30.78,153.97
10000,2.06,4251.86,30.78,192.58
