episode,epReward,cumReward,cumRegret,empRegret
10,4.83,12.68,9.05,12.72
20,4.08,38.15,13.88,12.64
30,0.85,67.24,17.43,8.94
40,0.65,92.66,21.84,8.93
50,1.59,121.24,25.94,5.73
60,4.90,141.28,29.69,11.09
70,2.65,169.93,33.62,7.84
80,-0.29,182.73,37.71,20.43
90,-0.15,203.37,42.31,25.18
100,-0.97,223.45,46.57,30.50
200,1.19,430.11,102.89,77.80
300,3.42,634.34,165.55,127.52
400,2.48,809.65,227.84,206.16
500,3.27,1004.50,292.90,265.26
600,-0.72,1179.18,355.90,344.53
700,5.17,1391.45,416.18,386.22
800,2.55,1576.53,478.86,455.09
900,1.64,1801.38,541.89,484.19
1000,0.95,2001.70,604.23,537.82
2000,1.25,3937.21,1224.41,1141.84
3000,-0.09,5769.89,1844.02,1848.69
4000,-2.28,7671.98,2464.30,2486.12
5000,-0.27,9620.74,3088.02,3076.89
6000,3.87,11550.69,3706.95,3686.46
7000,1.67,13545.96,4319.35,4230.72
8000,1.26,15443.01,4928.30,4873.20
9000,1.69,17456.08,5541.40,5399.65
10000,1.92,19364.84,6155.86,6030.41
