episode,epReward,cumReward,cumRegret,empRegret
10,-4.06,1.06,2.63,13.33
20,3.36,13.01,4.94,15.76
30,3.98,30.52,6.30,12.63
40,1.59,46.40,7.65,11.13
50,0.63,58.53,11.75,13.38
60,3.09,69.16,15.84,17.14
70,1.44,87.66,17.19,13.02
80,1.41,104.46,18.54,10.61
90,3.48,124.66,19.89,4.79
100,3.10,129.38,22.42,14.46
200,1.88,224.82,38.90,62.85
300,3.31,370.59,58.41,60.92
400,1.41,515.83,72.90,59.51
500,-2.82,642.13,86.93,77.05
600,1.53,812.84,103.31,50.17
700,0.11,961.86,117.27,44.98
800,2.64,1111.86,130.76,38.82
900,-0.74,1248.23,144.24,46.29
1000,0.84,1358.50,157.73,79.86
2000,1.10,2650.41,292.61,226.30
3000,2.64,3848.20,427.48,466.87
4000,3.64,5179.05,562.36,574.38
5000,0.75,6512.18,697.24,679.60
6000,4.29,7809.07,832.64,821.07
7000,-0.63,9099.71,967.52,968.78
8000,0.44,10377.25,1102.40,1129.60
9000,3.38,11691.81,1237.27,1253.39
10000,3.72,12966.75,1372.15,1416.80
