episode,epReward,cumReward,cumRegret,empRegret
10,2.78,0.95,11.12,1.17
20,-1.88,0.56,12.71,3.68
30,-1.24,-0.30,13.99,6.65
40,1.87,5.90,17.93,2.58
50,-0.66,7.88,19.89,2.71
60,-0.91,2.70,23.22,10.01
70,0.34,7.83,24.79,7.00
80,0.58,10.76,26.74,6.19
90,0.53,9.84,28.02,9.22
100,5.22,25.24,30.20,-4.06
200,2.11,27.31,45.50,15.05
300,0.30,18.81,73.52,44.74
400,-0.82,28.09,88.60,56.64
500,-0.58,40.87,108.12,65.04
600,0.55,62.63,123.10,64.46
700,0.47,96.48,137.80,51.80
800,1.06,93.67,149.97,75.79
900,0.80,113.76,160.65,76.88
1000,0.97,125.72,174.29,86.10
2000,-2.72,133.69,334.28,289.96
3000,0.00,186.33,483.18,449.14
4000,-1.54,271.58,629.14,575.72
5000,-0.51,293.40,795.47,765.72
6000,0.13,328.92,952.90,942.02
7000,-0.72,400.03,1107.18,1082.74
8000,0.13,327.03,1249.03,1367.56
9000,0.59,403.99,1408.43,1502.42
10000,0.50,412.50,1563.80,1705.74
