episode,epReward,cumReward,cumRegret,empRegret
10,0.45,0.50,17.41,18.64
20,3.00,21.93,17.41,16.34
30,-0.00,35.83,17.41,21.57
40,4.89,47.62,17.41,28.91
50,0.91,57.66,20.71,38.01
60,0.81,75.89,20.71,38.91
70,-1.04,94.28,20.71,39.65
80,2.68,108.37,20.71,44.69
90,-0.49,127.00,20.71,45.20
100,5.34,154.32,20.71,37.02
200,0.96,335.32,20.71,47.35
300,1.50,498.25,20.71,75.74
400,4.52,700.55,24.79,64.77
500,0.25,891.07,24.79,65.60
600,2.33,1073.41,44.93,74.58
700,4.36,1258.95,58.89,80.38
800,3.90,1473.89,61.26,56.77
900,2.65,1656.16,62.44,65.83
1000,1.27,1873.54,62.44,39.78
2000,-2.16,3757.93,62.44,68.71
3000,1.68,5736.41,62.44,3.56
4000,1.72,7672.50,62.44,-19.21
5000,0.97,9509.60,64.81,57.01
6000,0.95,11478.74,64.81,1.20
7000,4.69,13518.28,68.11,-125.03
8000,4.04,15367.39,71.40,-60.81
9000,4.14,17247.20,71.40,-27.30
10000,1.97,19229.77,71.40,-96.55
