episode,epReward,cumReward,cumRegret,empRegret
10,-0.54,0.95,2.22,3.50
20,1.77,4.55,5.11,4.34
30,0.00,6.67,6.44,6.67
40,0.00,14.19,6.44,3.59
50,0.00,19.85,6.44,2.37
60,3.01,27.07,6.44,-0.41
70,-0.86,28.56,6.44,2.55
80,1.05,32.71,7.11,2.84
90,0.00,35.83,7.11,4.17
100,1.09,41.56,9.78,2.88
200,0.31,83.24,11.78,5.65
300,0.00,124.19,12.78,9.14
400,0.00,181.79,12.78,-4.01
500,0.00,216.76,12.78,5.46
600,0.58,264.44,12.78,2.23
700,0.00,294.66,12.78,16.45
800,0.00,330.62,12.78,24.94
900,0.00,366.17,12.78,33.83
1000,0.22,418.65,12.78,25.80
2000,0.00,808.50,14.44,80.39
3000,0.99,1245.45,14.44,87.88
4000,0.00,1673.38,14.44,104.40
5000,0.00,2109.01,15.89,113.21
6000,0.00,2552.39,15.89,114.27
7000,0.00,3005.33,15.89,105.78
8000,0.00,3456.13,15.89,99.43
9000,0.00,3928.21,18.22,71.79
10000,0.00,4364.70,18.22,79.75
