episode,epReward,cumReward,cumRegret,empRegret
10,3.32,12.15,15.64,12.89
20,1.70,28.43,16.97,21.64
30,4.11,62.43,18.45,12.67
40,2.28,88.70,19.78,11.43
50,2.87,111.87,22.44,13.30
60,0.96,134.41,22.44,15.79
70,-0.13,158.13,22.44,17.11
80,0.59,185.02,22.44,15.25
90,0.88,203.42,22.44,21.88
100,2.12,224.16,25.10,26.18
200,-1.40,441.19,29.88,59.49
300,3.57,664.56,36.13,86.45
400,2.82,935.46,36.13,65.89
500,0.38,1187.95,36.13,63.73
600,1.95,1424.01,36.13,78.01
700,2.41,1676.11,37.46,76.25
800,3.93,1890.48,38.94,112.22
900,1.00,2142.56,41.60,110.48
1000,3.35,2446.44,43.71,56.93
2000,2.07,4946.54,50.11,60.20
3000,3.02,7422.23,51.44,87.88
4000,2.97,9868.75,53.56,144.74
5000,2.99,12436.61,53.56,80.25
6000,4.30,14964.30,53.56,55.92
7000,4.74,17411.56,57.55,112.04
8000,4.41,19944.68,60.21,82.29
9000,0.39,22359.54,63.80,170.80
10000,1.30,24841.46,66.76,192.25
