episode,epReward,cumReward,cumRegret,empRegret
10,3.30,4.36,2.44,0.09
20,0.03,4.72,6.44,4.17
30,-0.06,8.52,9.11,4.81
40,-0.34,14.75,12.22,3.03
50,-0.71,18.37,15.56,3.85
60,0.10,23.18,18.89,3.49
70,0.13,25.19,19.89,5.92
80,0.00,30.86,20.56,4.69
90,1.62,38.85,21.00,1.15
100,0.64,46.23,21.00,-1.79
200,0.09,91.79,21.67,-2.90
300,-1.26,151.07,24.11,-17.73
400,0.42,180.30,24.11,-2.52
500,1.62,219.77,24.78,2.45
600,0.87,271.24,24.78,-4.57
700,0.70,296.22,24.78,14.89
800,-2.48,362.04,25.44,-6.49
900,1.04,399.24,25.44,0.76
1000,-0.61,443.22,25.44,1.22
2000,0.04,901.83,27.11,-12.95
3000,0.91,1309.45,28.44,23.88
4000,0.10,1785.47,28.44,-7.69
5000,0.72,2229.62,28.44,-7.40
6000,1.70,2698.90,28.44,-32.23
7000,-1.91,3141.04,28.44,-29.93
8000,1.85,3634.08,29.11,-78.52
9000,1.84,4082.96,29.11,-82.96
10000,1.48,4535.77,29.11,-91.32
