episode,epReward,cumReward,cumRegret,empRegret
10,1.95,2.34,2.00,2.10
20,1.54,5.44,3.89,3.45
30,0.00,7.08,5.56,6.26
40,0.00,7.20,6.22,10.58
50,1.30,13.86,7.22,8.36
60,0.00,20.62,8.22,6.04
70,0.00,23.00,8.89,8.11
80,0.00,24.45,9.89,11.10
90,1.35,27.01,10.89,12.99
100,0.78,34.86,10.89,9.58
200,0.00,76.59,11.89,12.30
300,1.77,123.91,12.89,9.42
400,0.47,171.20,13.56,6.58
500,0.00,218.52,16.89,3.70
600,0.00,271.55,17.33,-4.88
700,0.01,316.54,18.33,-5.43
800,0.00,355.10,18.33,0.46
900,3.09,386.46,19.33,13.54
1000,0.00,446.52,19.33,-2.08
2000,0.82,849.44,19.78,39.45
3000,0.00,1287.61,20.44,45.72
4000,0.00,1663.03,21.78,114.75
5000,0.00,2068.63,21.78,153.59
6000,0.19,2537.26,22.44,129.40
7000,0.00,2960.46,22.44,150.65
8000,0.00,3412.60,23.11,142.96
9000,0.00,3844.16,23.11,155.84
10000,0.00,4330.26,23.11,114.18
