episode,epReward,cumReward,cumRegret,empRegret
10,-1.45,-2.75,2.67,7.19
20,0.00,-2.57,4.67,11.46
30,0.00,-2.86,8.00,16.20
40,0.00,-2.84,11.67,20.62
50,0.00,6.30,12.33,15.93
60,0.00,9.01,13.00,17.66
70,-0.04,12.98,13.00,18.13
80,0.00,14.09,13.00,21.46
90,0.00,14.99,13.00,25.01
100,0.00,19.34,13.67,25.11
200,0.00,61.63,14.33,27.26
300,0.00,120.20,14.33,13.13
400,1.02,165.44,14.33,12.34
500,0.90,208.53,14.33,13.70
600,0.00,267.87,15.33,-1.21
700,-0.34,314.38,15.33,-3.27
800,0.85,359.68,15.33,-4.12
900,-0.57,396.70,15.33,3.30
1000,0.73,445.94,15.33,-1.50
2000,0.00,858.37,15.78,30.52
3000,0.00,1342.76,17.22,-9.43
4000,1.04,1771.35,17.22,6.43
5000,-0.36,2196.73,17.22,25.49
6000,0.76,2695.14,18.22,-28.48
7000,0.66,3136.93,18.22,-25.82
8000,0.00,3540.94,18.22,14.62
9000,0.00,4039.62,18.22,-39.62
10000,2.46,4512.42,18.22,-67.98
