episode,epReward,cumReward,cumRegret,empRegret
10,-2.01,1.95,3.89,2.49
20,0.60,3.80,8.56,5.09
30,0.79,1.16,12.33,12.18
40,-0.37,6.53,16.78,11.24
50,-0.32,14.12,20.78,8.10
60,0.82,21.37,25.22,5.29
70,6.07,31.82,27.89,-0.70
80,-0.93,27.58,32.11,7.98
90,-1.40,20.82,34.78,19.18
100,1.43,12.27,38.33,32.18
200,-1.94,23.34,74.78,65.55
300,-2.63,33.76,117.67,99.57
400,0.98,26.26,162.11,151.52
500,-1.55,3.37,206.56,218.85
600,2.30,-2.74,251.00,269.40
700,-2.65,23.35,295.00,287.76
800,-2.64,36.13,339.44,319.42
900,1.02,24.06,383.44,375.94
1000,-2.81,26.10,427.89,418.34
2000,0.47,-24.39,871.00,913.28
3000,-2.37,-95.74,1315.00,1429.07
4000,0.47,-151.44,1758.67,1929.22
5000,-1.74,-34.90,2203.67,2257.12
6000,-1.77,-71.59,2647.67,2738.26
7000,-0.03,-159.18,3092.22,3270.29
8000,-2.17,-152.46,3537.22,3708.02
9000,-0.76,-115.08,3981.67,4115.08
10000,-1.43,-49.53,4426.11,4493.97
