episode,epReward,cumReward,cumRegret,empRegret
10,0.82,16.68,5.89,-1.35
20,3.42,38.60,6.15,-7.95
30,-1.06,55.36,6.41,-9.39
40,3.16,72.41,7.50,-11.11
50,-0.08,87.08,8.28,-10.45
60,0.52,96.82,8.28,-4.87
70,1.59,110.46,8.28,-3.19
80,-0.18,126.83,8.28,-4.23
90,3.95,144.67,8.28,-6.74
100,2.21,160.46,8.28,-7.21
200,-3.21,286.79,8.28,19.71
300,1.39,425.74,9.11,34.01
400,-0.27,593.16,9.11,19.84
500,-1.78,751.73,9.11,14.51
600,2.72,900.72,9.11,18.78
700,1.38,1049.00,9.11,23.75
800,-1.51,1160.97,9.11,65.03
900,2.70,1285.55,9.11,93.69
1000,-1.53,1444.01,9.11,88.49
2000,0.67,3029.56,11.59,35.43
3000,1.87,4483.61,16.16,113.88
4000,-2.31,6022.22,16.16,107.77
5000,-0.08,7529.16,16.98,133.32
6000,-0.73,9056.11,17.81,138.86
7000,0.22,10564.93,18.63,162.55
8000,0.42,12128.63,18.63,131.34
9000,3.10,13691.83,18.63,100.63
10000,-0.92,15157.07,18.63,167.89
