episode,epReward,cumReward,cumRegret,empRegret
10,0.79,-2.36,3.22,6.81
20,0.00,-1.05,6.00,9.94
30,0.00,1.52,7.89,11.81
40,0.00,4.24,8.56,13.54
50,0.93,5.40,10.56,16.82
60,0.00,7.87,10.56,18.80
70,0.00,13.31,10.56,17.80
80,0.20,11.84,10.56,23.72
90,1.50,20.98,11.22,19.02
100,0.00,23.54,11.22,20.91
200,0.23,62.94,12.22,25.95
300,-0.01,106.43,12.22,26.91
400,0.00,139.65,13.22,38.13
500,2.33,187.21,16.22,35.01
600,0.00,234.19,17.22,32.48
700,0.00,270.36,17.22,40.75
800,0.00,313.24,17.22,42.31
900,0.00,359.28,18.22,40.72
1000,0.82,395.85,18.22,48.59
2000,0.00,840.82,18.89,48.06
3000,0.00,1246.17,20.22,87.16
4000,0.00,1652.69,20.22,125.09
5000,0.65,2124.86,20.22,97.36
6000,0.00,2590.11,21.33,76.55
7000,0.00,3017.42,21.33,93.69
8000,0.00,3456.70,21.33,98.86
9000,0.00,3899.31,21.33,100.69
10000,-1.17,4364.87,21.33,79.57
