episode,epReward,cumReward,cumRegret,empRegret
10,-0.85,-2.71,7.00,6.04
20,-2.91,-7.60,10.12,14.27
30,0.42,-7.17,10.12,17.17
40,4.70,-3.16,10.72,16.50
50,1.29,-5.14,11.62,21.80
60,0.12,-12.43,12.36,32.43
70,0.61,-19.74,13.41,43.08
80,0.16,-25.85,14.31,52.52
90,1.40,-18.92,15.65,48.93
100,2.52,-15.34,16.40,48.67
200,0.67,5.71,28.62,60.96
300,-0.54,47.22,37.90,52.79
400,3.45,83.30,48.81,50.04
500,-1.30,115.29,58.54,51.39
600,-1.58,141.68,67.51,58.33
700,-1.07,187.36,77.68,45.99
800,1.31,231.27,87.70,35.42
900,0.84,268.52,97.12,31.51
1000,2.03,297.40,106.84,35.96
2000,-2.33,581.40,211.65,85.33
3000,-2.59,917.88,313.05,82.21
4000,1.30,1104.58,411.60,228.88
5000,0.52,1266.05,512.36,400.77
6000,1.99,1458.55,614.37,541.64
7000,-3.22,1737.06,713.52,596.49
8000,0.80,1838.45,809.39,828.46
9000,-1.59,2018.27,906.00,982.00
10000,2.05,2317.43,1006.65,1016.21
