episode,epReward,cumReward,cumRegret,empRegret
10,0.00,1.07,3.89,3.37
20,0.97,5.40,6.78,3.49
30,-0.10,8.56,9.33,4.77
40,0.40,14.55,9.33,3.22
50,-1.15,13.68,9.33,8.55
60,-0.66,14.83,9.33,11.84
70,0.19,22.82,9.33,8.29
80,-2.19,21.87,9.33,13.69
90,1.58,26.90,9.33,13.10
100,1.29,32.36,9.33,12.09
200,-0.63,48.51,9.33,40.38
300,0.89,100.11,9.33,33.22
400,0.61,137.99,9.33,39.79
500,-1.61,159.89,10.67,62.33
600,-0.90,194.35,10.67,72.32
700,-0.49,227.86,10.67,83.25
800,1.76,270.30,11.33,85.25
900,0.75,318.99,11.33,81.01
1000,0.13,350.93,12.33,93.52
2000,0.41,840.99,14.00,47.90
3000,-0.54,1232.97,15.33,100.36
4000,1.14,1717.77,16.33,60.01
5000,0.06,2171.44,16.33,50.78
6000,-1.41,2622.31,16.33,44.36
7000,1.06,3053.89,16.33,57.22
8000,0.04,3429.68,16.33,125.88
9000,2.46,3822.04,16.33,177.96
10000,-1.38,4294.12,16.33,150.33
