episode,epReward,cumReward,cumRegret,empRegret
10,1.65,15.34,5.96,3.56
20,4.59,45.22,5.96,-7.43
30,3.32,61.71,5.96,-5.02
40,-0.26,75.42,5.96,0.16
50,4.17,96.48,7.02,-2.00
60,1.55,104.76,8.08,8.61
70,4.78,121.56,10.21,10.71
80,1.16,141.82,10.21,9.34
90,4.57,167.82,11.27,2.24
100,1.18,184.12,12.34,4.83
200,1.64,368.72,16.63,9.19
300,1.25,566.42,22.24,0.45
400,3.54,749.67,22.24,6.16
500,2.04,959.73,23.30,-14.95
600,0.69,1122.24,23.30,11.50
700,1.38,1316.21,24.36,6.47
800,-1.17,1483.16,29.72,28.49
900,3.26,1669.44,32.91,31.16
1000,1.09,1847.16,32.91,42.40
2000,2.94,3770.41,35.04,8.70
3000,2.80,5651.89,37.21,16.78
4000,0.62,7568.71,41.75,-10.49
5000,1.01,9401.75,41.75,46.02
6000,0.03,11158.12,44.98,179.21
7000,2.42,12999.09,44.98,227.79
8000,3.95,14915.56,46.04,200.88
9000,1.47,16833.79,46.04,172.21
10000,0.94,18729.66,46.04,165.90
