episode,epReward,cumReward,cumRegret,empRegret
10,3.42,32.29,6.70,5.12
20,5.82,70.74,6.70,4.08
30,4.24,112.61,6.70,-0.38
40,0.44,149.08,6.70,0.57
50,2.09,196.02,6.70,-8.95
60,5.67,237.59,6.70,-13.12
70,6.88,274.42,6.70,-12.53
80,2.41,311.06,6.70,-11.76
90,3.95,346.67,6.70,-9.96
100,3.09,380.50,6.70,-6.37
200,3.88,726.95,6.70,21.29
300,3.88,1098.75,6.70,23.62
400,3.26,1459.41,6.70,37.09
500,5.00,1827.90,6.70,42.72
600,5.22,2204.15,6.70,40.59
700,1.35,2561.86,6.70,57.00
800,4.86,2927.61,6.70,65.38
900,5.97,3307.02,6.70,60.08
1000,5.31,3663.98,6.70,77.25
2000,1.69,7471.58,6.70,10.89
3000,2.22,11199.25,6.70,24.44
4000,4.75,14874.72,6.70,90.21
5000,0.78,18621.08,6.70,85.08
6000,4.58,22411.23,6.70,36.16
7000,6.78,26144.15,6.70,44.47
8000,2.46,29955.83,6.70,-25.97
9000,4.73,33715.11,6.70,-44.02
10000,2.73,37454.33,6.70,-42.01
