episode,epReward,cumReward,cumRegret,empRegret
10,-2.63,-8.56,7.92,-3.16
20,-3.38,-22.81,10.40,-0.64
30,0.68,-38.56,15.36,3.38
40,-9.82,-57.89,27.51,10.99
50,1.50,-70.77,27.51,12.14
60,-1.29,-85.68,27.51,15.33
70,-2.06,-94.80,27.51,12.72
80,-1.44,-96.90,27.51,3.10
90,-0.19,-105.87,27.51,0.34
100,-5.00,-124.91,31.74,7.66
200,-2.96,-282.96,42.14,48.45
300,-0.56,-406.76,47.10,55.00
400,-1.15,-524.40,47.10,55.38
500,-4.97,-652.94,52.54,66.66
600,-0.70,-757.06,52.54,53.53
700,-1.97,-875.22,55.02,54.44
800,0.59,-994.79,60.46,56.75
900,-3.03,-1085.41,60.46,30.11
1000,-2.53,-1223.98,60.46,51.42
2000,-1.76,-2458.20,65.42,113.09
3000,-3.12,-3617.21,68.37,99.55
4000,-1.38,-4765.84,68.37,75.62
5000,0.45,-5944.32,68.37,81.55
6000,-2.28,-7146.66,68.37,111.33
7000,1.25,-8297.03,68.37,89.15
8000,-1.24,-9422.01,68.37,41.57
9000,1.03,-10609.71,68.37,56.72
10000,0.83,-11786.43,68.37,60.89
