episode,epReward,cumReward,cumRegret,empRegret
10,1.06,2.33,3.78,2.11
20,1.38,5.65,5.11,3.24
30,0.00,5.79,6.44,7.55
40,0.00,5.79,7.11,11.99
50,0.00,7.82,8.11,14.40
60,0.97,13.69,8.11,12.98
70,-0.64,16.35,8.11,14.76
80,2.87,19.60,8.78,15.95
90,0.02,25.05,9.44,14.95
100,0.60,28.15,9.44,16.29
200,0.00,66.46,11.11,22.43
300,0.00,112.05,13.11,21.29
400,0.00,168.89,13.11,8.89
500,0.00,205.34,13.11,16.88
600,1.50,245.38,14.11,21.29
700,-0.52,298.75,17.11,12.36
800,0.00,353.14,17.56,2.41
900,-0.08,393.28,18.56,6.72
1000,0.00,431.87,18.56,12.57
2000,-0.08,868.51,19.56,20.38
3000,0.00,1327.48,20.89,5.86
4000,0.00,1742.30,20.89,35.47
5000,0.00,2127.18,20.89,95.04
6000,0.00,2603.69,20.89,62.98
7000,0.00,3112.09,20.89,-0.98
8000,0.00,3559.27,20.89,-3.71
9000,-0.46,3992.20,20.89,7.80
10000,0.46,4455.88,20.89,-11.43
