episode,epReward,cumReward,cumRegret,empRegret
10,0.74,13.70,8.70,1.94
20,-0.59,15.59,17.95,15.68
30,1.72,21.45,26.64,25.45
40,1.62,30.24,37.53,32.30
50,-1.27,29.10,47.19,49.08
60,2.19,35.30,58.08,58.51
70,-2.01,30.48,66.78,78.96
80,1.92,42.99,77.51,82.08
90,-1.46,43.08,88.40,97.63
100,2.53,53.36,97.10,102.98
200,3.61,109.89,189.47,202.80
300,1.92,163.11,285.12,305.92
400,0.31,211.57,380.77,413.81
500,0.00,290.98,477.39,490.75
600,0.15,351.64,574.01,586.43
700,2.20,416.10,670.63,678.31
800,-0.47,485.03,766.28,765.73
900,1.49,553.93,861.94,853.18
1000,2.47,622.34,958.56,941.12
2000,0.37,1205.95,1919.84,1920.95
3000,-2.77,1841.17,2879.51,2849.18
4000,1.47,2428.88,3845.70,3824.92
5000,-0.01,2978.17,4811.90,4839.08
6000,3.36,3565.57,5778.09,5815.13
7000,2.39,4241.04,6744.28,6703.11
8000,-1.29,4796.72,7710.48,7710.89
9000,1.98,5297.02,8676.67,8774.04
10000,0.14,5893.82,9644.10,9740.69
