episode,epReward,cumReward,cumRegret,empRegret
10,-2.04,-24.29,8.19,8.63
20,-3.57,-46.08,12.72,14.76
30,-2.82,-69.31,18.78,22.33
40,-7.35,-100.35,26.82,37.70
50,-0.09,-120.06,29.86,41.75
60,0.72,-138.44,32.90,44.48
70,-1.05,-149.12,33.90,39.50
80,-3.21,-168.82,33.90,43.53
90,-0.56,-187.84,34.91,46.89
100,-3.24,-193.14,34.91,36.53
200,-2.20,-372.18,57.54,58.96
300,-0.99,-515.47,61.58,45.64
400,-2.59,-669.14,62.58,42.71
500,-2.72,-814.82,62.58,31.77
600,-0.09,-989.19,67.60,49.54
700,-1.13,-1132.56,69.63,36.29
800,-2.49,-1252.20,69.63,-0.68
900,-0.16,-1401.05,69.63,-8.43
1000,-1.56,-1550.20,71.64,-15.89
2000,-0.19,-3093.37,75.67,-38.82
3000,-3.04,-4544.48,80.22,-153.80
4000,1.88,-6130.85,81.22,-133.53
5000,-1.66,-7711.57,84.74,-118.90
6000,-4.06,-9287.98,85.75,-108.59
7000,-5.53,-10752.55,85.75,-210.11
8000,-2.78,-12336.33,85.75,-192.42
9000,-2.21,-13929.19,89.28,-165.65
10000,-0.42,-15407.66,89.28,-253.28
