episode,epReward,cumReward,cumRegret,empRegret
10,2.77,20.74,11.71,11.92
20,0.57,50.42,12.51,14.89
30,4.76,83.50,12.70,14.47
40,3.14,99.78,17.97,30.86
50,0.97,129.99,18.77,33.30
60,4.71,163.77,18.77,32.18
70,2.79,193.82,18.77,34.79
80,4.00,226.00,18.77,35.27
90,3.78,257.23,18.77,36.70
100,2.23,282.26,18.77,44.33
200,3.71,609.99,18.96,43.19
300,3.92,926.14,18.96,53.63
400,1.19,1211.31,18.96,95.05
500,2.11,1539.13,18.96,93.82
600,2.60,1873.58,18.96,85.96
700,4.63,2188.05,18.96,98.07
800,4.87,2518.38,18.96,94.34
900,2.42,2843.87,23.88,95.43
1000,2.54,3176.75,23.88,89.14
2000,2.32,6465.87,23.88,65.93
3000,1.90,9742.79,23.88,54.90
4000,4.25,13035.53,23.88,28.06
5000,3.19,16304.00,23.88,25.49
6000,1.53,19532.01,23.88,63.37
7000,3.54,22853.00,23.88,8.27
8000,2.50,26068.73,23.88,58.44
9000,4.07,29376.72,23.88,16.35
10000,4.35,32624.17,23.88,34.79
