episode,epReward,cumReward,cumRegret,empRegret
10,0.00,-1.15,4.00,5.59
20,0.00,-0.04,6.22,8.93
30,0.00,3.85,8.33,9.49
40,0.00,5.17,10.00,12.61
50,3.04,11.34,10.67,10.88
60,1.66,20.66,10.67,6.01
70,-0.46,28.41,10.67,2.70
80,1.32,30.44,10.67,5.11
90,0.00,32.67,10.67,7.33
100,0.00,35.40,10.67,9.05
200,1.21,75.69,15.67,13.20
300,0.00,122.20,17.67,11.14
400,-0.11,164.15,17.67,13.63
500,-0.50,203.39,17.67,18.83
600,0.00,248.89,17.67,17.78
700,0.77,284.89,18.67,26.22
800,0.00,329.91,18.67,25.64
900,0.00,393.45,19.33,6.55
1000,0.00,436.73,19.33,7.72
2000,2.58,840.93,20.00,47.96
3000,0.00,1264.63,20.67,68.71
4000,1.73,1683.10,20.67,94.68
5000,0.00,2185.03,20.67,37.19
6000,0.00,2610.65,21.33,56.02
7000,0.04,3043.91,21.33,67.20
8000,2.52,3447.34,21.33,108.21
9000,3.54,3887.49,21.33,112.51
10000,0.00,4327.24,21.33,117.20
