episode,epReward,cumReward,cumRegret,empRegret
10,0.00,-2.95,2.89,7.39
20,0.00,-3.12,8.33,12.01
30,0.33,-3.00,10.78,16.33
40,0.00,-1.95,14.11,19.72
50,0.00,0.23,15.78,21.99
60,0.00,4.19,17.11,22.48
70,0.23,7.59,17.11,23.52
80,0.00,9.34,17.11,26.22
90,0.23,12.32,17.11,27.68
100,0.00,15.63,17.11,28.81
200,0.00,45.31,18.11,43.58
300,0.00,91.89,19.11,41.45
400,0.00,122.80,21.11,54.98
500,0.00,163.71,21.11,58.51
600,0.00,204.58,21.11,62.09
700,0.00,250.76,21.11,60.35
800,0.00,296.24,23.11,59.31
900,0.02,337.95,23.11,62.05
1000,0.00,376.09,23.11,68.36
2000,2.07,828.59,23.11,60.30
3000,0.47,1267.13,23.11,66.20
4000,0.59,1714.13,23.11,63.65
5000,0.00,2170.09,23.11,52.13
6000,1.27,2638.07,23.11,28.59
7000,0.00,3094.85,23.56,16.26
8000,0.00,3526.08,23.56,29.47
9000,0.00,3901.01,23.56,98.99
10000,0.00,4357.00,23.56,87.44
