episode,epReward,cumReward,cumRegret,empRegret
10,0.00,-1.63,4.33,6.07
20,0.00,-5.55,8.89,14.44
30,0.00,-5.11,13.56,18.44
40,0.00,-6.57,15.67,24.35
50,0.00,-6.57,19.00,28.79
60,0.00,-6.57,23.67,33.24
70,0.00,-6.57,27.67,37.68
80,0.00,-5.22,31.00,40.78
90,0.00,-5.22,33.67,45.22
100,0.42,-2.78,37.33,47.22
200,-0.58,36.45,40.00,52.44
300,2.06,75.20,40.00,58.14
400,2.42,115.88,40.00,61.90
500,1.52,169.75,40.00,52.48
600,0.00,213.42,40.00,53.25
700,1.91,262.56,40.00,48.56
800,0.00,311.74,40.00,43.81
900,0.00,355.17,40.00,44.83
1000,0.00,409.67,40.00,34.77
2000,2.14,853.87,40.00,35.02
3000,0.62,1286.25,40.00,47.08
4000,0.00,1754.41,40.00,23.37
5000,1.49,2195.42,40.00,26.80
6000,-0.37,2629.81,40.44,36.86
7000,2.03,3105.26,40.44,5.85
8000,1.85,3527.58,40.44,27.97
9000,0.00,4012.84,40.44,-12.84
10000,0.67,4433.84,40.44,10.61
