episode,epReward,cumReward,cumRegret,empRegret
10,0.00,-0.51,4.67,4.96
20,0.86,2.19,7.11,6.70
30,-0.41,3.83,8.67,9.50
40,-0.65,11.84,8.67,5.93
50,1.77,22.94,8.67,-0.72
60,1.72,28.40,8.67,-1.73
70,-0.84,35.88,8.67,-4.77
80,0.77,41.74,8.67,-6.18
90,-1.16,44.37,9.33,-4.37
100,1.36,47.14,9.33,-2.70
200,1.15,76.74,9.33,12.14
300,0.64,130.61,10.00,2.73
400,1.59,174.94,10.67,2.83
500,1.02,219.50,10.67,2.72
600,0.73,251.76,10.67,14.91
700,0.52,296.82,10.67,14.29
800,-1.60,354.71,11.67,0.85
900,-0.18,388.15,11.67,11.85
1000,2.24,454.37,11.67,-9.93
2000,0.59,869.67,12.33,19.22
3000,0.75,1236.99,15.00,96.34
4000,2.30,1682.15,15.00,95.63
5000,0.04,2090.72,15.00,131.50
6000,-0.37,2509.94,16.00,156.73
7000,0.79,2956.99,16.00,154.12
8000,0.87,3428.35,16.00,127.20
9000,-0.30,3904.44,16.00,95.56
10000,1.96,4357.07,16.67,87.38
