episode,epReward,cumReward,cumRegret,empRegret
10,-2.25,10.48,6.05,1.54
20,1.73,30.40,6.05,-6.37
30,0.11,41.56,7.19,-5.50
40,-0.15,53.76,8.47,-5.68
50,2.14,67.53,8.47,-7.44
60,0.32,77.75,8.47,-5.64
70,0.37,90.04,8.47,-5.91
80,-2.53,102.89,9.65,-6.74
90,1.95,110.71,10.61,-2.55
100,0.55,116.59,10.61,3.59
200,3.30,238.03,15.51,2.34
300,2.20,346.76,16.65,13.79
400,-3.30,451.07,16.65,29.67
500,1.23,588.23,16.65,12.69
600,3.41,740.23,16.65,-19.12
700,1.29,827.86,16.65,13.43
800,2.28,950.31,16.65,11.17
900,-1.41,1081.39,17.80,0.27
1000,1.20,1208.42,17.80,-6.58
2000,2.24,2298.24,22.24,105.46
3000,-0.52,3547.94,23.42,57.60
4000,3.45,4678.22,23.42,129.17
5000,-0.74,5812.86,24.61,196.38
6000,-0.11,6974.06,25.80,237.02
7000,1.01,8125.18,25.80,287.75
8000,3.29,9324.20,25.80,290.58
9000,2.26,10455.08,26.99,361.55
10000,1.58,11609.44,26.99,409.04
