episode,epReward,cumReward,cumRegret,empRegret
10,0.00,-1.32,2.11,5.76
20,0.00,1.17,5.11,7.72
30,0.00,-1.97,7.22,15.30
40,0.00,2.04,8.22,15.74
50,0.00,8.34,8.22,13.89
60,0.00,9.91,9.22,16.75
70,0.19,12.44,9.22,18.67
80,0.00,14.77,9.22,20.78
90,0.00,15.69,9.22,24.31
100,0.74,18.36,9.22,26.09
200,1.74,55.43,10.22,33.46
300,1.66,101.80,10.67,31.54
400,0.00,159.57,12.33,18.21
500,2.10,192.79,13.44,29.43
600,0.00,223.55,14.44,43.12
700,0.00,271.39,15.11,39.72
800,0.00,314.44,15.11,41.12
900,0.93,351.55,15.78,48.45
1000,0.74,403.27,15.78,41.18
2000,-0.52,898.00,15.78,-9.11
3000,2.32,1317.36,17.89,15.97
4000,0.00,1740.75,18.89,37.02
5000,0.00,2188.31,19.89,33.91
6000,0.00,2652.28,21.56,14.38
7000,2.00,3051.21,22.00,59.91
8000,3.12,3524.58,22.00,30.98
9000,0.00,3987.16,22.00,12.84
10000,0.00,4449.43,23.11,-4.98
