episode,epReward,cumReward,cumRegret,empRegret
10,2.23,-25.25,1.92,0.67
20,-1.79,-49.56,4.06,0.39
30,-0.77,-76.45,4.49,2.70
40,-2.55,-105.85,8.01,7.52
50,-2.28,-141.07,8.43,18.16
60,0.37,-167.44,10.09,19.94
70,-2.04,-191.98,11.82,19.90
80,-1.13,-213.67,12.94,17.01
90,-2.07,-247.04,14.22,25.80
100,-2.39,-263.70,15.33,17.87
200,-1.30,-501.88,28.66,10.23
300,0.40,-734.03,31.35,-3.45
400,-2.83,-995.37,31.35,12.07
500,-2.73,-1246.83,31.35,17.70
600,-5.63,-1495.42,31.35,20.47
700,-1.30,-1726.84,31.35,6.07
800,-1.01,-1993.40,31.35,26.79
900,-2.00,-2241.04,31.35,28.61
1000,-0.42,-2462.69,31.35,4.44
2000,-1.04,-4983.88,32.28,67.37
3000,-2.43,-7437.89,33.22,63.12
4000,-4.53,-9920.27,35.45,87.24
5000,-4.09,-12336.84,36.39,45.56
6000,-2.48,-14687.10,36.39,-62.44
7000,-3.35,-17106.10,37.32,-101.70
8000,1.02,-19456.30,37.32,-209.75
9000,-3.47,-21979.85,38.25,-144.46
10000,-0.44,-24503.65,38.25,-78.91
