episode,epReward,cumReward,cumRegret,empRegret
10,0.00,2.20,3.56,2.25
20,0.00,2.36,6.33,6.53
30,0.00,4.48,8.11,8.85
40,0.35,4.83,8.78,12.95
50,0.00,10.45,10.44,11.77
60,1.87,16.04,11.44,10.63
70,0.00,18.17,11.44,12.94
80,0.00,25.14,11.44,10.41
90,1.13,30.25,11.44,9.75
100,0.00,32.81,12.44,11.64
200,1.59,83.96,12.44,4.92
300,0.80,119.75,12.44,13.58
400,0.00,171.30,12.44,6.47
500,2.14,213.69,12.44,8.53
600,0.32,258.85,12.44,7.82
700,-0.29,311.76,12.44,-0.65
800,2.21,353.13,12.44,2.42
900,0.00,400.77,13.44,-0.77
1000,-0.92,428.35,14.44,16.09
2000,0.00,868.46,16.11,20.43
3000,1.15,1276.02,17.11,57.32
4000,0.84,1696.02,17.11,81.76
5000,0.00,2179.52,17.11,42.70
6000,2.41,2581.28,17.78,85.39
7000,0.93,3029.57,17.78,81.54
8000,1.04,3476.90,17.78,78.65
9000,0.00,3891.56,18.78,108.44
10000,2.68,4282.84,18.78,161.60
