episode,epReward,cumReward,cumRegret,empRegret
10,1.66,2.28,10.48,7.32
20,-0.08,-0.98,17.62,20.18
30,0.09,10.65,23.85,18.14
40,-2.03,11.89,29.15,26.50
50,-0.53,12.80,35.76,35.19
60,2.95,18.03,41.05,39.55
70,0.04,18.24,47.67,48.94
80,-0.55,17.97,54.29,58.80
90,0.93,32.78,57.60,53.59
100,-1.33,44.23,63.20,51.74
200,3.17,80.34,126.00,111.59
300,-1.39,119.98,191.51,167.92
400,-0.68,113.37,255.72,270.49
500,0.30,129.47,320.90,350.36
600,-0.45,179.67,386.43,396.12
700,0.01,203.58,453.91,468.18
800,-0.10,221.75,519.44,545.98
900,-1.46,219.50,585.63,644.19
1000,-0.86,226.51,650.49,733.14
2000,3.13,539.83,1310.73,1379.48
3000,-0.40,883.19,1971.31,1995.78
4000,2.01,1131.64,2634.19,2706.99
5000,0.58,1471.80,3295.44,3326.49
6000,4.16,1759.73,3956.68,3998.22
7000,-4.93,2053.33,4617.26,4664.28
8000,-2.42,2462.31,5277.85,5214.95
9000,-1.56,2757.90,5939.75,5879.02
10000,0.72,3086.18,6601.66,6510.40
