episode,epReward,cumReward,cumRegret,empRegret
10,3.92,8.05,11.30,7.96
20,2.04,15.92,13.74,16.08
30,2.54,41.14,13.74,6.87
40,1.00,59.70,13.74,4.31
50,-3.02,71.54,13.74,8.47
60,2.39,91.10,15.17,4.91
70,3.14,117.02,15.17,-5.01
80,1.76,126.63,15.17,1.38
90,3.56,152.51,15.17,-8.50
100,0.75,162.66,16.59,-2.65
200,-0.54,336.62,18.01,-16.59
300,0.38,511.30,18.01,-31.25
400,2.34,647.22,18.01,-7.16
500,3.29,829.14,19.44,-29.06
600,1.51,985.06,19.44,-24.97
700,2.54,1136.36,19.44,-16.25
800,2.15,1280.38,19.44,-0.25
900,0.82,1425.78,20.86,14.36
1000,1.57,1586.11,20.86,14.05
2000,2.18,3176.97,23.60,23.35
3000,3.17,4776.97,26.64,23.51
4000,1.22,6341.40,26.64,59.24
5000,2.52,7883.22,26.64,117.57
6000,-0.35,9470.58,27.96,130.38
7000,-1.14,11024.60,27.96,176.51
8000,4.65,12584.05,27.96,217.22
9000,0.42,14261.31,27.96,140.13
10000,0.66,15800.69,29.38,200.91
