episode,epReward,cumReward,cumRegret,empRegret
10,3.70,-8.41,15.77,5.28
20,0.75,-15.63,18.16,9.38
30,-0.96,-26.71,18.16,17.32
40,2.85,-30.88,21.05,18.37
50,-1.91,-40.87,24.71,25.23
60,0.59,-47.86,24.71,29.09
70,0.65,-58.60,26.37,36.70
80,-2.27,-55.95,26.37,30.93
90,0.12,-58.06,26.37,29.91
100,1.71,-53.43,26.37,22.16
200,-4.05,-81.42,26.37,18.87
300,3.77,-134.19,28.04,40.36
400,-1.20,-171.96,28.04,46.87
500,-1.62,-197.15,28.04,40.77
600,2.78,-231.32,28.04,43.67
700,-1.63,-239.21,28.04,20.29
800,-3.64,-298.10,28.04,47.91
900,0.72,-304.34,28.04,22.87
1000,1.87,-329.48,28.04,16.73
2000,-0.34,-590.30,32.60,-35.20
3000,1.10,-866.23,34.26,-72.01
4000,-1.80,-1195.74,35.93,-55.24
5000,-1.94,-1608.37,35.93,44.64
6000,0.80,-1877.40,37.16,0.92
7000,-2.45,-2207.89,40.02,18.66
8000,1.73,-2647.45,40.02,145.48
9000,-1.28,-2994.60,40.02,179.88
10000,1.09,-3305.80,40.02,178.34
