episode,epReward,cumReward,cumRegret,empRegret
10,2.64,34.25,8.91,2.42
20,4.52,67.32,14.47,6.02
30,1.65,102.12,16.49,7.89
40,-0.26,131.62,18.68,15.06
50,4.21,167.85,18.68,15.50
60,6.81,200.10,20.71,19.92
70,0.80,235.55,20.71,21.13
80,4.20,273.92,20.71,19.43
90,5.50,313.81,20.71,16.21
100,2.21,350.91,20.71,15.78
200,3.04,698.68,37.86,34.70
300,1.43,1088.17,40.56,11.90
400,5.68,1464.90,42.75,1.86
500,5.24,1833.59,49.50,-0.14
600,5.12,2215.51,53.55,-15.37
700,3.57,2590.26,53.55,-23.44
800,4.72,2945.52,53.55,-12.00
900,1.50,3304.24,57.23,-4.03
1000,5.07,3671.37,59.42,-4.48
2000,5.25,7382.84,73.94,-49.05
3000,4.31,11100.23,80.34,-99.54
4000,6.00,14777.30,86.77,-109.72
5000,4.76,18426.57,86.77,-92.10
6000,4.16,22131.59,86.77,-130.22
7000,5.00,25714.95,86.77,-46.69
8000,3.84,29569.96,89.46,-234.80
9000,4.16,33257.81,89.46,-255.75
10000,3.96,36885.62,89.46,-216.66
