episode,epReward,cumReward,cumRegret,empRegret
10,0.54,-11.31,7.85,8.49
20,-0.55,-17.55,20.51,11.90
30,0.82,-25.94,33.42,17.46
40,-4.83,-37.42,46.93,26.12
50,-1.73,-51.08,57.80,36.95
60,-5.34,-70.83,74.55,53.88
70,-2.29,-95.39,88.67,75.62
80,-4.54,-124.27,107.12,101.67
90,-1.28,-140.53,119.07,115.11
100,1.85,-159.07,133.19,130.82
200,0.85,-271.83,252.07,215.33
300,-1.99,-415.48,369.40,330.72
400,-0.56,-550.05,489.98,437.05
500,1.83,-713.69,619.39,572.44
600,1.49,-882.18,744.46,712.68
700,-5.67,-1051.55,872.78,853.79
800,-2.43,-1191.07,998.17,965.06
900,3.56,-1344.89,1130.67,1090.63
1000,-1.53,-1495.13,1256.66,1212.61
2000,-1.94,-2935.53,2489.70,2370.50
3000,-1.31,-4451.64,3728.31,3604.10
4000,2.66,-5898.39,4940.61,4768.35
5000,-3.13,-7453.85,6213.89,6041.29
6000,-1.29,-9019.16,7435.17,7324.09
7000,-0.47,-10500.53,8675.19,8522.95
8000,0.80,-12055.24,9912.40,9795.15
9000,-4.87,-13543.59,11117.11,11000.99
10000,-1.94,-15013.83,12338.07,12188.72
