episode,epReward,cumReward,cumRegret,empRegret
10,0.72,21.37,6.20,-3.02
20,0.59,35.56,9.92,1.13
30,1.97,58.07,11.07,-3.04
40,4.51,76.22,11.92,-2.84
50,4.18,91.94,11.92,-0.22
60,-0.95,101.65,11.92,8.42
70,1.95,121.03,14.43,7.39
80,0.60,138.46,14.43,8.30
90,0.95,165.64,14.43,-0.53
100,1.87,183.08,14.43,0.37
200,1.09,361.90,16.14,5.00
300,1.52,539.17,18.65,11.18
400,2.83,748.63,18.65,-14.83
500,3.26,910.73,18.65,6.52
600,2.79,1071.34,18.65,29.36
700,2.61,1265.61,18.65,18.54
800,1.50,1446.19,19.78,21.41
900,-0.17,1616.27,19.78,34.79
1000,0.66,1789.68,19.78,44.82
2000,1.72,3448.72,20.90,220.29
3000,2.42,5223.12,20.90,280.39
4000,2.45,6989.88,20.90,348.13
5000,1.49,8873.31,20.90,299.20
6000,2.88,10586.06,22.03,420.96
7000,2.03,12347.20,22.03,494.32
8000,2.47,14209.00,22.03,467.02
9000,1.85,15992.85,22.03,517.67
10000,1.39,17916.98,22.03,428.04
