episode,epReward,cumReward,cumRegret,empRegret
10,-0.36,-14.78,14.29,13.58
20,0.51,-21.61,22.77,19.21
30,-2.25,-30.80,30.63,27.20
40,-0.50,-36.33,32.44,31.53
50,-2.33,-37.83,37.65,31.82
60,1.68,-25.30,37.79,18.09
70,-2.27,-43.76,41.55,35.36
80,-0.60,-29.92,41.62,20.31
90,3.20,-26.01,41.76,15.21
100,-0.72,-32.24,42.05,20.23
200,0.58,-29.53,47.04,5.52
300,1.93,-81.19,48.88,45.18
400,0.71,-88.64,51.15,40.62
500,1.69,-71.48,53.27,11.45
600,-2.07,-51.05,54.26,-20.98
700,1.40,-75.85,55.82,-8.19
800,-2.00,-77.20,57.38,-18.84
900,4.35,-54.35,58.80,-53.71
1000,3.47,-79.65,61.75,-40.41
2000,0.14,-204.65,78.31,-35.46
3000,-4.18,-368.14,96.49,7.97
4000,-1.54,-367.53,113.77,-112.69
5000,-0.39,-458.41,128.67,-141.88
6000,-5.74,-613.15,145.05,-107.19
7000,-1.63,-775.87,161.79,-64.53
8000,-1.20,-972.18,177.60,11.73
9000,1.01,-996.78,194.84,-83.73
10000,1.18,-1269.86,211.79,69.29
