episode,epReward,cumReward,cumRegret,empRegret
10,5.46,34.57,14.18,10.53
20,1.11,70.91,14.18,19.28
30,3.00,117.23,14.18,18.05
40,5.16,167.60,14.18,12.77
50,6.14,224.16,14.18,1.30
60,6.00,280.58,14.18,-10.02
70,3.42,314.04,14.18,1.61
80,7.58,358.04,14.18,2.70
90,5.24,400.01,14.18,5.82
100,5.74,443.03,14.18,7.90
200,6.17,900.94,14.18,0.92
300,8.82,1362.30,14.18,-9.50
400,5.18,1800.24,14.18,3.48
500,2.36,2254.10,14.18,0.55
600,4.11,2720.06,14.18,-14.48
700,7.27,3191.80,14.18,-35.28
800,0.18,3649.62,14.18,-42.18
900,1.43,4064.20,14.18,-5.83
1000,5.90,4541.48,14.18,-32.17
2000,3.78,8956.01,15.93,62.60
3000,4.74,13423.66,21.25,104.26
4000,1.83,18005.50,31.40,31.71
5000,9.64,22514.45,33.15,32.08
6000,6.06,26999.10,34.90,56.73
7000,4.73,31499.15,43.56,65.98
8000,3.61,36023.91,47.06,50.53
9000,4.95,40522.41,47.06,61.33
10000,5.23,45117.38,47.06,-24.33
