episode,epReward,cumReward,cumRegret,empRegret
10,1.27,-1.71,2.89,6.16
20,0.00,4.46,3.33,4.43
30,-2.70,3.91,3.78,9.42
40,0.00,8.59,5.78,9.18
50,0.00,10.72,6.44,11.50
60,-0.28,11.49,7.11,15.18
70,0.00,16.09,7.78,15.02
80,0.88,19.82,8.44,15.74
90,0.00,24.33,9.11,15.67
100,0.00,28.44,10.44,16.00
200,1.90,51.29,14.78,37.60
300,0.00,80.74,15.78,52.59
400,0.00,122.79,18.44,54.99
500,1.04,175.13,18.44,47.10
600,0.00,204.78,18.44,61.88
700,1.18,243.90,18.44,67.22
800,1.89,293.21,18.89,62.35
900,0.00,322.92,18.89,77.08
1000,1.94,365.07,18.89,79.38
2000,1.46,798.57,18.89,90.32
3000,0.00,1248.51,19.33,84.83
4000,0.00,1671.96,20.33,105.82
5000,0.00,2173.44,20.33,48.79
6000,0.00,2628.10,20.33,38.57
7000,0.00,3061.01,20.33,50.10
8000,0.00,3528.31,20.33,27.24
9000,0.00,3976.64,20.33,23.36
10000,0.00,4404.00,20.33,40.45
