episode,epReward,cumReward,cumRegret,empRegret
10,0.90,-4.25,18.95,20.86
20,-0.14,6.85,21.33,26.38
30,3.46,24.43,21.33,25.41
40,1.55,22.77,21.33,43.69
50,1.35,40.58,21.33,42.50
60,1.16,62.04,21.33,37.64
70,-0.71,67.31,22.97,48.99
80,-2.70,81.81,25.51,51.11
90,6.50,110.03,25.51,39.50
100,3.90,134.61,25.51,31.54
200,-0.20,296.88,27.88,35.41
300,4.57,486.42,27.88,12.02
400,1.99,674.34,27.88,-9.75
500,0.23,852.18,27.88,-21.45
600,-0.89,1031.26,27.88,-34.39
700,4.63,1203.86,30.26,-40.84
800,2.90,1337.63,30.26,-8.46
900,3.56,1510.54,30.26,-15.23
1000,0.28,1680.79,30.26,-19.33
2000,1.01,3390.81,30.26,-67.89
3000,2.21,5085.78,30.26,-101.40
4000,0.71,6713.77,30.26,-67.93
5000,5.17,8310.98,32.80,-3.68
6000,0.18,9970.39,32.80,-1.64
7000,2.52,11683.91,34.44,-53.69
8000,0.51,13488.54,34.44,-196.87
9000,2.20,14996.04,37.71,-42.90
10000,1.68,16602.81,37.71,11.78
