episode,epReward,cumReward,cumRegret,empRegret
10,1.73,2.45,4.11,2.00
20,0.42,9.17,6.56,-0.28
30,-1.21,10.70,6.56,2.64
40,0.39,10.30,7.56,7.47
50,0.90,25.44,9.11,-3.22
60,1.89,34.23,9.11,-7.56
70,-2.02,34.86,9.56,-3.75
80,1.13,35.80,9.56,-0.24
90,2.98,39.24,9.56,0.76
100,0.54,45.92,11.22,-1.47
200,-0.06,105.27,11.22,-16.39
300,-0.59,139.79,12.89,-6.46
400,-0.08,179.48,13.56,-1.70
500,0.76,209.70,13.56,12.52
600,-0.59,271.06,13.56,-4.39
700,0.41,306.31,14.89,4.80
800,1.34,357.60,14.89,-2.05
900,1.52,389.35,14.89,10.65
1000,-4.82,413.45,14.89,30.99
2000,2.81,812.52,18.89,76.37
3000,0.30,1204.64,18.89,128.70
4000,-0.65,1663.52,18.89,114.26
5000,2.28,2119.40,18.89,102.82
6000,0.24,2544.01,18.89,122.66
7000,1.55,3009.19,19.56,101.92
8000,2.32,3456.92,19.56,98.64
9000,1.02,3885.57,19.56,114.43
10000,-0.39,4356.48,19.56,87.96
