episode,epReward,cumReward,cumRegret,empRegret
10,7.52,33.58,6.82,2.41
20,-0.09,63.89,7.71,8.08
30,3.73,96.31,11.25,11.64
40,3.47,131.03,13.90,12.90
50,1.20,156.87,16.56,23.04
60,4.34,194.87,19.94,21.02
70,-0.05,225.13,26.14,26.75
80,3.18,247.99,32.34,39.87
90,-0.36,274.11,37.65,49.73
100,3.95,308.56,42.96,51.26
200,7.93,609.98,95.92,109.67
300,3.50,924.97,150.19,154.50
400,-1.77,1225.66,207.57,213.63
500,1.81,1492.93,264.23,306.18
600,5.07,1797.67,322.66,361.27
700,0.78,2103.25,382.24,415.51
800,3.00,2420.53,445.10,458.05
900,5.52,2692.96,506.18,545.45
1000,1.70,3001.97,554.87,596.26
2000,1.70,6007.82,1134.29,1188.64
3000,3.08,9061.07,1712.23,1733.61
4000,4.34,12023.77,2296.07,2369.13
5000,4.22,15036.76,2895.43,2954.37
6000,3.89,18042.25,3478.84,3547.11
7000,2.87,21057.40,4058.72,4130.18
8000,0.78,24064.46,4633.28,4721.35
9000,0.54,27148.29,5215.65,5235.74
10000,2.41,30152.03,5812.35,5830.24
