episode,epReward,cumReward,cumRegret,empRegret
10,0.00,-1.84,3.11,6.28
20,0.00,-1.56,6.11,10.45
30,0.00,-2.10,10.89,15.44
40,1.45,-2.59,13.00,20.37
50,0.00,-2.07,15.22,24.30
60,0.00,3.91,15.22,22.76
70,0.00,3.69,17.89,27.43
80,1.74,8.66,18.56,26.89
90,0.00,14.61,19.22,25.39
100,-0.08,16.42,19.22,28.02
200,0.00,56.45,20.56,32.44
300,0.00,102.96,23.56,30.37
400,-0.55,151.93,23.56,25.85
500,1.63,197.25,24.56,24.97
600,0.00,227.95,24.56,38.72
700,0.00,265.14,24.56,45.97
800,0.00,316.60,24.56,38.96
900,0.00,360.85,24.56,39.15
1000,2.71,406.73,24.56,37.71
2000,0.00,848.43,25.56,40.46
3000,0.18,1261.02,25.56,72.32
4000,3.21,1687.91,28.00,89.87
5000,0.00,2134.97,29.00,87.25
6000,0.00,2554.03,29.00,112.64
7000,0.00,3031.91,29.00,79.20
8000,0.00,3442.08,29.00,113.47
9000,0.00,3879.41,29.00,120.59
10000,0.43,4291.86,29.00,152.59
