episode,epReward,cumReward,cumRegret,empRegret
10,-0.47,7.93,4.67,-3.48
20,-1.28,11.34,9.11,-2.45
30,-1.73,6.76,13.56,6.57
40,0.32,7.65,18.00,10.13
50,-0.53,6.09,22.44,16.13
60,3.32,12.98,27.67,13.68
70,-0.28,13.87,31.67,17.24
80,-1.34,16.65,36.11,18.90
90,2.01,9.26,40.56,30.74
100,-1.01,17.72,45.00,26.72
200,-0.39,4.17,88.56,84.72
300,-0.18,10.40,133.00,122.93
400,1.12,22.00,173.44,155.78
500,0.30,-5.13,216.56,227.35
600,-1.68,0.76,260.56,265.90
700,3.34,25.76,305.56,285.35
800,0.48,50.27,350.00,305.29
900,-1.94,16.25,394.00,383.75
1000,1.27,35.66,438.00,408.78
2000,2.83,159.83,882.00,729.05
3000,-3.85,180.86,1326.67,1152.47
4000,3.24,177.92,1770.67,1599.86
5000,-0.01,72.25,2214.67,2149.97
6000,-0.74,49.98,2659.11,2616.69
7000,-1.80,27.30,3103.56,3083.81
8000,-1.56,142.33,3548.00,3413.22
9000,-0.11,126.51,3992.00,3873.49
10000,-0.29,170.94,4436.44,4273.50
