episode,epReward,cumReward,cumRegret,empRegret
10,-2.31,0.35,3.67,4.10
20,0.44,3.00,7.56,5.88
30,-1.71,1.27,8.67,12.06
40,0.00,2.48,8.67,15.30
50,1.34,7.99,9.33,14.23
60,-1.90,8.32,9.33,18.35
70,0.21,19.95,10.00,11.16
80,1.43,24.25,10.00,11.31
90,1.08,25.22,10.00,14.78
100,0.99,33.86,10.00,10.58
200,0.00,78.05,12.67,10.84
300,0.08,131.05,14.00,2.28
400,1.35,174.84,14.00,2.94
500,-1.50,199.18,15.00,23.04
600,-1.33,243.52,16.00,23.15
700,1.45,289.77,16.67,21.34
800,2.30,352.22,16.67,3.33
900,1.16,422.05,16.67,-22.05
1000,-1.71,450.49,17.67,-6.05
2000,-1.86,931.35,19.33,-42.46
3000,1.11,1370.47,21.00,-37.14
4000,1.92,1745.67,22.00,32.11
5000,2.73,2177.09,23.00,45.14
6000,1.47,2561.87,23.00,104.80
7000,0.54,3014.50,23.67,96.61
8000,0.45,3422.55,24.33,133.00
9000,-2.20,3858.69,24.33,141.31
10000,-1.12,4222.03,24.33,222.42
