episode,epReward,cumReward,cumRegret,empRegret
10,0.34,-0.93,3.89,5.37
20,0.00,-5.33,8.00,14.22
30,1.42,1.81,9.00,11.52
40,-0.33,2.14,10.33,15.64
50,0.00,3.75,10.33,18.47
60,0.00,12.78,10.33,13.89
70,0.00,15.32,10.33,15.79
80,1.08,15.24,12.00,20.32
90,0.00,17.13,13.67,22.87
100,0.00,18.74,14.67,25.71
200,0.00,59.69,18.67,29.20
300,1.73,86.58,18.67,46.76
400,0.00,128.53,20.67,49.25
500,0.00,173.89,21.33,48.33
600,-0.40,201.91,21.33,64.76
700,0.00,243.98,22.33,67.13
800,0.00,288.71,22.33,66.85
900,0.00,328.91,22.33,71.09
1000,0.00,363.71,23.00,80.74
2000,1.77,839.64,23.00,49.25
3000,0.00,1283.27,23.00,50.06
4000,0.00,1713.56,23.00,64.22
5000,0.00,2164.25,23.00,57.97
6000,-1.18,2633.13,23.00,33.54
7000,-0.31,3088.31,23.67,22.80
8000,0.68,3508.06,23.67,47.50
9000,0.00,3908.63,23.67,91.37
10000,0.00,4326.79,23.67,117.66
