episode,epReward,cumReward,cumRegret,empRegret
10,0.45,2.81,3.89,1.64
20,0.86,10.61,5.00,-1.73
30,0.32,16.57,5.00,-3.24
40,-0.27,21.64,5.00,-3.86
50,-0.85,23.37,6.11,-1.14
60,-1.08,33.72,6.56,-7.05
70,0.48,38.00,7.56,-6.89
80,-1.68,40.48,7.56,-4.92
90,0.04,40.28,7.56,-0.28
100,-2.48,45.05,7.56,-0.60
200,0.41,90.23,9.22,-1.34
300,1.21,145.97,9.89,-12.64
400,1.36,177.68,9.89,0.10
500,-0.38,219.98,11.22,2.24
600,2.40,280.85,11.22,-14.18
700,1.09,321.44,11.22,-10.33
800,-0.29,352.99,11.22,2.56
900,1.50,406.97,11.89,-6.97
1000,-2.91,454.82,11.89,-10.38
2000,1.34,939.34,12.56,-50.45
3000,1.33,1366.22,15.22,-32.89
4000,0.71,1815.25,15.89,-37.47
5000,-0.75,2225.58,15.89,-3.35
6000,1.71,2754.98,15.89,-88.32
7000,-0.22,3172.08,15.89,-60.97
8000,0.51,3634.36,15.89,-78.81
9000,-1.42,4040.42,15.89,-40.42
10000,0.07,4453.25,15.89,-8.80
