episode,epReward,cumReward,cumRegret,empRegret
10,0.00,-3.06,6.00,7.51
20,0.00,-1.65,8.44,10.54
30,2.86,0.92,8.44,12.41
40,0.32,4.05,9.44,13.73
50,0.00,5.84,9.44,16.38
60,0.00,5.80,10.44,20.86
70,2.00,14.95,10.44,16.16
80,0.00,15.88,10.44,19.67
90,0.00,17.83,11.44,22.17
100,0.00,21.49,11.44,22.95
200,0.00,69.71,11.44,19.18
300,1.88,104.59,11.44,28.74
400,0.27,144.93,12.44,32.85
500,2.08,186.90,12.89,35.32
600,3.01,225.62,12.89,41.05
700,0.00,268.79,12.89,42.32
800,1.14,321.68,13.56,33.88
900,0.00,360.13,13.56,39.87
1000,0.34,397.59,14.56,46.86
2000,1.41,825.55,17.56,63.34
3000,2.32,1224.43,18.56,108.91
4000,0.00,1676.10,18.56,101.68
5000,0.00,2104.91,19.56,117.32
6000,0.00,2551.53,20.22,115.14
7000,1.69,2981.49,20.22,129.62
8000,0.00,3408.88,21.22,146.67
9000,0.00,3847.66,21.22,152.34
10000,0.00,4242.00,21.67,202.44
