episode,epReward,cumReward,cumRegret,empRegret
10,3.11,35.94,4.02,0.73
20,6.40,81.48,4.02,-8.13
30,2.25,114.57,6.02,-4.55
40,-0.47,148.24,6.02,-1.55
50,3.58,192.26,6.02,-8.90
60,2.66,215.66,6.02,4.37
70,1.41,241.17,9.89,15.54
80,5.41,284.98,9.89,8.40
90,4.20,326.69,9.89,3.36
100,3.91,368.79,9.89,-2.07
200,3.00,729.82,11.89,3.63
300,6.43,1105.32,11.89,-5.14
400,6.56,1497.18,11.89,-30.29
500,3.02,1841.59,13.89,-7.97
600,5.31,2213.40,15.89,-13.06
700,2.02,2566.02,15.89,1.05
800,2.35,2945.66,15.89,-11.87
900,3.37,3314.17,15.89,-13.66
1000,3.79,3682.47,15.89,-15.23
2000,1.98,7389.98,15.89,-55.50
3000,2.17,11038.62,17.89,-36.90
4000,3.19,14792.67,21.88,-123.71
5000,4.15,18586.48,21.88,-250.29
6000,5.82,22224.38,21.88,-220.94
7000,2.82,25880.56,21.88,-209.89
8000,1.45,29568.70,21.88,-230.79
9000,2.45,33215.71,21.88,-210.55
10000,4.81,36837.18,21.88,-164.79
