episode,epReward,cumReward,cumRegret,empRegret
10,1.40,11.70,7.31,8.81
20,1.98,19.69,12.55,21.33
30,1.92,43.35,13.73,18.18
40,4.21,66.51,14.68,15.54
50,2.94,83.93,17.14,18.62
60,3.50,94.62,18.32,28.44
70,-0.80,120.87,21.26,22.70
80,1.69,134.10,24.01,29.98
90,-0.31,160.46,26.12,24.13
100,0.10,177.45,27.73,27.66
200,0.61,342.55,45.05,67.66
300,2.16,516.34,51.07,98.98
400,1.95,703.34,58.99,117.08
500,2.08,873.56,65.46,151.97
600,0.80,1088.59,72.92,142.04
700,1.05,1282.85,81.65,152.88
800,1.96,1485.69,87.26,155.15
900,3.01,1680.30,93.03,165.65
1000,0.69,1877.27,99.07,173.78
2000,-1.61,3931.68,150.96,170.42
3000,-0.30,5978.83,206.79,174.32
4000,0.34,7961.42,252.99,242.78
5000,1.28,9932.72,302.51,322.53
6000,1.57,11963.08,356.62,343.22
7000,1.25,13972.02,407.75,385.32
8000,5.70,15948.52,458.92,459.88
9000,0.07,17924.55,512.36,534.89
10000,0.67,19939.60,562.36,570.89
