episode,epReward,cumReward,cumRegret,empRegret
10,1.47,12.80,12.62,11.66
20,-0.28,35.65,15.80,13.27
30,0.76,47.78,20.10,25.61
40,4.07,66.98,22.29,30.88
50,5.81,100.34,23.39,21.98
60,2.92,123.67,23.39,23.11
70,1.56,146.30,23.39,24.95
80,4.14,175.02,23.39,20.69
90,2.53,191.81,25.59,28.36
100,2.76,219.90,25.59,24.74
200,2.75,453.63,27.78,35.64
300,3.85,714.09,27.78,19.82
400,3.24,965.34,27.78,13.21
500,-0.68,1231.50,27.78,-8.31
600,2.20,1492.74,27.78,-24.91
700,1.09,1751.36,27.78,-38.89
800,-0.07,2003.92,27.78,-46.82
900,4.73,2274.68,27.78,-72.94
1000,2.77,2509.97,27.78,-63.59
2000,0.48,4983.05,27.78,-90.29
3000,2.76,7358.02,27.78,-18.87
4000,2.79,9805.01,27.78,-19.49
5000,-0.86,12240.09,27.78,-8.19
6000,4.79,14741.53,27.78,-63.24
7000,2.36,17162.84,27.78,-38.17
8000,2.02,19555.91,27.78,15.13
9000,2.39,21945.16,27.78,72.26
10000,3.43,24449.90,27.78,13.91
