episode,epReward,cumReward,cumRegret,empRegret
10,-0.81,-0.07,4.11,4.51
20,0.00,-1.38,5.56,10.27
30,0.00,1.15,5.56,12.18
40,0.00,3.63,6.22,14.14
50,0.00,6.21,6.89,16.01
60,0.00,8.88,9.56,17.79
70,0.00,14.54,11.22,16.57
80,0.00,16.41,12.56,19.15
90,-0.21,17.01,12.56,22.99
100,0.52,23.83,12.56,20.62
200,0.71,63.71,13.22,25.18
300,0.80,111.68,13.89,21.65
400,0.00,143.61,13.89,34.17
500,1.03,201.49,13.89,20.73
600,0.00,236.60,13.89,30.07
700,0.00,287.92,13.89,23.19
800,2.75,347.26,13.89,8.29
900,0.00,398.35,13.89,1.65
1000,0.00,444.02,13.89,0.43
2000,1.73,897.02,13.89,-8.14
3000,0.00,1357.53,13.89,-24.19
4000,1.68,1803.34,14.33,-25.56
5000,0.00,2271.43,14.33,-49.21
6000,0.50,2750.78,15.33,-84.11
7000,1.17,3171.71,15.33,-60.60
8000,1.23,3627.41,15.33,-71.85
9000,0.32,4099.11,15.33,-99.11
10000,0.00,4497.89,15.33,-53.45
