episode,epReward,cumReward,cumRegret,empRegret
10,2.89,16.93,8.33,11.04
20,0.92,28.49,28.10,27.45
30,4.50,26.36,40.74,57.56
40,0.70,34.04,53.39,77.84
50,2.07,56.25,59.85,83.60
60,3.23,74.73,64.95,93.10
70,3.32,105.79,66.37,90.00
80,4.24,135.80,66.68,87.96
90,2.46,161.74,68.79,90.00
100,4.25,193.41,69.10,86.30
200,3.93,471.72,74.93,87.69
300,-0.48,786.92,77.97,52.20
400,2.46,1062.10,82.07,56.72
500,4.19,1317.37,86.38,81.16
600,-0.94,1603.08,89.21,75.16
700,2.72,1857.78,92.36,100.16
800,4.54,2126.66,94.89,110.99
900,2.67,2399.04,98.35,118.32
1000,6.61,2666.42,101.71,130.64
2000,-1.46,5434.89,136.06,159.22
3000,4.08,8327.15,168.74,64.03
4000,1.40,11075.65,203.19,112.59
5000,5.14,13993.66,234.08,-8.36
6000,2.70,16783.87,270.74,-1.52
7000,3.65,19616.80,305.62,-37.39
8000,1.79,22263.30,341.75,113.17
9000,0.71,25083.76,378.70,89.77
10000,0.52,27853.09,413.79,117.50
