episode,epReward,cumReward,cumRegret,empRegret
10,0.92,3.93,7.16,15.54
20,-0.40,21.51,7.59,17.43
30,-0.73,41.75,8.16,16.66
40,1.21,48.36,9.14,29.52
50,2.53,58.21,10.26,39.14
60,0.21,66.11,11.25,50.71
70,1.18,82.27,12.23,54.01
80,2.03,101.81,13.07,53.95
90,3.81,126.64,13.76,48.58
100,3.25,135.66,14.74,59.03
200,-1.57,331.58,22.89,57.81
300,3.14,561.66,32.69,22.43
400,-0.90,786.83,41.38,-8.04
500,1.97,965.16,51.99,8.32
600,1.57,1148.72,60.67,19.45
700,1.46,1338.14,69.36,24.74
800,3.17,1533.85,78.32,23.72
900,3.92,1729.00,87.97,23.26
1000,-0.09,1916.30,96.65,30.66
2000,3.99,3824.89,187.44,69.04
3000,3.31,5725.07,281.44,115.82
4000,-2.05,7586.28,375.73,201.57
5000,0.80,9511.95,470.86,222.86
6000,-1.21,11360.78,565.29,320.99
7000,4.20,13248.06,658.17,380.67
8000,3.45,15046.52,753.44,529.18
9000,-2.22,16768.67,845.07,753.99
10000,3.90,18677.03,936.98,792.59
