episode,epReward,cumReward,cumRegret,empRegret
10,0.00,-2.06,4.89,6.51
20,-2.12,-1.27,7.11,10.16
30,0.00,-1.61,12.22,14.94
40,1.35,6.05,14.22,11.73
50,2.52,7.93,14.22,14.29
60,0.00,14.03,14.22,12.64
70,1.55,14.67,15.22,16.44
80,0.00,18.62,15.89,16.94
90,0.00,25.02,15.89,14.98
100,0.83,30.72,15.89,13.73
200,0.00,96.02,16.89,-7.13
300,2.31,146.79,17.89,-13.45
400,2.61,191.35,18.89,-13.57
500,1.06,245.09,18.89,-22.87
600,0.00,295.13,18.89,-28.47
700,0.00,345.49,18.89,-34.38
800,-0.72,400.00,18.89,-44.44
900,0.24,447.98,18.89,-47.98
1000,0.00,480.18,18.89,-35.73
2000,-0.33,921.92,20.89,-33.03
3000,0.77,1391.65,20.89,-58.31
4000,0.00,1874.30,20.89,-96.52
5000,0.00,2280.49,20.89,-58.26
6000,0.80,2772.71,22.89,-106.04
7000,0.00,3262.15,23.56,-151.04
8000,1.64,3710.78,23.56,-155.22
9000,1.51,4185.10,23.56,-185.10
10000,0.00,4619.37,23.56,-174.92
