episode,epReward,cumReward,cumRegret,empRegret
10,4.38,33.07,2.89,1.74
20,7.07,68.99,2.89,0.62
30,6.32,99.90,2.89,4.51
40,6.09,136.84,2.89,2.38
50,2.95,171.09,2.89,2.93
60,2.57,205.12,2.89,3.71
70,1.01,231.76,7.75,11.88
80,6.53,283.09,7.75,-4.65
90,4.12,318.67,7.75,-5.42
100,5.21,357.66,7.75,-9.61
200,2.60,708.92,7.75,-12.82
300,6.02,1063.89,7.75,-19.73
400,2.69,1417.79,12.62,-25.59
500,4.94,1796.63,12.62,-56.38
600,5.32,2152.76,12.62,-64.45
700,2.86,2503.87,12.62,-67.52
800,2.77,2862.47,12.62,-78.07
900,3.50,3223.07,12.62,-90.62
1000,2.58,3560.09,12.62,-79.58
2000,2.36,7096.71,20.04,-135.70
3000,4.04,10549.94,20.04,-108.42
4000,3.69,13913.76,20.04,8.27
5000,1.19,17473.69,23.24,-71.15
6000,3.92,21033.67,23.24,-150.63
7000,3.59,24343.67,23.24,19.88
8000,2.95,27815.91,23.24,28.14
9000,5.53,31295.11,23.24,29.45
10000,5.08,34774.34,23.24,30.73
