episode,epReward,cumReward,cumRegret,empRegret
10,-1.10,-13.32,8.82,7.00
20,-1.46,-14.55,9.72,1.90
30,-3.10,-16.13,12.95,-2.84
40,-0.16,-25.28,14.03,-0.02
50,0.72,-35.91,14.94,4.29
60,-0.78,-45.76,18.17,7.81
70,1.87,-54.42,19.25,10.16
80,3.46,-61.00,19.98,10.41
90,-4.36,-83.81,20.88,26.90
100,-1.39,-90.86,21.78,27.63
200,-2.45,-149.60,31.73,23.13
300,0.48,-204.67,42.03,14.97
400,0.52,-288.93,51.61,35.98
500,-0.75,-370.70,61.01,54.52
600,0.98,-446.90,70.42,67.48
700,0.33,-556.75,79.64,114.09
800,-1.91,-610.75,88.86,104.86
900,-2.82,-685.70,96.27,116.58
1000,1.39,-728.01,103.86,95.65
2000,-5.18,-1371.93,195.52,107.20
3000,-1.06,-2211.34,294.00,314.25
4000,-0.95,-3014.70,386.72,485.25
5000,2.44,-3814.21,477.47,652.39
6000,0.08,-4489.05,570.21,694.87
7000,-0.19,-5198.40,660.61,771.86
8000,0.40,-5780.31,752.99,721.40
9000,-0.20,-6545.53,840.13,854.27
10000,-2.83,-7224.19,929.80,900.56
