episode,epReward,cumReward,cumRegret,empRegret
10,0.00,-1.16,3.56,5.60
20,-0.53,3.41,5.56,5.48
30,1.47,5.70,8.44,7.63
40,0.00,9.34,10.11,8.44
50,0.00,11.64,10.11,10.59
60,0.00,13.01,10.11,13.66
70,0.00,21.65,11.56,9.46
80,2.25,31.89,11.56,3.67
90,2.57,32.81,12.56,7.19
100,2.41,42.47,12.56,1.97
200,1.73,110.53,13.89,-21.64
300,0.43,172.42,16.56,-39.09
400,1.25,209.95,16.56,-32.18
500,-0.02,251.81,16.56,-29.58
600,-0.55,303.31,17.22,-36.64
700,-0.35,349.50,17.22,-38.38
800,2.57,409.07,18.22,-53.51
900,0.52,424.05,18.22,-24.05
1000,-1.88,482.53,18.22,-38.08
2000,0.41,913.03,20.22,-24.14
3000,0.80,1392.95,23.56,-59.62
4000,0.49,1814.84,24.22,-37.06
5000,-1.95,2188.07,24.22,34.15
6000,2.12,2623.21,24.89,43.45
7000,1.76,3093.78,24.89,17.33
8000,-1.59,3477.97,24.89,77.58
9000,1.27,3927.26,24.89,72.74
10000,-0.13,4345.06,24.89,99.38
