episode,epReward,cumReward,cumRegret,empRegret
10,-0.26,1.65,4.00,2.80
20,-0.52,-6.56,8.44,15.45
30,-0.39,-3.71,13.44,17.04
40,0.75,-3.53,16.56,21.31
50,0.10,2.10,21.00,20.12
60,1.47,0.09,24.33,26.58
70,-0.55,-6.98,28.33,38.09
80,-0.77,-6.08,32.33,41.63
90,-2.45,-15.92,35.00,55.92
100,1.68,-18.20,37.67,62.65
200,1.70,-33.79,63.44,122.67
300,-0.18,-0.53,67.56,133.86
400,1.96,51.34,68.56,126.44
500,0.88,90.30,69.56,131.92
600,1.85,125.54,69.56,141.13
700,1.85,176.12,70.22,134.99
800,-0.01,228.12,70.22,127.44
900,1.59,249.49,71.22,150.51
1000,1.95,317.13,71.22,127.31
2000,1.68,771.14,72.89,117.75
3000,-0.16,1226.35,75.56,106.98
4000,-1.59,1753.13,75.56,24.64
5000,1.51,2201.07,75.56,21.15
6000,1.69,2575.03,75.56,91.64
7000,-0.14,2977.34,75.56,133.77
8000,0.77,3459.47,75.56,96.08
9000,2.37,3907.27,75.56,92.73
10000,0.39,4369.74,75.56,74.70
