episode,epReward,cumReward,cumRegret,empRegret
10,2.37,18.88,6.16,5.77
20,-0.40,34.61,7.80,14.70
30,1.18,54.75,9.17,19.22
40,3.85,86.79,12.18,11.84
50,1.57,112.34,15.47,10.94
60,-0.34,137.21,18.76,10.72
70,0.29,168.62,21.77,3.97
80,3.06,184.23,25.06,13.02
90,2.43,195.96,27.80,25.94
100,4.10,211.00,31.36,35.56
200,0.14,430.89,64.79,62.22
300,1.56,625.41,99.55,114.26
400,-1.66,849.38,132.43,136.85
500,5.55,1101.55,164.76,131.24
600,-0.91,1289.68,198.73,189.67
700,0.92,1503.45,230.24,222.45
800,0.45,1719.85,261.48,252.62
900,4.15,1948.91,292.71,270.10
1000,2.44,2170.38,327.89,295.20
2000,2.08,4425.48,642.44,505.67
3000,2.54,6587.09,960.27,809.64
4000,-0.20,8741.63,1277.56,1120.68
5000,3.33,10865.23,1595.50,1462.65
6000,4.99,12925.68,1917.72,1867.78
7000,2.17,15053.68,2241.04,2205.36
8000,0.55,17194.49,2562.44,2530.13
9000,0.85,19317.34,2883.56,2872.85
10000,2.51,21444.52,3203.32,3211.25
