episode,epReward,cumReward,cumRegret,empRegret
10,2.36,13.91,16.52,13.01
20,5.11,36.04,26.73,17.79
30,3.33,65.94,29.82,14.82
40,0.32,92.20,33.12,15.47
50,0.76,120.07,36.42,14.52
60,4.61,146.33,40.55,15.18
70,0.43,170.25,43.85,18.17
80,1.25,192.64,43.85,22.70
90,5.70,223.57,46.33,18.70
100,2.96,243.37,51.13,25.81
200,-0.55,461.36,80.70,77.00
300,5.28,727.35,106.30,80.19
400,2.28,1000.07,134.38,76.65
500,-1.72,1219.51,163.28,126.38
600,2.19,1442.38,189.70,172.69
700,2.18,1656.46,218.39,227.79
800,5.25,1909.16,243.16,244.26
900,4.55,2158.13,267.93,264.48
1000,1.87,2410.66,295.86,281.13
2000,2.50,4753.97,547.49,629.61
3000,3.77,7163.15,830.72,912.21
4000,1.10,9586.10,1079.27,1181.05
5000,2.38,12021.77,1360.85,1437.16
6000,5.51,14509.47,1622.61,1641.26
7000,1.77,16993.60,1891.80,1848.91
8000,2.68,19440.92,2167.60,2093.38
9000,5.28,21835.15,2437.62,2390.94
10000,2.93,24197.97,2704.33,2719.90
