episode,epReward,cumReward,cumRegret,empRegret
10,0.66,7.69,3.56,-3.24
20,1.49,7.29,8.22,1.60
30,0.00,10.84,13.22,2.50
40,0.89,16.63,17.67,1.14
50,-2.75,22.06,22.33,0.16
60,0.29,23.06,26.33,3.60
70,-1.01,24.40,31.33,6.71
80,-1.18,35.94,35.78,-0.38
90,-4.35,33.30,40.22,6.70
100,0.91,32.09,44.89,12.35
200,0.28,7.35,89.11,81.54
300,-1.18,18.02,132.67,115.31
400,0.10,14.45,176.67,163.33
500,-0.01,38.96,221.11,183.26
600,-1.28,36.95,265.56,229.71
700,-0.47,41.42,310.00,269.69
800,1.50,59.76,354.44,295.80
900,0.88,30.54,398.44,369.46
1000,-0.93,36.68,442.00,407.77
2000,0.62,30.22,887.11,858.67
3000,2.92,61.03,1331.33,1272.31
4000,2.05,125.96,1775.89,1651.81
5000,0.36,178.81,2220.33,2043.41
6000,-1.90,277.57,2664.78,2389.10
7000,-0.35,297.46,3109.22,2813.66
8000,1.66,428.56,3553.67,3127.00
9000,1.14,290.96,3998.11,3709.04
10000,-4.05,275.40,4441.67,4169.04
