episode,epReward,cumReward,cumRegret,empRegret
10,2.90,17.61,6.33,5.36
20,3.40,40.43,7.76,5.50
30,3.48,64.14,7.76,4.76
40,1.96,95.65,7.76,-3.79
50,0.91,117.40,7.76,-2.57
60,1.05,141.20,7.76,-3.40
70,3.38,163.68,7.76,-2.92
80,0.76,191.44,7.76,-7.71
90,3.05,204.72,7.76,1.97
100,3.15,225.31,7.76,4.35
200,1.44,457.42,7.76,1.91
300,-0.59,672.37,7.76,16.62
400,0.45,901.60,7.76,17.05
500,1.45,1136.59,10.22,11.73
600,1.79,1377.15,10.22,0.83
700,3.02,1598.60,10.22,9.05
800,1.95,1825.10,13.19,12.21
900,3.52,2065.88,13.19,1.09
1000,2.99,2302.70,13.19,-6.06
2000,5.38,4490.94,13.19,102.34
3000,4.20,6822.55,13.19,67.37
4000,1.34,9186.57,13.65,-0.01
5000,1.24,11485.50,13.65,-2.30
6000,0.93,13837.27,13.65,-57.43
7000,2.33,16176.62,13.65,-100.15
8000,-0.79,18502.09,16.23,-128.98
9000,2.48,20929.03,16.23,-259.29
10000,-0.89,23178.70,16.23,-212.32
