episode,epReward,cumReward,cumRegret,empRegret
10,0.00,0.05,4.00,4.40
20,0.14,0.12,8.11,8.77
30,-0.83,3.51,12.56,9.83
40,1.12,1.95,16.56,15.83
50,-2.30,-12.12,20.11,34.34
60,0.84,-9.62,24.33,36.29
70,0.41,-12.18,28.89,43.29
80,-0.42,-7.03,33.33,42.59
90,-0.43,-1.18,38.00,41.18
100,-0.10,-9.27,42.44,53.71
200,-0.78,12.32,85.11,76.57
300,1.39,23.39,129.22,109.94
400,-0.27,57.74,173.33,120.04
500,0.11,60.29,217.44,161.93
600,-3.43,57.47,260.22,209.19
700,-2.57,79.27,304.67,231.84
800,-0.61,65.92,348.67,289.63
900,0.41,94.57,391.78,305.43
1000,0.06,109.85,436.00,334.59
2000,0.51,120.23,881.11,768.66
3000,2.75,240.09,1325.56,1093.25
4000,0.77,226.59,1770.00,1551.19
5000,-0.51,188.81,2214.44,2033.42
6000,0.78,162.52,2658.89,2504.15
7000,1.05,74.26,3103.33,3036.85
8000,-1.81,116.15,3546.89,3439.40
9000,-1.97,151.88,3991.33,3848.12
10000,0.56,173.07,4435.78,4271.38
