episode,epReward,cumReward,cumRegret,empRegret
10,4.22,48.06,5.45,9.31
20,8.85,112.24,6.40,2.49
30,4.03,172.54,6.40,-0.45
40,7.48,235.22,6.88,-5.76
50,6.24,284.65,7.36,2.17
60,4.91,343.35,9.69,0.83
70,4.87,401.93,10.17,-0.39
80,5.15,448.93,10.17,9.98
90,6.82,509.50,10.17,6.77
100,7.42,568.16,10.17,5.48
200,4.82,1148.60,13.50,-1.33
300,5.78,1689.98,19.68,30.92
400,5.53,2255.07,19.68,39.47
500,3.54,2840.90,19.68,27.27
600,4.29,3381.24,19.68,60.56
700,7.73,3966.95,19.68,48.49
800,3.09,4506.99,19.68,82.08
900,7.77,5114.32,19.68,48.38
1000,5.89,5654.09,19.68,82.24
2000,5.22,11430.59,19.68,42.09
3000,3.86,17263.24,19.68,-54.24
4000,7.42,23013.79,26.65,-68.45
5000,2.87,28745.07,27.13,-63.39
6000,6.88,34424.42,28.90,-6.41
7000,3.29,40166.49,28.90,-12.15
8000,5.78,45984.89,30.28,-94.21
9000,4.82,51791.57,30.28,-164.55
10000,5.39,57519.36,30.76,-156.00
