episode,epReward,cumReward,cumRegret,empRegret
10,0.00,2.88,4.11,1.57
20,-0.51,-2.77,7.67,11.66
30,0.50,-1.17,11.22,14.50
40,-0.46,-3.99,15.67,21.77
50,3.58,-3.58,20.33,25.80
60,1.48,-3.42,25.11,30.08
70,-2.71,-4.57,29.11,35.68
80,0.53,-1.21,32.67,36.77
90,3.01,3.28,37.11,36.72
100,-2.00,-0.78,41.67,45.23
200,2.52,-25.19,83.11,114.08
300,-2.28,-27.05,119.33,160.38
400,2.28,26.87,121.78,150.91
500,0.39,69.31,122.78,152.91
600,-0.33,122.06,122.78,144.60
700,-0.21,171.34,122.78,139.78
800,2.97,230.82,124.78,124.74
900,1.72,272.89,124.78,127.11
1000,0.65,319.82,124.78,124.62
2000,-2.18,788.58,126.78,100.31
3000,-1.96,1287.59,127.44,45.75
4000,0.52,1686.76,128.11,91.02
5000,0.64,2165.04,128.11,57.18
6000,1.34,2567.74,128.78,98.93
7000,2.37,3058.18,128.78,52.94
8000,0.57,3445.20,131.44,110.36
9000,0.65,3816.16,131.44,183.84
10000,1.16,4250.84,131.44,193.60
