episode,epReward,cumReward,cumRegret,empRegret
10,4.53,20.63,5.31,4.29
20,2.03,43.43,8.79,6.42
30,2.20,57.08,10.94,17.69
40,1.68,68.69,12.57,31.00
50,4.00,101.48,14.38,23.13
60,1.86,122.90,14.94,26.63
70,4.32,149.83,15.40,24.63
80,5.28,168.40,16.14,30.97
90,4.82,193.39,18.80,30.91
100,0.97,211.73,19.35,37.49
200,4.26,472.60,23.97,25.84
300,5.36,739.68,29.95,7.98
400,2.90,982.51,33.36,14.37
500,6.72,1238.70,39.52,7.40
600,1.01,1466.27,44.94,29.05
700,1.82,1692.28,48.92,52.25
800,1.11,1932.17,56.90,61.58
900,3.98,2180.64,63.40,62.34
1000,2.83,2458.24,68.39,33.95
2000,-2.07,4976.18,129.20,8.20
3000,2.14,7314.32,177.69,162.25
4000,7.01,9684.24,227.57,284.52
5000,2.47,12082.51,278.93,378.44
6000,3.78,14651.70,325.78,301.44
7000,0.15,17121.48,371.90,323.86
8000,1.84,19621.32,418.57,316.21
9000,3.58,21967.75,462.01,461.96
10000,0.60,24493.17,510.90,428.74
