episode,epReward,cumReward,cumRegret,empRegret
10,0.85,6.95,2.56,-2.50
20,2.65,16.96,4.78,-8.07
30,0.74,22.72,5.22,-9.38
40,1.83,31.33,5.22,-13.55
50,-0.05,31.86,5.67,-9.64
60,0.16,35.61,6.67,-8.94
70,1.70,45.45,6.67,-14.34
80,3.05,53.23,6.67,-17.68
90,-0.71,55.32,6.67,-15.32
100,0.29,60.37,7.33,-15.93
200,2.33,98.26,8.67,-9.37
300,0.20,157.21,8.67,-23.88
400,0.89,201.66,12.00,-23.88
500,0.96,278.13,12.00,-55.91
600,0.92,320.35,12.00,-53.68
700,-0.72,351.25,12.00,-40.14
800,-1.72,381.56,12.00,-26.00
900,-0.30,416.18,12.00,-16.18
1000,0.97,461.46,12.00,-17.02
2000,-0.25,884.29,13.00,4.60
3000,1.74,1309.33,14.00,24.01
4000,-1.17,1695.28,14.67,82.50
5000,0.49,2146.35,14.67,75.87
6000,1.84,2611.22,14.67,55.45
7000,1.38,3095.42,14.67,15.69
8000,0.53,3534.80,14.67,20.75
9000,-0.41,3995.91,14.67,4.09
10000,1.23,4435.29,16.00,9.16
