episode,epReward,cumReward,cumRegret,empRegret
10,0.00,-5.58,4.00,10.02
20,1.23,-4.35,6.33,13.23
30,0.95,-2.62,8.00,15.95
40,0.00,-0.68,9.33,18.45
50,1.86,10.35,9.33,11.88
60,-0.32,10.58,9.33,16.09
70,0.52,16.95,10.00,14.16
80,2.14,22.20,10.00,13.35
90,0.00,31.38,10.00,8.62
100,-1.22,31.91,10.00,12.54
200,0.00,72.04,10.00,16.85
300,0.00,113.00,11.00,20.34
400,0.89,154.48,12.00,23.30
500,-0.41,211.53,12.00,10.69
600,0.00,264.51,13.00,2.15
700,0.79,311.34,13.00,-0.23
800,0.00,345.28,13.00,10.28
900,0.00,376.54,13.00,23.46
1000,0.00,425.17,13.00,19.28
2000,0.00,922.96,14.67,-34.07
3000,0.05,1388.61,15.33,-55.27
4000,1.28,1842.85,15.33,-65.07
5000,0.00,2303.15,15.78,-80.92
6000,0.00,2751.30,15.78,-84.64
7000,-0.10,3210.09,16.78,-98.98
8000,0.00,3640.99,16.78,-85.44
9000,0.00,4092.51,16.78,-92.51
10000,1.78,4503.21,16.78,-58.77
