episode,epReward,cumReward,cumRegret,empRegret
10,0.00,-2.40,2.56,6.85
20,1.25,-0.80,5.33,9.69
30,0.00,5.58,7.00,7.76
40,0.00,11.34,7.00,6.44
50,0.00,14.01,7.00,8.21
60,0.00,16.79,7.44,9.88
70,-0.69,19.52,7.44,11.59
80,0.27,26.06,7.44,9.49
90,0.74,29.30,8.11,10.70
100,0.00,33.95,8.11,10.50
200,-0.47,72.27,9.11,16.62
300,0.00,123.50,11.11,9.84
400,0.00,154.59,11.11,23.19
500,0.00,201.60,11.11,20.62
600,0.00,254.47,11.11,12.20
700,1.65,291.54,12.44,19.57
800,0.00,339.85,12.44,15.71
900,0.45,382.65,12.44,17.35
1000,0.00,441.02,12.44,3.43
2000,0.00,909.88,13.44,-21.00
3000,0.00,1365.39,13.44,-32.06
4000,1.06,1870.25,15.11,-92.48
5000,2.31,2298.24,16.78,-76.01
6000,0.00,2773.66,16.78,-107.00
7000,0.00,3196.77,16.78,-85.66
8000,2.77,3637.10,16.78,-81.54
9000,0.00,4080.21,17.44,-80.21
10000,-0.23,4519.64,17.44,-75.20
