episode,epReward,cumReward,cumRegret,empRegret
10,-2.30,2.90,4.67,1.54
20,0.64,10.77,7.78,-1.88
30,-0.62,13.56,10.44,-0.23
40,0.16,17.86,12.89,-0.09
50,-1.25,21.93,14.22,0.30
60,4.27,20.14,16.44,6.53
70,0.30,28.23,19.56,2.88
80,1.28,27.86,24.11,7.70
90,-1.44,28.59,29.11,11.41
100,1.00,27.94,33.56,16.50
200,1.16,25.26,77.78,63.63
300,0.99,32.09,121.33,101.24
400,-1.54,13.89,165.56,163.89
500,1.55,-14.77,210.11,237.00
600,1.53,4.07,254.11,262.60
700,-0.35,12.79,298.78,298.32
800,0.67,49.10,343.78,306.46
900,-2.17,11.60,388.22,388.40
1000,0.51,31.35,432.22,413.10
2000,1.35,2.83,876.44,886.06
3000,0.58,-79.49,1320.56,1412.82
4000,-1.22,25.82,1765.11,1751.95
5000,2.91,-42.35,2209.56,2264.58
6000,3.24,-40.75,2653.56,2707.42
7000,-1.45,-62.09,3098.00,3173.20
8000,-0.14,-114.83,3542.00,3670.39
9000,-0.24,-145.32,3986.44,4145.32
10000,0.28,-89.56,4430.89,4534.01
