episode,epReward,cumReward,cumRegret,empRegret
10,0.10,21.10,11.25,-0.76
20,1.85,25.32,26.20,15.36
30,-1.38,34.13,41.14,26.90
40,-2.11,31.25,56.08,50.12
50,-1.43,36.42,71.03,65.29
60,0.66,38.16,85.97,83.89
70,0.53,36.07,99.42,106.32
80,-0.15,47.15,111.38,115.59
90,5.02,59.90,124.28,123.18
100,0.47,71.93,132.46,131.49
200,-1.02,127.96,270.04,278.89
300,-2.08,161.29,413.59,448.98
400,1.34,223.17,560.84,590.52
500,0.44,282.46,707.29,734.66
600,-1.00,348.66,841.12,871.88
700,0.98,385.73,986.57,1038.24
800,5.69,427.07,1129.47,1200.33
900,2.49,483.12,1278.91,1347.70
1000,0.87,519.84,1423.87,1514.40
2000,-1.59,1049.68,2909.03,3018.82
3000,1.61,1542.48,4397.29,4560.26
4000,0.26,2013.38,5891.74,6123.60
5000,1.19,2455.65,7386.20,7715.58
6000,-1.96,3046.98,8880.66,9158.49
7000,0.94,3568.95,10375.11,10670.78
8000,0.88,4171.99,11869.57,12101.98
9000,0.28,4658.02,13364.02,13650.20
10000,-0.42,5219.61,14858.48,15122.86
