episode,epReward,cumReward,cumRegret,empRegret
10,0.00,-1.65,2.67,6.09
20,-0.27,-0.90,6.22,9.79
30,1.56,1.23,11.00,12.10
40,-0.29,2.20,15.44,15.57
50,-0.60,7.97,19.89,14.25
60,-2.33,5.55,23.44,21.11
70,-1.85,0.94,27.44,30.17
80,-3.10,-3.50,31.44,39.06
90,0.95,-0.60,33.22,40.60
100,3.01,6.94,35.44,37.51
200,-0.07,30.97,63.00,57.92
300,0.70,38.79,73.78,94.54
400,0.53,78.10,74.44,99.68
500,0.87,126.69,74.44,95.53
600,0.38,149.86,74.44,116.81
700,0.92,194.19,74.44,116.92
800,1.18,243.67,74.44,111.88
900,0.49,288.52,74.44,111.48
1000,2.57,317.87,74.44,126.57
2000,-0.38,756.37,76.11,132.52
3000,1.63,1172.99,76.78,160.35
4000,2.34,1620.29,77.78,157.49
5000,0.05,2048.78,78.78,173.44
6000,-0.32,2470.24,79.44,196.43
7000,2.26,2897.12,79.44,213.99
8000,0.42,3316.49,80.11,239.06
9000,-0.63,3775.16,80.11,224.84
10000,-1.16,4173.74,80.11,270.71
