episode,epReward,cumReward,cumRegret,empRegret
10,3.69,11.73,6.25,-0.39
20,0.58,21.69,11.54,0.97
30,4.88,25.85,14.87,8.15
40,1.68,36.30,15.37,9.03
50,0.81,41.80,15.37,14.86
60,-0.87,57.56,15.37,10.44
70,1.72,73.70,15.37,5.63
80,0.91,76.68,15.37,13.99
90,-1.46,85.33,15.37,16.66
100,-0.10,98.60,15.37,14.72
200,2.56,228.66,15.87,-2.01
300,1.81,350.85,18.57,-10.87
400,2.85,513.74,18.57,-60.43
500,3.33,654.23,18.57,-87.60
600,1.15,771.16,18.57,-91.20
700,2.56,897.60,18.57,-104.31
800,-0.31,988.53,18.57,-81.92
900,0.50,1089.41,21.26,-69.47
1000,3.74,1202.35,21.26,-69.08
2000,-0.28,2366.63,22.27,-100.09
3000,0.22,3534.37,23.46,-134.56
4000,-0.64,4582.69,24.65,-49.62
5000,2.84,5655.49,24.65,10.85
6000,-3.35,6846.78,24.65,-47.17
7000,1.38,7947.44,24.65,-14.56
8000,1.24,9156.80,24.65,-90.65
9000,-1.39,10197.70,24.65,1.72
10000,3.51,11379.49,24.65,-46.81
