episode,epReward,cumReward,cumRegret,empRegret
10,0.88,3.34,8.98,26.66
20,7.41,37.10,8.98,22.91
30,4.78,64.06,12.69,25.95
40,3.07,95.43,14.25,24.58
50,4.67,123.61,15.81,26.41
60,4.12,144.21,15.81,35.81
70,3.61,183.41,15.81,26.61
80,3.92,204.05,15.81,35.97
90,2.02,231.92,17.37,38.10
100,2.45,258.74,17.37,41.29
200,4.47,559.11,31.49,40.95
300,2.23,859.38,32.21,40.70
400,4.87,1138.45,35.04,61.65
500,6.62,1434.35,35.76,65.78
600,3.50,1729.26,35.76,70.90
700,3.47,2009.96,36.48,90.23
800,2.23,2318.07,36.48,82.14
900,3.33,2615.69,37.20,84.54
1000,2.83,2903.58,37.92,96.68
2000,4.44,5907.42,39.80,93.10
3000,-0.44,8904.03,39.80,96.75
4000,2.40,11934.55,39.80,66.49
5000,3.26,14990.75,41.68,10.55
6000,5.20,17899.85,41.68,101.71
7000,2.33,20958.97,41.68,42.86
8000,2.95,24007.31,41.68,-5.23
9000,2.09,26964.34,41.68,38.01
10000,2.76,30013.59,41.68,-10.98
