episode,epReward,cumReward,cumRegret,empRegret
10,0.00,-2.96,5.22,7.41
20,0.66,-3.65,7.22,12.54
30,0.00,-1.96,8.67,15.30
40,2.02,2.80,11.00,14.98
50,0.00,5.71,11.67,16.52
60,0.00,5.71,11.67,20.96
70,0.00,9.26,11.67,21.85
80,0.00,11.74,11.67,23.82
90,0.00,15.29,11.67,24.71
100,0.00,17.81,12.67,26.63
200,0.64,44.83,13.67,44.06
300,-0.64,88.94,14.67,44.39
400,1.12,125.92,15.67,51.86
500,0.00,168.61,16.67,53.61
600,0.91,208.97,16.67,57.70
700,-0.50,262.11,16.67,49.00
800,0.00,290.28,16.67,65.28
900,0.00,336.85,18.67,63.15
1000,0.00,371.38,18.67,73.07
2000,1.15,837.28,19.67,51.61
3000,0.00,1284.95,21.33,48.38
4000,0.00,1748.77,25.00,29.01
5000,0.00,2174.45,25.00,47.77
6000,0.00,2611.88,25.00,54.79
7000,0.00,3068.11,25.00,43.00
8000,0.33,3529.04,25.00,26.52
9000,2.04,3953.52,25.00,46.48
10000,0.00,4416.79,25.00,27.65
