episode,epReward,cumReward,cumRegret,empRegret
10,-1.39,6.79,3.33,-2.35
20,1.42,11.99,7.44,-3.11
30,2.00,13.30,12.11,0.04
40,-1.43,17.36,16.78,0.42
50,-2.04,16.72,20.78,5.50
60,-4.48,10.97,24.33,15.70
70,0.23,5.02,28.33,26.09
80,0.99,9.50,32.78,26.05
90,-1.61,6.15,36.78,33.85
100,-2.77,5.21,41.78,39.24
200,-0.36,5.77,71.11,83.12
300,-1.38,68.65,73.44,64.69
400,-1.06,121.92,74.11,55.86
500,0.26,169.35,74.11,52.87
600,1.49,210.64,74.11,56.03
700,-0.43,275.59,75.11,35.52
800,0.55,287.99,75.11,67.57
900,2.87,346.81,76.11,53.19
1000,1.42,384.17,77.11,60.28
2000,-0.51,802.02,79.44,86.86
3000,-1.14,1303.85,79.44,29.48
4000,0.15,1743.62,80.44,34.15
5000,-0.05,2163.40,80.44,58.83
6000,2.51,2600.71,80.44,65.95
7000,0.70,3017.69,80.44,93.42
8000,0.49,3506.32,80.44,49.24
9000,2.09,3941.79,80.44,58.21
10000,0.03,4364.17,80.44,80.28
