episode,epReward,cumReward,cumRegret,empRegret
10,0.84,5.44,4.11,-1.00
20,4.01,14.83,8.11,-5.94
30,0.89,4.72,11.22,8.61
40,-0.65,-0.67,15.67,18.44
50,-0.14,2.42,19.67,19.81
60,-0.93,-1.01,23.44,27.67
70,-1.57,2.12,27.89,28.99
80,-0.77,-2.96,31.89,38.51
90,3.25,-8.63,36.33,48.63
100,0.43,-9.33,40.33,53.77
200,-1.04,-11.81,85.11,100.70
300,0.14,-10.54,124.44,143.87
400,-1.09,-19.69,167.33,197.47
500,0.72,-8.55,210.44,230.77
600,0.59,-4.81,253.67,271.48
700,-0.18,8.38,296.33,302.73
800,-0.75,7.22,338.56,348.33
900,2.18,27.16,382.11,372.84
1000,0.97,32.64,424.33,411.81
2000,-3.70,49.12,864.78,839.77
3000,-1.77,-68.29,1308.78,1401.62
4000,-0.81,-161.08,1753.22,1938.86
5000,-0.29,-85.03,2198.33,2307.25
6000,-1.49,-107.30,2642.78,2773.97
7000,-0.98,-85.01,3087.22,3196.12
8000,0.07,-98.00,3531.67,3653.56
9000,2.08,-18.51,3976.11,4018.51
10000,0.54,53.88,4420.56,4390.56
