episode,epReward,cumReward,cumRegret,empRegret
10,-0.31,2.92,5.00,1.53
20,0.59,3.49,8.56,5.40
30,-1.57,-1.40,11.44,14.73
40,0.31,-2.74,14.56,20.52
50,1.08,-4.93,18.67,27.15
60,4.52,3.89,21.11,22.78
70,2.54,8.38,24.22,22.74
80,1.58,-4.46,28.22,40.01
90,0.00,-3.14,32.78,43.14
100,-0.43,-5.83,36.33,50.27
200,-1.21,-26.57,78.11,115.46
300,-0.77,-50.77,121.67,184.10
400,2.71,-52.76,162.56,230.54
500,-1.57,-42.98,206.11,265.20
600,-1.22,-46.83,250.56,313.50
700,-0.35,-56.80,295.11,367.91
800,-0.07,-47.15,338.67,402.71
900,0.24,-37.49,383.67,437.49
1000,0.92,-48.43,427.67,492.87
2000,1.25,-55.27,872.78,944.15
3000,-2.55,-155.69,1316.89,1489.02
4000,2.04,-170.12,1762.44,1947.90
5000,-1.14,-184.07,2207.44,2406.30
6000,0.04,-115.11,2651.89,2781.78
7000,-0.11,-159.12,3096.33,3270.23
8000,1.41,-127.28,3540.78,3682.84
9000,-0.80,-107.58,3985.22,4107.58
10000,-0.71,-119.35,4429.67,4563.80
