episode,epReward,cumReward,cumRegret,empRegret
10,-0.32,-1.30,2.89,5.74
20,0.24,4.97,5.11,3.92
30,-0.29,6.02,5.78,7.31
40,0.45,7.28,7.11,10.49
50,0.70,12.49,8.11,9.74
60,0.00,17.31,8.11,9.36
70,0.00,20.04,11.11,11.07
80,0.00,22.86,11.78,12.69
90,0.00,27.71,11.78,12.29
100,0.00,31.86,12.78,12.58
200,2.36,71.38,15.78,17.51
300,0.00,113.18,17.78,20.16
400,1.61,161.68,17.78,16.10
500,1.93,190.20,18.78,32.02
600,0.00,220.31,18.78,46.35
700,0.83,264.23,20.78,46.88
800,0.00,304.85,20.78,50.71
900,0.65,348.31,21.44,51.69
1000,1.43,394.23,22.44,50.21
2000,0.12,858.14,24.11,30.75
3000,1.13,1311.07,24.78,22.26
4000,0.89,1770.01,25.44,7.77
5000,0.00,2176.59,25.44,45.63
6000,1.18,2595.27,25.44,71.40
7000,0.81,3028.93,25.44,82.18
8000,0.00,3482.83,25.44,72.73
9000,0.00,3957.64,25.44,42.36
10000,0.00,4381.32,25.44,63.13
