episode,epReward,cumReward,cumRegret,empRegret
10,0.00,1.93,3.11,2.51
20,2.10,-3.26,7.33,12.15
30,0.00,-0.66,12.00,14.00
40,-0.68,-9.85,16.44,27.63
50,0.20,-3.06,20.11,25.28
60,-0.00,3.99,23.22,22.67
70,0.00,8.97,23.67,22.14
80,0.75,6.73,27.22,28.83
90,-0.19,12.84,30.33,27.16
100,1.86,15.31,34.33,29.13
200,1.81,54.38,47.44,34.51
300,0.87,113.11,51.00,20.22
400,2.24,161.79,51.89,15.99
500,-0.72,216.51,52.56,5.71
600,0.01,270.51,54.56,-3.85
700,-1.17,322.47,55.56,-11.36
800,-0.76,377.57,55.56,-22.01
900,1.34,429.99,55.56,-29.99
1000,2.09,469.83,55.56,-25.38
2000,0.59,885.90,56.22,2.99
3000,1.38,1268.21,59.22,65.13
4000,-1.08,1733.42,59.22,44.36
5000,0.97,2178.50,59.22,43.72
6000,0.03,2627.91,59.22,38.75
7000,-0.72,3127.44,59.22,-16.33
8000,-1.08,3557.30,59.22,-1.74
9000,0.06,4026.31,59.89,-26.31
10000,0.26,4491.64,60.56,-47.19
