episode,epReward,cumReward,cumRegret,empRegret
10,0.00,3.26,3.00,1.19
20,0.00,4.94,4.56,3.95
30,1.72,8.29,5.56,5.05
40,0.00,10.97,6.56,6.81
50,0.23,15.93,7.89,6.29
60,0.00,17.56,8.89,9.11
70,0.00,20.02,8.89,11.09
80,0.00,25.97,8.89,9.58
90,0.00,25.86,8.89,14.14
100,1.95,30.19,8.89,14.26
200,0.00,67.79,14.56,21.10
300,0.00,107.77,15.22,25.56
400,0.00,148.02,15.67,29.76
500,0.00,178.99,15.67,43.23
600,0.00,226.19,15.67,40.48
700,0.00,263.62,16.33,47.49
800,0.00,312.75,16.33,42.81
900,0.92,355.97,17.00,44.03
1000,0.00,394.21,18.00,50.23
2000,-0.43,837.18,20.00,51.71
3000,0.00,1302.11,21.44,31.22
4000,0.00,1782.51,22.44,-4.73
5000,0.72,2201.26,22.44,20.96
6000,0.00,2634.50,22.44,32.16
7000,0.39,3057.57,23.44,53.54
8000,1.55,3527.34,24.78,28.21
9000,0.00,3984.78,24.78,15.22
10000,2.23,4399.33,24.78,45.11
