episode,epReward,cumReward,cumRegret,empRegret
10,2.23,-16.46,13.70,19.43
20,0.64,-12.42,17.77,18.36
30,-0.69,-13.58,23.75,22.49
40,1.63,-11.66,29.16,23.54
50,-0.09,-12.16,31.22,27.01
60,0.52,-13.19,33.80,31.01
70,2.51,-13.28,39.21,34.07
80,1.22,-21.47,41.80,45.23
90,-1.72,-20.29,45.36,47.02
100,2.08,-10.77,48.18,40.47
200,-2.90,35.36,66.63,24.04
300,-0.09,58.89,72.30,30.21
400,1.10,69.04,72.30,49.76
500,0.10,119.75,72.30,28.75
600,-1.49,162.36,72.30,15.84
700,4.44,190.98,72.30,16.92
800,2.58,219.03,72.30,18.57
900,1.96,245.03,72.30,22.27
1000,-0.67,304.92,72.30,-7.92
2000,0.03,572.59,73.23,21.41
3000,1.19,780.50,73.23,110.50
4000,0.46,1023.18,76.00,164.82
5000,0.39,1410.33,76.00,74.67
6000,-3.17,1749.49,76.00,32.51
7000,-0.68,2098.64,76.00,-19.64
8000,2.36,2363.05,76.00,12.95
9000,2.22,2561.48,76.00,111.52
10000,-2.41,2848.89,76.00,121.11
