episode,epReward,cumReward,cumRegret,empRegret
10,2.53,0.61,4.89,3.83
20,-1.15,0.90,11.00,7.99
30,0.69,4.65,14.67,8.68
40,-0.04,6.57,18.00,11.21
50,-1.68,7.47,23.00,14.75
60,1.25,-1.38,27.00,28.05
70,-0.19,-7.79,31.22,38.90
80,0.24,-8.24,35.67,43.79
90,-1.14,-7.94,39.78,47.94
100,1.67,-10.40,44.22,54.85
200,1.81,-4.25,85.33,93.14
300,2.33,10.07,125.44,123.26
400,-1.46,22.51,169.56,155.26
500,3.39,34.79,214.00,187.43
600,-1.47,45.59,258.00,221.08
700,-0.45,26.02,304.11,285.09
800,1.32,28.18,348.56,327.38
900,1.37,11.95,392.11,388.05
1000,0.84,13.62,436.67,430.82
2000,0.86,91.66,881.67,797.23
3000,-1.86,40.42,1326.11,1292.92
4000,2.00,60.70,1770.56,1717.08
5000,0.03,-12.40,2215.00,2234.62
6000,1.45,-15.44,2659.44,2682.11
7000,2.37,-68.78,3103.89,3179.89
8000,-2.61,-88.92,3548.33,3644.47
9000,-1.15,-70.72,3992.78,4070.72
10000,-1.88,-160.39,4437.22,4604.83
