episode,epReward,cumReward,cumRegret,empRegret
10,-1.59,-1.19,5.22,5.64
20,0.31,-6.49,9.67,15.38
30,0.89,-7.11,13.44,20.45
40,-0.67,-10.28,17.11,28.06
50,0.70,-10.24,21.89,32.47
60,-1.58,-8.09,24.11,34.75
70,4.62,-8.79,29.22,39.91
80,-0.30,-2.91,33.33,38.47
90,3.50,-2.83,37.00,42.83
100,0.57,-0.67,41.78,45.12
200,-0.77,24.35,58.33,64.53
300,1.85,58.23,58.33,75.10
400,0.83,130.13,58.33,47.65
500,1.09,169.72,58.33,52.50
600,-0.21,199.40,58.33,67.27
700,1.08,254.24,58.33,56.87
800,-0.18,273.20,58.33,82.36
900,-0.23,320.84,58.33,79.16
1000,1.28,365.66,58.33,78.79
2000,0.86,738.80,59.67,150.09
3000,0.88,1241.14,60.33,92.19
4000,0.86,1685.21,60.33,92.56
5000,-1.18,2116.38,60.33,105.84
6000,-0.49,2594.24,60.33,72.43
7000,0.52,2934.11,60.33,177.00
8000,0.06,3401.39,60.33,154.16
9000,-0.14,3864.00,60.33,136.00
10000,-1.15,4298.13,60.33,146.31
