episode,epReward,cumReward,cumRegret,empRegret
10,4.63,29.38,6.76,8.61
20,5.95,65.82,9.37,10.16
30,2.71,92.05,16.72,21.92
40,1.41,128.12,16.72,23.83
50,4.57,170.11,16.72,19.82
60,1.83,216.82,16.72,11.10
70,5.09,259.55,16.72,6.36
80,4.29,303.25,16.72,0.65
90,3.19,339.08,16.72,2.80
100,5.46,381.23,16.72,-1.36
200,3.98,762.15,16.72,-2.40
300,1.46,1182.68,17.74,-43.05
400,3.85,1541.16,17.74,-21.66
500,3.19,1913.25,17.74,-13.88
600,7.38,2270.68,20.01,8.57
700,1.97,2651.33,20.01,7.79
800,3.22,3023.68,20.01,15.32
900,2.87,3404.51,20.01,14.36
1000,2.85,3779.31,20.55,19.44
2000,1.55,7519.90,24.85,77.59
3000,3.84,11378.01,24.85,18.22
4000,5.45,15268.42,26.40,-73.44
5000,1.01,19066.57,26.40,-72.85
6000,3.37,22890.53,26.40,-98.07
7000,4.46,26652.12,26.40,-60.91
8000,7.09,30428.31,26.40,-38.36
9000,6.12,34209.71,26.40,-21.01
10000,4.55,37946.94,26.40,40.50
