episode,epReward,cumReward,cumRegret,empRegret
10,0.88,1.86,3.44,2.59
20,0.00,2.35,4.33,6.54
30,0.00,1.59,6.44,11.75
40,0.00,1.97,8.44,15.81
50,0.00,12.92,9.44,9.31
60,0.00,17.34,9.44,9.32
70,0.00,17.34,9.44,13.77
80,1.34,23.50,9.44,12.06
90,0.00,24.23,10.44,15.77
100,1.96,32.63,10.44,11.81
200,0.67,78.36,10.44,10.53
300,0.48,127.68,12.11,5.65
400,0.00,170.62,12.11,7.16
500,0.00,210.96,13.11,11.26
600,0.00,243.06,13.78,23.60
700,0.00,281.36,13.78,29.75
800,0.19,339.39,13.78,16.17
900,0.00,377.96,13.78,22.04
1000,0.00,416.18,14.78,28.26
2000,0.50,867.41,16.44,21.48
3000,0.00,1282.57,18.44,50.76
4000,-0.68,1691.78,19.11,86.00
5000,0.00,2179.08,19.78,43.14
6000,0.00,2579.50,20.78,87.16
7000,0.00,3034.48,20.78,76.63
8000,1.25,3532.77,20.78,22.79
9000,1.59,3993.14,21.78,6.86
10000,0.00,4458.10,21.78,-13.65
