episode,epReward,cumReward,cumRegret,empRegret
10,-2.01,17.48,9.21,13.83
20,4.72,44.68,19.13,17.94
30,3.08,64.28,25.56,29.65
40,1.70,89.61,31.98,35.63
50,5.15,115.14,38.41,41.41
60,-0.49,143.38,43.23,44.48
70,3.94,172.98,44.84,46.18
80,0.78,200.81,48.85,49.67
90,3.24,221.30,55.28,60.49
100,3.15,247.15,60.90,65.95
200,5.24,476.84,129.18,149.35
300,1.94,706.39,199.93,232.90
400,-0.09,935.46,273.03,316.93
500,1.07,1161.23,349.35,404.26
600,2.91,1378.29,424.06,500.29
700,0.56,1611.81,502.78,579.88
800,3.44,1849.36,579.10,655.42
900,0.77,2070.12,657.02,747.77
1000,-1.56,2325.30,734.14,805.69
2000,3.61,4657.13,1521.39,1604.83
3000,2.23,7082.46,2315.12,2310.48
4000,2.00,9488.40,3107.99,3035.53
5000,4.88,11808.21,3909.71,3846.70
6000,4.36,14079.27,4710.62,4706.62
7000,2.24,16403.19,5513.13,5513.69
8000,1.34,18753.79,6314.85,6294.06
9000,2.04,21085.56,7115.75,7093.27
10000,0.40,23374.41,7919.07,7935.41
