episode,epReward,cumReward,cumRegret,empRegret
10,1.64,6.82,3.56,-2.38
20,-1.30,8.73,5.78,0.16
30,0.48,12.90,6.78,0.44
40,0.12,7.48,9.00,10.29
50,-0.79,1.11,12.33,21.12
60,-0.39,5.52,14.22,21.15
70,0.39,7.40,14.89,23.71
80,0.60,12.14,14.89,23.42
90,-0.19,19.63,15.33,20.37
100,0.01,28.40,15.33,16.04
200,-0.22,59.54,18.78,29.35
300,1.29,121.99,19.78,11.34
400,-0.55,142.34,20.78,35.44
500,0.30,179.78,20.78,42.45
600,-1.82,215.22,20.78,51.44
700,0.06,249.34,20.78,61.77
800,-1.41,284.51,20.78,71.04
900,0.25,347.19,20.78,52.81
1000,0.48,378.78,20.78,65.66
2000,-1.19,787.56,22.44,101.33
3000,1.34,1182.09,23.11,151.24
4000,2.04,1553.00,25.11,224.78
5000,-0.85,2008.63,25.78,213.59
6000,2.77,2499.93,25.78,166.73
7000,0.89,2985.81,25.78,125.30
8000,0.85,3342.21,25.78,213.34
9000,0.34,3782.36,25.78,217.64
10000,-1.38,4175.72,25.78,268.73
