episode,epReward,cumReward,cumRegret,empRegret
10,0.00,-0.42,4.44,4.86
20,-0.44,-2.85,9.33,11.74
30,0.00,-1.64,12.44,14.97
40,0.68,4.57,12.44,13.21
50,1.77,13.30,12.44,8.92
60,0.00,18.34,12.44,8.33
70,-0.99,22.46,12.44,8.65
80,0.00,26.43,12.44,9.13
90,0.00,30.77,12.44,9.23
100,0.00,30.40,12.44,14.05
200,0.14,81.22,12.44,7.67
300,0.00,116.33,12.44,17.00
400,0.00,150.36,12.44,27.42
500,1.28,199.87,12.44,22.35
600,0.79,233.66,12.44,33.01
700,0.00,285.16,12.44,25.95
800,0.00,332.72,12.44,22.84
900,0.00,386.36,12.44,13.64
1000,0.00,421.41,12.44,23.03
2000,0.00,863.99,12.44,24.89
3000,-0.61,1292.76,14.11,40.57
4000,1.00,1735.60,14.11,42.18
5000,2.01,2185.68,14.11,36.54
6000,0.00,2678.68,14.11,-12.01
7000,0.88,3155.33,14.78,-44.22
8000,1.62,3565.61,14.78,-10.05
9000,0.00,3986.08,15.44,13.92
10000,-1.26,4384.56,15.44,59.89
