episode,epReward,cumReward,cumRegret,empRegret
10,0.56,0.16,9.34,12.26
20,-3.86,-2.07,12.49,26.92
30,1.99,15.24,17.95,22.04
40,4.26,20.77,21.28,28.93
50,2.79,29.65,23.54,32.48
60,0.19,44.00,24.06,30.56
70,2.54,57.81,24.85,29.17
80,-1.77,68.32,26.17,31.09
90,2.52,83.14,27.65,28.70
100,-1.64,92.69,28.70,31.57
200,1.71,204.81,42.36,43.71
300,-1.15,290.33,53.91,82.45
400,1.22,404.47,65.54,92.58
500,2.26,496.11,75.08,125.19
600,2.42,590.08,83.75,155.49
700,-0.02,702.04,96.50,167.78
800,1.98,827.65,110.23,166.43
900,3.02,971.69,122.84,146.66
1000,-0.80,1063.82,134.73,178.78
2000,5.26,2216.87,223.33,268.34
3000,-1.12,3399.23,309.75,328.59
4000,2.38,4573.59,402.99,396.84
5000,4.05,5640.62,495.09,572.41
6000,2.91,6804.93,580.45,650.71
7000,0.52,7909.46,666.08,788.78
8000,1.24,9153.11,754.60,787.74
9000,2.30,10257.37,840.49,926.09
10000,3.76,11319.29,922.44,1106.78
