episode,epReward,cumReward,cumRegret,empRegret
10,0.00,-1.37,2.33,5.81
20,0.00,1.62,5.00,7.27
30,0.00,6.75,5.00,6.59
40,0.46,12.05,5.44,5.73
50,0.00,18.10,5.89,4.12
60,0.16,20.17,7.89,6.50
70,0.00,20.92,8.56,10.19
80,0.00,21.73,10.56,13.83
90,1.96,26.82,13.22,13.18
100,0.00,26.15,13.22,18.29
200,0.00,68.76,16.56,20.13
300,0.00,121.37,18.56,11.96
400,0.73,170.54,18.56,7.24
500,0.00,200.86,18.56,21.36
600,0.00,251.73,18.56,14.94
700,1.10,312.79,18.56,-1.68
800,0.80,353.17,18.56,2.39
900,0.00,395.89,18.56,4.11
1000,1.26,432.18,18.56,12.26
2000,0.00,865.05,19.56,23.84
3000,2.66,1365.20,19.56,-31.87
4000,0.74,1799.83,19.56,-22.06
5000,1.95,2220.07,19.56,2.15
6000,1.70,2582.73,20.00,83.94
7000,0.00,3066.88,20.00,44.23
8000,0.60,3466.50,21.00,89.06
9000,0.00,3894.04,21.00,105.96
10000,0.19,4293.77,21.00,150.68
