episode,epReward,cumReward,cumRegret,empRegret
10,2.13,16.83,8.69,12.13
20,2.57,52.96,8.69,4.96
30,4.49,77.66,8.69,9.23
40,1.87,105.82,8.69,10.03
50,3.42,129.70,8.69,15.12
60,3.19,150.85,8.69,22.92
70,2.00,179.07,8.69,23.67
80,4.13,208.10,8.69,23.60
90,3.17,242.85,8.69,17.81
100,3.40,263.73,8.69,25.89
200,2.78,604.58,8.69,-25.34
300,2.79,859.91,13.46,8.96
400,1.57,1180.41,16.62,-21.92
500,0.95,1431.45,17.15,16.65
600,7.11,1720.62,17.68,17.11
700,4.85,2015.35,18.20,12.00
800,6.26,2312.63,18.73,4.33
900,0.81,2559.01,19.26,47.58
1000,1.92,2854.03,19.26,42.18
2000,1.10,5866.94,20.31,-74.52
3000,2.70,8729.39,21.36,-40.76
4000,2.89,11665.56,21.89,-80.72
5000,3.31,14519.52,21.89,-38.47
6000,2.36,17359.38,21.89,17.88
7000,-1.61,20281.31,21.89,-7.84
8000,2.30,23134.84,21.89,34.84
9000,4.44,26005.53,21.89,60.36
10000,4.76,28841.22,21.89,120.88
