episode,epReward,cumReward,cumRegret,empRegret
10,-0.57,2.59,3.33,1.85
20,-1.13,-0.72,8.44,9.61
30,2.17,3.19,11.33,10.14
40,1.39,5.07,14.89,12.70
50,-0.03,11.32,18.00,10.90
60,0.40,16.10,19.33,10.57
70,0.12,14.66,22.44,16.45
80,-0.84,23.02,24.00,12.53
90,1.50,23.62,24.00,16.38
100,-0.51,22.50,25.11,21.95
200,2.72,71.64,26.89,17.25
300,0.46,93.35,29.00,39.98
400,1.11,146.28,30.00,31.49
500,-0.27,187.34,31.00,34.89
600,0.00,234.28,31.00,32.39
700,0.01,295.83,32.00,15.28
800,2.70,337.51,32.00,18.05
900,-0.70,384.79,32.00,15.21
1000,-0.76,433.72,32.67,10.72
2000,2.49,920.26,35.00,-31.37
3000,1.93,1330.67,35.67,2.66
4000,-0.52,1759.82,36.67,17.96
5000,-1.75,2167.46,36.67,54.77
6000,1.27,2469.12,37.33,197.55
7000,0.10,2858.89,37.33,252.22
8000,0.81,3349.19,38.33,206.36
9000,-0.66,3754.05,39.33,245.95
10000,-0.59,4257.80,39.33,186.64
