episode,epReward,cumReward,cumRegret,empRegret
10,0.00,-4.86,4.11,9.30
20,0.00,-5.84,8.44,14.73
30,0.00,-5.84,11.78,19.18
40,0.00,-4.44,14.44,22.22
50,0.00,-4.81,16.11,27.03
60,1.53,-3.27,19.44,29.94
70,0.00,-1.92,21.44,33.03
80,2.32,3.78,21.44,31.78
90,0.00,7.53,21.44,32.47
100,0.00,7.53,22.11,36.91
200,0.00,51.68,24.44,37.21
300,0.00,83.31,26.44,50.02
400,0.00,131.62,27.44,46.16
500,0.12,165.28,28.44,56.94
600,0.72,218.83,28.44,47.84
700,1.88,267.93,28.44,43.18
800,0.00,295.85,28.44,59.71
900,1.36,346.90,28.44,53.10
1000,1.41,385.95,28.44,58.50
2000,1.13,841.72,28.44,47.17
3000,0.00,1252.13,28.44,81.20
4000,0.00,1688.45,28.44,89.32
5000,0.00,2145.04,28.44,77.18
6000,1.05,2613.64,28.44,53.03
7000,0.00,3110.78,28.44,0.34
8000,0.00,3569.49,28.44,-13.94
9000,0.00,4045.91,28.44,-45.91
10000,2.21,4499.48,28.44,-55.04
