episode,epReward,cumReward,cumRegret,empRegret
10,0.00,-2.40,4.00,6.85
20,0.00,-0.88,6.33,9.77
30,0.00,-1.74,9.33,15.07
40,-0.09,1.98,12.00,15.80
50,-1.23,5.67,15.33,16.56
60,-1.83,12.63,17.56,14.03
70,0.37,17.67,20.78,13.44
80,-0.80,16.57,21.67,18.99
90,-1.09,20.12,23.44,19.88
100,-0.20,23.51,23.89,20.93
200,-2.06,46.33,25.67,42.56
300,-0.87,77.33,25.67,56.00
400,0.78,131.32,25.67,46.46
500,0.46,170.58,29.00,51.64
600,-1.04,219.04,30.67,47.63
700,-1.23,230.08,31.33,81.03
800,0.03,277.55,31.33,78.00
900,0.72,319.33,31.33,80.67
1000,-0.42,352.54,31.33,91.91
2000,-0.86,803.23,35.00,85.66
3000,-0.69,1264.01,35.00,69.32
4000,0.60,1763.18,35.00,14.60
5000,-0.01,2251.01,37.00,-28.79
6000,1.44,2747.39,38.33,-80.72
7000,0.13,3191.69,39.33,-80.58
8000,-0.04,3707.24,39.33,-151.69
9000,-1.74,4115.92,39.33,-115.92
10000,0.74,4577.16,39.33,-132.71
