episode,epReward,cumReward,cumRegret,empRegret
10,3.11,21.83,4.50,7.95
20,1.60,62.11,4.71,-2.56
30,0.66,99.72,6.39,-10.39
40,4.39,131.59,7.65,-12.48
50,2.06,151.15,7.98,-2.27
60,-0.81,175.77,10.29,2.89
70,0.78,198.25,12.03,10.19
80,4.01,223.18,13.01,15.03
90,4.09,249.28,13.59,18.72
100,4.92,280.44,13.70,17.33
200,0.40,557.61,13.81,37.93
300,0.14,864.42,14.87,28.89
400,2.69,1173.94,15.20,17.14
500,1.21,1479.54,15.93,9.31
600,3.17,1798.38,16.34,-11.75
700,1.32,2087.20,16.74,-2.81
800,3.62,2389.15,17.66,-6.98
900,1.39,2673.80,17.99,6.13
1000,4.75,2993.35,17.99,-15.65
2000,5.68,6035.90,18.43,-80.49
3000,7.41,8964.57,18.75,-31.46
4000,2.35,11903.04,18.86,7.78
5000,1.75,14914.59,19.08,-26.08
6000,2.86,17909.82,19.41,-43.59
7000,1.37,20813.07,19.52,30.86
8000,3.60,23834.80,19.52,-13.17
9000,3.71,26902.92,19.84,-103.58
10000,-0.31,29868.33,19.84,-91.29
