episode,epReward,cumReward,cumRegret,empRegret
10,-1.72,7.04,4.67,-2.60
20,1.72,4.69,9.00,4.20
30,2.39,10.90,13.44,2.43
40,2.42,15.05,17.89,2.73
50,-1.82,18.11,23.11,4.11
60,0.84,28.78,27.11,-2.11
70,0.53,21.31,31.56,9.80
80,-1.78,14.03,35.56,21.52
90,3.76,16.18,40.00,23.82
100,2.27,11.45,44.44,33.00
200,1.69,4.85,88.11,84.04
300,-0.27,27.34,132.11,105.99
400,-1.46,24.60,175.89,153.17
500,-2.34,4.68,219.67,217.54
600,-0.12,-3.09,263.67,269.75
700,-0.99,-25.89,307.89,337.00
800,0.99,9.89,351.89,345.66
900,1.14,17.08,396.33,382.92
1000,-0.09,14.26,440.78,430.18
2000,-4.37,6.74,883.89,882.15
3000,-1.92,20.22,1328.44,1313.12
4000,1.57,87.21,1772.22,1690.57
5000,4.03,99.97,2216.22,2122.26
6000,1.07,121.81,2660.67,2544.85
7000,-1.71,115.27,3105.11,2995.84
8000,-0.15,159.24,3549.11,3396.31
9000,0.97,84.82,3993.11,3915.18
10000,3.28,172.22,4437.56,4272.22
