episode,epReward,cumReward,cumRegret,empRegret
10,-1.10,-18.95,7.37,13.59
20,-3.60,-32.32,12.25,21.59
30,-1.27,-39.04,17.14,22.94
40,-0.51,-56.31,20.95,34.85
50,-2.50,-66.86,20.95,40.03
60,3.41,-76.40,21.76,44.21
70,-2.43,-83.22,23.41,45.66
80,0.11,-89.03,23.41,46.11
90,-3.03,-92.29,24.89,44.01
100,2.00,-90.82,26.55,37.17
200,-0.03,-107.65,27.21,0.35
300,-0.87,-144.89,30.80,-16.06
400,-3.41,-198.76,30.80,-15.84
500,0.34,-245.62,30.80,-22.63
600,-3.44,-274.90,30.80,-47.00
700,-2.79,-372.33,30.80,-3.22
800,-0.44,-421.94,30.80,-7.26
900,-2.52,-469.10,30.80,-13.76
1000,-4.99,-501.12,30.80,-35.38
2000,0.30,-979.22,33.27,-93.78
3000,2.21,-1662.80,36.55,53.29
4000,0.62,-2277.53,37.36,131.52
5000,-2.38,-2761.41,37.36,78.90
6000,-3.36,-3282.76,37.36,63.74
7000,-1.89,-3823.84,37.36,68.32
8000,-2.84,-4285.07,37.36,-6.95
9000,0.92,-4845.90,37.36,17.37
10000,-4.94,-5401.47,37.36,36.44
