episode,epReward,cumReward,cumRegret,empRegret
10,3.61,35.45,4.32,0.97
20,5.18,68.06,6.92,4.79
30,2.90,98.03,7.86,11.24
40,4.14,140.61,7.86,5.08
50,0.63,173.35,7.86,8.77
60,6.28,205.50,8.38,13.05
70,7.75,243.96,8.38,11.01
80,6.60,282.37,8.38,9.02
90,5.11,319.10,8.38,8.72
100,3.65,354.35,9.84,9.90
200,5.15,712.97,11.68,15.52
300,4.55,1056.60,14.41,36.13
400,1.00,1429.54,14.94,27.43
500,6.22,1811.34,15.99,9.87
600,4.96,2185.97,15.99,-0.52
700,3.68,2525.61,18.20,24.09
800,3.43,2882.99,19.89,30.96
900,2.29,3232.80,19.89,45.39
1000,2.07,3582.75,19.89,59.68
2000,5.57,7251.90,21.47,32.96
3000,2.70,10921.98,21.47,5.30
4000,4.74,14565.30,21.47,4.42
5000,3.53,18239.70,21.47,-27.55
6000,4.57,21785.65,21.47,68.93
7000,2.36,25450.50,21.47,46.51
8000,4.83,29159.61,21.47,-20.17
9000,4.03,32734.95,23.15,46.92
10000,-0.96,36456.87,23.15,-32.57
