episode,epReward,cumReward,cumRegret,empRegret
10,1.70,16.27,5.52,-1.28
20,-0.11,28.17,9.25,1.82
30,0.79,43.20,10.24,1.77
40,0.92,56.10,10.24,3.87
50,-0.93,72.11,11.17,2.85
60,2.21,78.83,11.17,11.12
70,3.18,96.07,11.17,8.87
80,0.09,116.94,11.17,2.99
90,2.01,141.81,11.17,-6.88
100,2.72,156.75,11.17,-6.84
200,0.52,283.10,16.62,16.74
300,-1.51,447.96,20.40,1.80
400,2.27,603.82,20.94,-4.15
500,1.16,754.91,20.94,-5.32
600,2.12,894.60,20.94,4.91
700,4.33,1033.29,20.94,16.14
800,1.98,1162.87,20.94,36.47
900,6.54,1292.93,20.94,56.33
1000,1.62,1416.72,20.94,82.46
2000,1.02,3012.97,21.87,-14.61
3000,-0.66,4536.78,22.81,-39.24
4000,0.62,5916.30,23.74,80.42
5000,1.85,7356.49,23.74,139.40
6000,0.99,8834.48,23.74,160.59
7000,1.40,10445.15,23.74,49.10
8000,0.02,11942.97,23.74,50.46
9000,1.65,13495.49,26.39,-2.88
10000,1.53,15073.14,26.39,-81.35
