episode,epReward,cumReward,cumRegret,empRegret
10,0.00,-3.98,3.11,8.42
20,0.00,-2.29,5.56,11.18
30,-0.70,-0.79,6.22,14.13
40,0.00,-2.07,8.56,19.85
50,0.00,5.44,9.56,16.78
60,0.08,5.64,9.56,21.02
70,0.00,9.90,10.56,21.21
80,0.00,15.77,10.56,19.79
90,-0.03,17.12,11.22,22.88
100,1.59,20.70,12.22,23.75
200,1.41,70.44,14.67,18.45
300,1.18,106.76,16.33,26.58
400,1.22,146.44,18.33,31.34
500,0.00,193.19,19.33,29.03
600,0.18,237.34,20.33,29.32
700,0.00,272.87,20.33,38.24
800,0.00,309.87,21.33,45.69
900,0.00,345.98,22.33,54.02
1000,0.00,388.76,22.33,55.68
2000,0.00,847.80,24.00,41.09
3000,0.00,1267.98,24.00,65.35
4000,0.00,1763.38,24.00,14.40
5000,0.00,2235.33,24.00,-13.11
6000,0.00,2694.09,24.00,-27.42
7000,0.00,3132.20,24.44,-21.09
8000,0.00,3583.44,24.44,-27.88
9000,0.00,4019.78,24.44,-19.78
10000,0.63,4458.83,24.44,-14.39
