episode,epReward,cumReward,cumRegret,empRegret
10,-0.22,23.39,4.80,5.58
20,2.79,52.15,4.80,5.80
30,7.18,81.14,4.80,5.78
40,3.21,104.40,4.80,11.49
50,6.96,130.47,4.80,14.39
60,2.82,162.14,4.80,11.69
70,-0.93,179.87,6.63,22.93
80,2.03,201.61,9.62,30.16
90,2.17,233.23,9.62,27.52
100,1.58,256.69,9.62,33.03
200,3.73,533.67,20.80,45.78
300,3.67,811.72,21.57,57.44
400,2.75,1114.84,24.56,44.04
500,1.68,1418.94,25.33,29.66
600,1.86,1716.80,25.33,21.52
700,3.26,2011.10,27.64,16.94
800,4.93,2287.97,27.64,29.79
900,6.76,2585.41,27.64,22.07
1000,-1.11,2861.50,27.64,35.71
2000,4.37,5756.70,30.73,37.71
3000,4.40,8852.13,30.73,-160.51
4000,1.62,11712.82,30.73,-124.01
5000,0.80,14587.20,31.50,-101.19
6000,2.60,17423.83,33.33,-40.60
7000,3.90,20315.74,34.10,-35.32
8000,3.42,23270.19,34.10,-92.56
9000,3.08,26168.69,34.10,-93.86
10000,1.55,29025.29,34.10,-53.25
