episode,epReward,cumReward,cumRegret,empRegret
10,-0.13,-7.09,7.95,8.23
20,0.90,-5.86,10.29,8.12
30,-1.79,-6.67,12.93,10.07
40,3.62,-8.30,13.68,12.83
50,2.32,-7.47,13.68,13.13
60,-2.14,-7.39,13.68,14.19
70,-2.40,-12.84,14.06,20.77
80,2.29,-23.07,15.94,32.13
90,1.65,-17.36,16.32,27.55
100,1.24,-17.14,16.70,28.47
200,1.33,-47.02,64.46,69.67
300,2.26,-69.08,117.04,103.06
400,2.36,-113.57,172.99,158.87
500,1.79,-135.63,221.88,192.26
600,-0.13,-194.20,272.02,262.16
700,0.16,-239.61,324.06,318.89
800,-1.51,-268.61,374.58,359.22
900,-1.31,-281.42,425.32,383.35
1000,0.35,-319.99,473.96,433.25
2000,-5.45,-642.88,979.83,869.40
3000,-0.00,-1033.56,1483.13,1373.34
4000,0.99,-1416.96,1996.24,1870.00
5000,-3.32,-1722.24,2490.71,2288.54
6000,-1.91,-2071.16,2995.35,2750.72
7000,3.20,-2378.41,3494.51,3171.23
8000,-2.00,-2745.74,4000.08,3651.82
9000,-1.74,-3075.42,4508.28,4094.77
10000,-1.11,-3455.30,5011.59,4587.90
