episode,epReward,cumReward,cumRegret,empRegret
10,1.10,20.69,4.88,14.60
20,5.46,51.37,9.05,19.20
30,3.12,88.41,9.05,17.45
40,2.55,128.01,9.05,13.14
50,3.45,157.11,9.05,19.33
60,3.33,188.62,9.05,23.10
70,2.62,224.05,9.05,22.96
80,4.97,261.03,9.05,21.27
90,4.72,298.41,9.05,19.18
100,2.61,332.28,9.05,20.60
200,2.19,689.14,9.05,16.61
300,2.02,1086.24,9.05,-27.63
400,1.93,1461.09,11.49,-49.61
500,2.23,1812.46,11.49,-48.10
600,1.67,2153.07,13.93,-35.84
700,5.19,2513.89,13.93,-43.80
800,2.08,2861.75,13.93,-38.78
900,2.42,3204.52,13.93,-28.68
1000,4.52,3557.48,13.93,-28.77
2000,6.98,7173.40,18.16,-115.98
3000,3.02,10731.09,24.84,-144.96
4000,3.99,14267.86,24.84,-153.03
5000,2.50,17735.85,29.01,-92.30
6000,3.18,21233.94,29.01,-61.68
7000,4.40,24738.28,31.45,-37.31
8000,4.81,28243.61,31.45,-13.93
9000,4.96,31817.15,31.45,-58.76
10000,2.99,35261.61,31.45,25.48
