episode,epReward,cumReward,cumRegret,empRegret
10,-1.32,-1.50,3.78,5.94
20,0.00,-1.50,8.78,10.38
30,1.41,7.78,11.11,5.55
40,-1.09,11.70,11.56,6.08
50,0.00,12.83,13.00,9.39
60,1.88,21.08,13.00,5.59
70,1.13,23.31,13.00,7.80
80,2.70,34.70,13.00,0.85
90,0.28,42.98,13.00,-2.98
100,0.00,45.30,13.00,-0.86
200,0.63,102.54,13.00,-13.65
300,0.19,151.38,14.00,-18.05
400,0.10,191.99,14.00,-14.21
500,-0.53,208.99,14.00,13.23
600,-0.45,251.60,14.00,15.07
700,1.08,284.53,14.00,26.58
800,-1.09,323.15,15.00,32.41
900,-1.88,358.30,15.00,41.70
1000,1.72,424.65,15.00,19.79
2000,2.86,893.92,16.67,-5.03
3000,0.34,1244.44,16.67,88.90
4000,1.96,1731.93,16.67,45.85
5000,-1.94,2193.81,17.33,28.41
6000,0.88,2724.83,17.33,-58.17
7000,1.17,3151.67,18.00,-40.56
8000,1.34,3608.42,18.00,-52.87
9000,0.22,4041.16,18.00,-41.16
10000,1.16,4510.23,18.00,-65.79
