episode,epReward,cumReward,cumRegret,empRegret
10,0.00,-3.20,3.33,7.64
20,0.00,-4.93,6.11,13.81
30,2.29,0.89,10.67,12.44
40,0.00,2.62,13.00,15.16
50,0.00,9.29,13.67,12.93
60,0.00,11.45,13.67,15.21
70,0.00,12.40,15.00,18.71
80,2.20,16.29,18.00,19.27
90,2.03,22.00,18.00,18.00
100,1.92,28.59,18.00,15.86
200,0.00,69.11,19.00,19.78
300,-0.76,113.29,19.00,20.05
400,0.00,157.73,19.00,20.04
500,0.79,205.24,19.44,16.98
600,1.60,250.13,19.44,16.54
700,1.54,287.43,19.44,23.68
800,0.00,328.52,19.44,27.03
900,1.68,373.25,19.44,26.75
1000,1.94,415.64,19.44,28.80
2000,0.80,856.72,19.44,32.17
3000,2.37,1292.17,21.44,41.17
4000,0.26,1733.79,21.44,43.99
5000,0.00,2156.72,21.44,65.50
6000,2.31,2562.47,21.44,104.19
7000,0.00,2989.14,21.44,121.97
8000,-0.73,3435.83,21.44,119.73
9000,0.00,3905.09,21.44,94.91
10000,2.16,4346.51,21.44,97.94
