episode,epReward,cumReward,cumRegret,empRegret
10,0.00,3.58,1.44,0.86
20,-0.37,6.16,3.89,2.72
30,1.64,14.49,5.89,-1.16
40,0.89,19.95,7.67,-2.17
50,-0.44,18.08,9.56,4.15
60,-0.07,22.56,10.00,4.11
70,0.00,25.99,10.44,5.12
80,-0.06,31.34,11.78,4.21
90,0.31,32.48,12.89,7.52
100,0.84,40.27,12.89,4.17
200,-0.29,86.84,13.89,2.05
300,0.37,119.32,14.56,14.01
400,-0.26,163.60,15.56,14.18
500,0.72,215.68,16.22,6.54
600,1.09,272.15,17.56,-5.48
700,0.66,329.33,17.56,-18.22
800,1.38,357.50,17.56,-1.94
900,1.21,416.46,17.56,-16.46
1000,-0.37,460.29,17.56,-15.85
2000,1.56,938.31,17.56,-49.42
3000,1.97,1437.05,19.89,-103.72
4000,1.67,1894.43,21.89,-116.65
5000,1.56,2394.08,21.89,-171.85
6000,0.13,2810.68,22.89,-144.01
7000,-0.03,3235.38,22.89,-124.27
8000,1.00,3637.25,22.89,-81.69
9000,-0.05,4042.49,22.89,-42.49
10000,-2.31,4480.43,23.56,-35.98
