episode,epReward,cumReward,cumRegret,empRegret
10,-0.78,-9.06,4.63,9.68
20,2.23,-11.75,9.18,12.98
30,-0.78,-13.73,9.38,15.57
40,-3.07,-17.45,13.93,19.90
50,1.51,-16.38,16.26,19.46
60,0.06,-27.66,20.06,31.35
70,-4.02,-38.06,23.87,42.36
80,1.27,-40.73,26.98,45.64
90,-2.44,-44.09,32.74,49.62
100,-1.35,-44.81,35.16,50.95
200,0.91,-81.45,64.40,93.74
300,-3.80,-106.03,100.30,124.46
400,3.86,-110.97,131.13,135.54
500,-2.23,-137.61,161.11,168.32
600,-0.29,-137.09,192.14,173.95
700,2.29,-171.21,224.91,214.21
800,0.89,-180.40,257.68,229.54
900,-1.95,-193.39,287.32,248.67
1000,-4.04,-231.09,324.42,292.52
2000,0.34,-516.49,638.89,639.34
3000,-1.57,-755.88,944.99,940.15
4000,-1.09,-995.58,1262.25,1241.27
5000,-3.71,-1329.80,1572.88,1636.91
6000,-3.04,-1523.64,1879.33,1892.18
7000,0.21,-1821.06,2201.81,2251.02
8000,-2.22,-2066.58,2499.72,2557.97
9000,2.08,-2243.66,2803.04,2796.47
10000,0.79,-2496.30,3113.32,3110.54
