episode,epReward,cumReward,cumRegret,empRegret
10,3.77,27.58,9.13,11.64
20,2.82,67.01,14.11,11.42
30,-0.21,102.52,26.35,15.13
40,2.85,138.82,28.91,18.05
50,1.01,169.47,28.91,26.61
60,1.15,200.90,31.40,34.39
70,0.76,245.63,31.40,28.89
80,1.71,280.50,31.40,33.24
90,3.12,325.97,31.40,26.98
100,5.79,369.21,31.40,22.95
200,2.51,759.91,31.40,24.41
300,4.22,1140.10,31.40,36.39
400,5.33,1548.48,33.89,20.18
500,3.30,1910.48,37.80,50.33
600,4.92,2324.36,40.36,28.62
700,1.53,2729.40,40.36,15.74
800,6.11,3118.18,40.36,19.12
900,1.45,3540.59,40.36,-11.13
1000,1.94,3958.01,40.36,-36.38
2000,4.16,7782.99,40.36,60.26
3000,4.14,11733.77,40.36,31.11
4000,1.49,15709.30,44.27,-22.79
5000,2.07,19683.03,44.27,-74.89
6000,0.52,23573.63,46.76,-43.87
7000,4.62,27501.67,46.76,-50.28
8000,3.59,31402.74,46.76,-29.72
9000,-0.21,35376.97,46.76,-82.33
10000,3.78,39379.36,46.76,-163.09
