episode,epReward,cumReward,cumRegret,empRegret
10,1.53,8.25,7.09,2.59
20,1.93,17.58,12.95,4.08
30,-1.46,29.13,14.81,3.37
40,2.72,45.52,16.86,-2.19
50,1.41,56.34,17.79,-2.18
60,3.02,66.13,17.79,-1.13
70,-0.95,70.31,18.72,5.52
80,-0.18,73.99,20.58,12.67
90,-2.12,83.46,23.37,14.04
100,0.24,93.06,24.30,15.27
200,2.39,206.08,28.01,10.58
300,2.22,331.15,34.32,-6.17
400,0.06,452.99,35.25,-19.68
500,2.74,583.45,35.25,-41.82
600,-1.11,682.10,35.25,-32.15
700,1.96,793.35,36.23,-35.07
800,1.47,905.97,36.23,-39.37
900,-1.06,1020.76,38.28,-45.83
1000,0.52,1124.62,40.34,-41.36
2000,-0.35,2191.51,44.45,-24.98
3000,1.11,3359.99,44.98,-110.21
4000,0.98,4500.80,47.49,-167.76
5000,-2.30,5471.08,47.49,-54.77
6000,-0.71,6543.92,48.02,-44.36
7000,1.00,7631.11,48.02,-48.28
8000,0.29,8777.98,48.02,-111.90
9000,0.87,9850.44,48.02,-101.09
10000,1.25,10958.88,48.55,-126.28
