episode,epReward,cumReward,cumRegret,empRegret
10,0.00,-2.90,4.56,7.34
20,3.15,1.82,8.22,7.07
30,1.68,10.57,8.22,2.76
40,1.70,26.29,8.67,-8.51
50,1.39,32.59,8.67,-10.36
60,2.47,35.46,8.67,-8.79
70,0.44,39.92,8.67,-8.81
80,0.00,44.28,8.67,-8.72
90,0.00,48.07,8.67,-8.07
100,0.00,48.29,8.67,-3.85
200,0.00,97.08,9.11,-8.19
300,0.00,133.58,9.11,-0.25
400,0.00,178.08,9.11,-0.31
500,2.98,222.99,9.11,-0.77
600,0.77,264.95,10.11,1.71
700,1.90,323.66,11.11,-12.55
800,0.00,369.52,11.11,-13.96
900,0.00,411.16,11.11,-11.16
1000,0.00,468.84,11.11,-24.40
2000,0.00,909.74,11.11,-20.86
3000,0.56,1346.57,11.78,-13.24
4000,0.00,1815.15,12.22,-37.37
5000,0.01,2224.62,12.22,-2.40
6000,0.92,2642.13,13.22,24.54
7000,0.00,3112.86,13.22,-1.75
8000,1.37,3547.75,13.22,7.80
9000,0.00,3982.03,13.22,17.97
10000,0.00,4445.95,13.89,-1.51
