episode,epReward,cumReward,cumRegret,empRegret
10,-2.27,-3.87,3.33,8.32
20,0.53,1.09,5.33,7.80
30,0.00,5.60,5.78,7.73
40,2.59,7.45,5.78,10.33
50,0.00,8.84,6.44,13.38
60,0.00,7.20,7.89,19.47
70,1.34,8.08,8.56,23.03
80,0.00,15.40,8.56,20.16
90,0.00,17.44,9.56,22.56
100,0.39,22.66,10.22,21.79
200,-0.02,80.28,13.89,8.61
300,1.98,127.13,15.33,6.21
400,0.00,168.56,18.00,9.21
500,0.04,213.66,18.00,8.56
600,1.86,257.19,18.00,9.47
700,1.19,297.80,18.00,13.31
800,0.00,340.68,18.00,14.87
900,0.00,389.92,19.00,10.08
1000,0.00,449.25,19.00,-4.80
2000,0.00,893.01,22.00,-4.12
3000,0.00,1337.23,23.00,-3.90
4000,0.00,1724.55,23.67,53.22
5000,0.00,2134.95,25.00,87.27
6000,1.16,2542.67,26.00,124.00
7000,1.54,2949.36,26.00,161.75
8000,2.51,3373.33,26.00,182.22
9000,1.77,3794.79,27.00,205.21
10000,0.00,4231.17,27.00,213.27
