episode,epReward,cumReward,cumRegret,empRegret
10,-0.73,-20.41,12.41,2.07
20,-0.98,-50.53,17.78,13.86
30,-4.72,-83.26,25.15,28.25
40,-0.32,-98.28,26.30,24.93
50,-1.87,-110.71,27.26,19.02
60,-0.14,-135.95,27.35,25.92
70,-3.67,-161.46,30.42,33.10
80,-2.92,-165.72,30.69,19.02
90,1.79,-180.53,31.06,15.49
100,-3.83,-182.72,31.15,-0.66
200,-0.80,-352.79,34.68,-13.97
300,0.48,-543.86,39.08,-6.27
400,-4.23,-705.99,42.71,-27.51
500,-2.89,-911.66,45.55,-5.22
600,0.74,-1088.73,48.67,-11.52
700,-2.76,-1284.62,51.79,0.99
800,-5.19,-1468.48,54.73,1.48
900,0.69,-1613.09,57.30,-37.29
1000,-0.46,-1794.56,59.87,-39.20
2000,2.38,-3638.31,94.82,-29.21
3000,-0.65,-5459.66,123.59,-41.62
4000,-0.41,-7239.57,154.06,-95.47
5000,-1.92,-9130.78,186.08,-38.02
6000,-0.89,-10971.17,218.02,-31.39
7000,-6.15,-12905.28,248.86,68.96
8000,1.91,-14780.06,279.97,109.98
9000,-0.96,-16616.57,309.61,112.73
10000,-1.33,-18376.32,340.53,38.72
