episode,epReward,cumReward,cumRegret,empRegret
10,6.68,35.91,5.13,7.49
20,3.29,69.87,8.90,16.94
30,-0.09,100.28,10.85,29.93
40,3.84,149.66,10.85,23.95
50,2.82,178.38,14.03,38.64
60,8.21,218.19,14.03,42.23
70,5.23,266.12,14.03,37.71
80,6.55,312.78,14.03,34.45
90,5.65,358.77,14.03,31.86
100,4.44,400.61,14.03,33.43
200,1.02,855.05,16.54,13.03
300,3.94,1282.37,16.54,19.75
400,3.03,1689.23,18.88,46.93
500,4.29,2126.24,19.42,43.97
600,4.35,2555.44,19.42,48.80
700,4.65,3037.22,20.05,1.06
800,2.71,3481.05,20.05,-8.73
900,7.62,3917.61,20.05,-11.24
1000,6.45,4342.68,20.05,-2.27
2000,4.70,8706.60,20.59,-25.79
3000,8.70,13046.26,20.59,-25.04
4000,8.00,17376.54,22.56,-14.91
5000,4.80,21682.88,24.52,19.15
6000,3.47,26034.44,24.52,7.99
7000,5.20,30336.65,24.52,46.19
8000,5.40,34761.24,26.49,-38.00
9000,4.55,39155.28,28.46,-91.64
10000,2.61,43538.92,28.46,-134.87
