episode,epReward,cumReward,cumRegret,empRegret
10,-0.90,-5.00,8.01,-0.07
20,0.61,-14.10,10.70,3.95
30,0.46,-9.31,10.70,-5.91
40,-1.22,-9.87,10.70,-10.43
50,-0.70,-14.64,10.70,-10.74
60,-1.69,-18.62,10.70,-11.83
70,-0.52,-26.54,10.70,-8.99
80,-0.13,-40.02,12.15,-0.59
90,-0.72,-28.20,12.15,-17.48
100,-2.76,-37.16,12.15,-13.60
200,0.67,-99.03,14.23,-2.48
300,-0.65,-134.09,14.23,-18.17
400,-1.70,-167.33,16.75,-35.69
500,-0.68,-231.40,16.75,-22.37
600,-3.24,-293.13,16.75,-11.40
700,-0.20,-316.61,19.26,-38.67
800,-3.25,-357.96,19.26,-48.08
900,1.26,-397.88,21.78,-58.92
1000,-1.06,-470.58,23.23,-36.97
2000,-0.12,-956.96,23.23,-58.14
3000,1.03,-1338.61,24.68,-184.03
4000,-3.32,-1903.19,24.68,-127.00
5000,2.30,-2469.59,26.13,-68.14
6000,-1.79,-3041.65,26.13,-3.63
7000,2.04,-3543.90,26.13,-8.93
8000,-2.62,-4089.37,26.13,29.00
9000,-0.82,-4566.80,26.13,-1.12
10000,0.61,-5052.05,26.13,-23.42
