episode,epReward,cumReward,cumRegret,empRegret
10,-2.35,8.06,6.96,16.11
20,1.08,24.79,6.96,23.55
30,3.95,50.89,6.96,21.64
40,4.08,67.47,15.78,29.23
50,3.06,89.14,18.68,31.73
60,-0.49,111.87,19.97,33.17
70,4.37,143.71,19.97,25.51
80,2.64,159.93,23.86,33.46
90,2.30,178.17,26.46,39.40
100,2.92,198.78,27.75,42.96
200,1.89,459.79,32.80,23.69
300,3.42,673.78,42.51,51.43
400,4.51,889.37,43.81,77.57
500,0.82,1111.84,43.81,96.84
600,1.71,1337.95,43.81,112.46
700,2.91,1560.95,43.81,131.20
800,1.68,1789.41,43.81,144.48
900,1.15,1997.13,47.70,178.50
1000,2.47,2266.49,47.70,150.87
2000,3.33,4762.47,50.29,72.25
3000,2.09,7171.69,50.29,80.39
4000,2.81,9617.86,50.29,51.58
5000,2.14,11969.61,50.29,117.19
6000,2.77,14414.80,50.29,89.36
7000,5.14,16769.50,51.59,152.02
8000,1.57,19197.23,51.59,141.65
9000,3.37,21607.31,51.59,148.93
10000,2.12,24059.93,51.59,113.67
