episode,epReward,cumReward,cumRegret,empRegret
10,0.00,-1.23,3.56,5.68
20,0.00,2.58,5.56,6.31
30,0.00,7.26,8.22,6.07
40,0.50,9.86,8.67,7.92
50,1.03,14.00,8.67,8.23
60,0.00,18.23,8.67,8.44
70,0.00,19.26,8.67,11.85
80,0.55,28.86,8.67,6.69
90,1.59,34.60,8.67,5.40
100,0.32,36.51,8.67,7.94
200,0.38,77.64,9.67,11.25
300,0.00,129.08,9.67,4.25
400,0.39,174.44,11.00,3.33
500,1.48,227.08,11.67,-4.86
600,0.00,268.98,13.67,-2.31
700,0.00,311.96,13.67,-0.85
800,0.00,341.99,13.67,13.56
900,1.73,384.44,13.67,15.56
1000,0.00,444.20,13.67,0.25
2000,1.04,877.52,16.11,11.37
3000,0.00,1342.40,16.11,-9.07
4000,0.00,1837.36,17.11,-59.59
5000,3.23,2282.23,18.78,-60.01
6000,0.00,2748.18,18.78,-81.51
7000,1.59,3112.52,19.78,-1.41
8000,0.00,3572.91,19.78,-17.35
9000,0.00,4001.36,20.44,-1.36
10000,0.00,4437.09,20.44,7.35
