episode,epReward,cumReward,cumRegret,empRegret
10,0.00,-1.78,3.00,6.22
20,0.46,1.18,7.44,7.71
30,0.39,-0.49,11.56,13.82
40,1.05,-0.57,16.00,18.35
50,-0.54,7.54,19.22,14.68
60,0.00,7.57,22.67,19.10
70,-0.82,6.35,25.00,24.76
80,-1.92,14.43,25.89,21.13
90,1.39,21.43,27.44,18.57
100,1.27,30.66,27.44,13.79
200,2.37,82.21,30.11,6.68
300,0.20,138.89,30.11,-5.55
400,2.47,202.55,30.11,-24.77
500,-0.42,243.87,30.78,-21.65
600,1.19,287.79,30.78,-21.12
700,0.58,312.84,32.44,-1.73
800,-0.32,342.79,32.44,12.76
900,0.60,383.04,32.44,16.96
1000,-0.22,438.77,32.44,5.68
2000,-0.74,834.10,32.44,54.79
3000,-2.89,1291.02,34.11,42.31
4000,2.22,1760.59,35.11,17.19
5000,-0.99,2244.02,35.11,-21.79
6000,1.20,2667.20,35.11,-0.54
7000,-1.19,3094.84,35.11,16.27
8000,1.67,3594.11,35.78,-38.55
9000,-1.49,4053.05,35.78,-53.05
10000,1.98,4529.73,36.44,-85.29
