episode,epReward,cumReward,cumRegret,empRegret
10,-0.44,1.64,2.22,2.80
20,-0.40,6.97,6.22,1.92
30,1.85,7.67,10.89,5.67
40,-2.89,14.45,14.44,3.32
50,-0.48,18.83,18.89,3.39
60,-1.20,13.19,23.33,13.48
70,1.00,17.50,26.56,13.61
80,-3.05,19.07,29.56,16.48
90,0.00,17.55,31.44,22.45
100,0.24,12.87,33.67,31.58
200,-1.53,45.05,41.78,43.84
300,-0.10,88.21,42.44,45.12
400,2.99,139.42,46.11,38.36
500,0.05,196.72,46.11,25.50
600,-0.52,254.36,46.78,12.31
700,1.03,272.39,46.78,38.72
800,-0.32,307.30,46.78,48.26
900,-1.58,340.71,46.78,59.29
1000,-0.29,379.33,46.78,65.12
2000,-2.34,819.00,49.44,69.89
3000,-1.27,1275.04,50.44,58.30
4000,0.74,1737.12,52.11,40.66
5000,0.20,2176.84,53.11,45.38
6000,-2.15,2661.79,53.11,4.88
7000,-0.16,3055.17,53.11,55.94
8000,0.75,3469.09,54.11,86.47
9000,0.45,3881.36,54.11,118.64
10000,-0.13,4361.16,54.11,83.29
