episode,epReward,cumReward,cumRegret,empRegret
10,3.95,15.61,8.03,3.06
20,0.76,28.15,8.03,9.19
30,-0.60,45.26,9.32,10.73
40,1.58,57.71,10.62,16.95
50,3.24,83.91,10.62,9.42
60,0.74,100.05,10.62,11.95
70,1.15,130.28,10.62,0.38
80,0.24,141.87,10.62,7.46
90,5.15,164.00,14.39,3.99
100,2.85,183.14,14.39,3.52
200,1.19,325.32,14.39,48.00
300,0.32,510.97,16.57,49.01
400,0.22,697.40,16.57,49.24
500,4.68,865.02,20.04,68.28
600,-1.42,1062.96,21.53,57.00
700,3.28,1224.22,29.71,82.40
800,2.47,1428.14,35.28,65.14
900,1.62,1632.66,39.75,47.28
1000,2.51,1821.51,42.73,45.09
2000,2.51,3676.62,60.60,56.58
3000,3.49,5552.29,62.09,47.50
4000,1.43,7447.87,62.09,18.51
5000,2.97,9399.60,62.09,-66.62
6000,0.39,11291.61,62.09,-92.03
7000,2.70,13110.63,62.09,-44.46
8000,3.13,14948.20,62.09,-15.44
9000,-0.81,16926.82,62.09,-127.46
10000,4.55,18767.52,62.09,-101.57
