episode,epReward,cumReward,cumRegret,empRegret
10,2.62,0.61,2.67,3.84
20,1.15,-0.92,5.33,9.81
30,0.00,2.60,7.33,10.74
40,0.00,2.60,8.67,15.18
50,0.00,7.39,10.00,14.84
60,0.51,20.12,10.00,6.55
70,-0.34,20.33,10.00,10.78
80,0.00,29.57,10.00,5.99
90,0.00,37.94,10.00,2.06
100,0.00,41.46,11.00,2.98
200,0.00,86.09,12.00,2.80
300,2.51,137.65,12.00,-4.32
400,0.00,173.10,13.00,4.68
500,0.00,224.87,13.00,-2.65
600,1.75,275.35,14.00,-8.69
700,1.21,334.88,14.00,-23.77
800,0.00,385.70,14.00,-30.14
900,0.23,437.95,14.00,-37.95
1000,1.50,479.02,14.67,-34.58
2000,0.00,881.86,14.67,7.03
3000,0.00,1303.92,14.67,29.41
4000,2.83,1693.40,14.67,84.38
5000,0.00,2157.60,14.67,64.62
6000,0.92,2597.14,14.67,69.53
7000,0.00,3022.66,16.33,88.45
8000,0.00,3443.94,17.00,111.62
9000,0.00,3807.46,17.00,192.54
10000,2.15,4236.42,17.00,208.02
