episode,epReward,cumReward,cumRegret,empRegret
10,5.47,20.04,4.62,-1.09
20,-4.17,38.15,6.61,-0.25
30,1.80,60.11,8.75,-3.27
40,2.02,73.84,8.75,1.95
50,2.61,97.80,8.75,-3.06
60,3.64,124.77,8.75,-11.08
70,3.82,145.87,8.75,-13.23
80,0.34,162.88,8.75,-11.30
90,1.68,179.54,8.75,-9.01
100,1.05,203.13,8.75,-13.65
200,4.05,376.40,10.22,2.56
300,2.15,562.39,10.22,6.06
400,1.16,741.84,10.22,16.10
500,1.91,916.38,10.22,31.03
600,1.72,1126.41,12.54,10.49
700,2.82,1332.50,12.54,-6.12
800,1.43,1512.12,14.68,3.74
900,-1.04,1715.28,14.68,-9.93
1000,1.23,1912.98,16.82,-18.16
2000,1.17,3709.63,25.94,80.03
3000,3.88,5571.83,27.10,112.66
4000,-0.06,7476.01,28.26,103.30
5000,0.95,9362.70,28.26,111.44
6000,0.20,11284.96,28.26,84.01
7000,-0.55,13164.84,28.26,98.96
8000,0.97,14934.15,28.26,224.48
9000,0.90,16924.66,29.43,128.80
10000,2.07,18777.10,31.57,171.19
