episode,epReward,cumReward,cumRegret,empRegret
10,-0.56,-1.22,12.55,11.43
20,0.14,7.54,16.61,12.88
30,2.32,10.41,19.72,20.22
40,1.48,17.38,23.04,23.45
50,0.03,15.43,29.25,35.60
60,3.25,27.76,33.13,33.49
70,-2.31,36.69,38.67,34.76
80,-0.39,31.35,48.60,50.31
90,-0.30,43.79,54.69,48.07
100,0.89,49.60,62.45,52.47
200,-0.47,53.02,135.96,151.12
300,1.44,101.18,209.10,205.03
400,0.54,140.82,286.70,267.47
500,0.40,161.35,364.31,349.02
600,-1.62,192.28,441.91,420.16
700,2.37,229.09,519.52,485.42
800,0.32,265.05,597.12,551.53
900,-2.23,312.58,674.73,606.08
1000,-4.58,333.51,752.33,687.22
2000,0.36,621.98,1528.13,1419.48
3000,1.82,777.36,2304.18,2284.84
4000,1.16,1030.55,3079.98,3052.38
5000,0.46,1258.70,3855.36,3844.96
6000,2.41,1406.08,4631.40,4718.32
7000,-0.60,1549.16,5407.45,5595.97
8000,1.94,1886.49,6183.49,6279.37
9000,0.36,2162.40,6958.87,7024.19
10000,-0.73,2401.25,7734.79,7806.07
