episode,epReward,cumReward,cumRegret,empRegret
10,3.38,8.22,11.63,8.36
20,2.65,38.87,12.37,-5.72
30,2.20,41.15,17.66,8.57
40,1.07,61.35,19.89,4.95
50,0.76,86.69,20.85,-3.81
60,0.75,101.66,21.60,-2.20
70,5.57,112.77,22.34,3.26
80,1.82,126.17,23.89,6.44
90,-2.11,138.39,23.89,10.78
100,5.56,164.52,23.89,1.24
200,-0.84,316.13,25.01,15.38
300,-1.22,468.78,25.23,28.48
400,-0.17,635.69,25.97,27.33
500,4.48,828.70,26.71,0.08
600,0.02,1003.37,27.46,-8.84
700,-2.29,1199.96,27.46,-39.68
800,3.51,1374.71,28.20,-48.67
900,-4.41,1558.41,28.20,-66.62
1000,0.99,1727.31,28.20,-69.76
2000,3.53,3439.20,28.20,-124.10
3000,1.22,4953.99,28.20,18.65
4000,-2.34,6590.68,28.94,39.52
5000,2.55,8266.03,28.94,21.72
6000,2.63,9921.22,28.94,24.08
7000,-0.18,11538.39,28.94,64.46
8000,-1.74,13262.57,28.94,-2.18
9000,-1.14,14985.83,28.94,-67.88
10000,6.22,16636.93,28.94,-61.43
