episode,epReward,cumReward,cumRegret,empRegret
10,0.00,-5.25,3.89,9.70
20,0.00,-3.34,5.22,12.22
30,0.00,-1.79,8.22,15.13
40,-0.77,0.41,8.89,17.37
50,0.00,-1.50,9.89,23.72
60,0.00,1.41,11.89,25.26
70,1.70,9.56,12.89,21.55
80,1.78,20.78,12.89,14.78
90,0.00,24.46,12.89,15.54
100,0.00,29.84,12.89,14.60
200,0.00,83.85,13.89,5.04
300,0.95,122.29,15.33,11.05
400,0.00,171.25,17.67,6.53
500,1.31,224.25,18.67,-2.03
600,0.51,262.91,18.67,3.76
700,0.00,324.59,19.67,-13.48
800,0.00,361.28,19.67,-5.72
900,0.00,412.92,19.67,-12.92
1000,0.00,459.57,20.67,-15.13
2000,1.50,901.75,22.67,-12.86
3000,0.00,1360.19,25.33,-26.86
4000,0.14,1817.29,26.33,-39.52
5000,-0.16,2283.05,27.33,-60.82
6000,2.18,2689.29,27.33,-22.63
7000,0.00,3146.02,27.33,-34.91
8000,0.00,3604.65,27.33,-49.09
9000,0.00,4058.93,27.33,-58.93
10000,0.00,4477.71,27.33,-33.27
