episode,epReward,cumReward,cumRegret,empRegret
10,0.00,2.30,3.00,2.14
20,0.00,1.17,4.11,7.72
30,-3.46,2.28,7.44,11.05
40,0.00,2.28,9.44,15.50
50,0.42,4.21,10.78,18.01
60,0.00,6.78,10.78,19.89
70,0.26,10.57,12.11,20.54
80,0.00,9.78,14.78,25.78
90,0.00,14.77,14.78,25.23
100,1.76,21.89,14.78,22.55
200,0.00,84.52,14.78,4.36
300,0.00,132.90,15.78,0.44
400,0.00,193.21,16.78,-15.43
500,-0.19,231.65,18.78,-9.43
600,1.23,281.73,18.78,-15.07
700,1.18,325.65,18.78,-14.54
800,0.00,371.24,18.78,-15.69
900,1.00,412.71,19.78,-12.71
1000,0.00,453.75,19.78,-9.31
2000,2.14,854.44,20.78,34.45
3000,1.72,1240.67,21.78,92.66
4000,1.56,1714.68,22.78,63.10
5000,2.37,2117.29,22.78,104.93
6000,0.00,2552.17,22.78,114.49
7000,0.00,3015.39,22.78,95.72
8000,0.00,3484.91,22.78,70.65
9000,1.31,3954.54,23.78,45.46
10000,1.04,4396.05,23.78,48.40
