episode,epReward,cumReward,cumRegret,empRegret
10,0.00,-1.33,2.67,5.77
20,-0.71,0.24,4.67,8.64
30,0.83,4.62,6.44,8.71
40,0.00,6.48,9.78,11.30
50,0.00,2.08,12.44,20.14
60,1.19,-3.99,16.22,30.65
70,-2.11,-11.87,19.44,42.98
80,2.96,-8.23,23.22,43.78
90,-2.92,-13.45,25.89,53.45
100,-1.73,-14.72,30.00,59.16
200,-2.44,10.07,40.00,78.82
300,-1.41,42.59,40.44,90.75
400,0.61,89.63,42.11,88.15
500,1.44,132.25,45.11,89.97
600,0.86,169.69,45.11,96.98
700,-0.20,204.49,45.11,106.62
800,1.12,263.23,45.11,92.32
900,1.22,299.21,46.11,100.79
1000,3.10,363.69,46.11,80.75
2000,2.16,871.27,49.11,17.62
3000,0.45,1307.13,49.11,26.20
4000,2.00,1713.35,50.44,64.43
5000,-1.18,2159.30,52.11,62.92
6000,1.27,2581.87,53.11,84.80
7000,0.11,3025.12,53.11,86.00
8000,0.62,3344.14,53.11,211.42
9000,-2.97,3795.98,53.11,204.02
10000,-0.58,4176.32,53.11,268.12
