episode,epReward,cumReward,cumRegret,empRegret
10,6.29,46.92,2.44,5.48
20,8.26,103.84,7.72,0.95
30,4.90,152.03,9.02,5.15
40,4.80,210.62,9.02,-1.04
50,5.12,270.01,9.62,-8.03
60,4.58,315.69,10.85,-1.31
70,4.07,363.30,10.85,3.47
80,3.74,412.16,12.09,7.00
90,3.31,457.66,12.09,13.90
100,4.69,509.01,12.69,14.94
200,7.28,1022.32,15.85,25.59
300,5.33,1553.33,15.85,18.53
400,4.27,2074.41,16.45,21.40
500,8.23,2576.55,18.61,43.21
600,6.16,3080.99,18.61,62.73
700,5.24,3601.35,19.31,66.32
800,3.44,4168.52,20.65,23.10
900,6.73,4697.01,21.34,18.56
1000,2.74,5217.57,21.34,21.96
2000,4.67,10496.86,22.58,-17.80
3000,2.91,15818.72,23.18,-100.14
4000,5.01,21175.58,23.18,-217.47
5000,4.50,26424.30,23.82,-226.67
6000,5.09,31679.88,24.46,-242.72
7000,5.94,36915.49,24.46,-238.80
8000,6.75,42201.73,24.46,-285.52
9000,2.02,47391.43,25.10,-235.69
10000,8.75,52732.84,25.70,-337.58
