episode,epReward,cumReward,cumRegret,empRegret
10,0.01,-2.70,3.11,7.15
20,0.00,-2.30,6.11,11.19
30,0.00,-2.30,11.11,15.63
40,0.00,-2.30,14.78,20.08
50,0.00,-2.14,18.44,24.36
60,0.00,-2.14,19.78,28.81
70,0.00,-2.14,22.78,33.25
80,0.00,-2.01,26.11,37.57
90,0.00,-1.32,32.11,41.32
100,1.38,1.81,32.78,42.64
200,-1.71,47.78,33.44,41.11
300,1.75,102.33,33.44,31.00
400,-0.09,144.04,33.44,33.74
500,0.00,190.79,34.44,31.44
600,-0.37,248.81,34.44,17.86
700,0.00,278.79,34.44,32.32
800,0.72,330.19,34.44,25.37
900,1.80,368.45,34.44,31.55
1000,0.00,422.50,34.44,21.95
2000,1.71,903.14,34.44,-14.25
3000,0.00,1334.30,34.44,-0.96
4000,0.00,1762.17,35.44,15.61
5000,0.00,2190.03,35.44,32.19
6000,-0.40,2678.01,35.44,-11.35
7000,0.75,3115.19,35.44,-4.08
8000,0.00,3521.04,35.44,34.51
9000,0.00,3984.17,35.44,15.83
10000,2.32,4423.53,36.44,20.92
