episode,epReward,cumReward,cumRegret,empRegret
10,2.02,-4.32,8.10,8.21
20,1.91,-9.58,12.41,17.36
30,-0.09,-3.13,13.61,14.80
40,3.35,6.40,15.24,9.16
50,4.04,16.38,16.47,3.07
60,1.19,24.26,17.46,-0.92
70,-0.64,17.65,18.20,9.59
80,2.29,30.51,18.81,0.61
90,-3.56,31.39,19.30,3.63
100,0.38,32.35,19.80,6.56
200,0.22,53.09,28.76,24.73
300,1.11,103.22,35.53,13.51
400,-1.67,123.58,41.68,32.05
500,3.73,160.99,47.10,33.55
600,-1.73,198.94,54.35,34.51
700,-2.76,233.31,60.51,39.04
800,0.50,266.17,67.89,45.09
900,0.32,306.69,73.67,43.48
1000,0.37,354.71,80.19,34.36
2000,-0.55,726.30,142.32,51.86
3000,1.11,1097.44,208.99,69.80
4000,-2.15,1415.23,274.57,141.08
5000,2.63,1745.31,337.19,200.09
6000,-1.13,2031.38,402.37,303.09
7000,-0.06,2307.30,464.74,416.25
8000,1.81,2684.98,532.87,427.65
9000,-1.63,3088.81,593.77,412.91
10000,-2.13,3343.60,654.80,547.20
