episode,epReward,cumReward,cumRegret,empRegret
10,0.00,-2.38,5.00,6.83
20,0.00,-2.98,9.11,11.87
30,0.00,-2.67,12.22,16.00
40,0.00,-0.11,15.33,17.88
50,0.00,0.50,18.11,21.72
60,0.00,0.50,22.11,26.16
70,2.35,2.85,26.78,28.26
80,0.00,7.91,28.78,27.64
90,0.00,8.45,29.78,31.55
100,0.00,8.50,29.78,35.94
200,2.62,68.17,30.78,20.72
300,2.07,116.61,30.78,16.72
400,1.51,165.68,30.78,12.10
500,0.00,215.52,30.78,6.70
600,0.00,252.70,30.78,13.97
700,0.33,296.55,30.78,14.56
800,0.74,335.27,30.78,20.28
900,0.00,376.97,30.78,23.03
1000,0.00,404.18,31.78,40.27
2000,0.00,841.41,32.78,47.48
3000,0.00,1308.84,33.78,24.50
4000,0.00,1740.54,35.78,37.23
5000,0.21,2174.83,35.78,47.39
6000,0.00,2595.47,35.78,71.20
7000,0.00,3033.33,35.78,77.78
8000,2.00,3434.70,35.78,120.86
9000,0.00,3903.07,35.78,96.93
10000,0.33,4373.68,35.78,70.76
