episode,epReward,cumReward,cumRegret,empRegret
10,-0.67,-2.69,3.33,7.14
20,1.01,3.18,7.56,5.71
30,0.00,4.35,10.22,8.98
40,0.00,9.10,11.56,8.68
50,-0.67,17.67,12.22,4.55
60,0.82,24.67,12.22,2.00
70,0.00,26.00,12.22,5.11
80,0.00,28.59,12.89,6.96
90,1.63,33.50,12.89,6.50
100,0.00,38.24,13.89,6.20
200,0.00,80.29,15.89,8.60
300,0.00,127.52,16.89,5.81
400,0.00,162.63,16.89,15.15
500,1.36,210.96,16.89,11.26
600,-0.41,243.15,16.89,23.51
700,2.14,279.96,16.89,31.15
800,-0.47,323.09,17.89,32.47
900,-0.58,361.03,17.89,38.97
1000,0.00,397.54,17.89,46.91
2000,2.15,829.39,17.89,59.50
3000,0.00,1289.88,17.89,43.45
4000,0.00,1728.25,17.89,49.53
5000,0.00,2177.91,17.89,44.31
6000,0.32,2626.45,17.89,40.22
7000,0.00,3061.41,18.89,49.70
8000,1.00,3488.44,18.89,67.11
9000,0.00,3914.36,18.89,85.64
10000,1.11,4363.59,18.89,80.85
