episode,epReward,cumReward,cumRegret,empRegret
10,0.00,-2.61,3.44,7.05
20,1.75,-1.45,7.11,10.34
30,0.00,4.61,7.78,8.72
40,1.07,6.77,9.44,11.01
50,1.69,10.80,9.44,11.43
60,0.00,15.40,10.11,11.27
70,0.00,17.21,10.11,13.90
80,0.24,21.62,10.11,13.94
90,0.41,27.86,10.11,12.14
100,2.06,31.70,10.11,12.75
200,0.00,73.18,12.78,15.71
300,0.00,118.05,12.78,15.28
400,0.00,165.01,12.78,12.77
500,0.00,220.96,12.78,1.26
600,0.00,255.44,13.78,11.22
700,0.04,295.76,14.22,15.35
800,-1.79,350.87,14.22,4.68
900,1.84,390.74,14.22,9.26
1000,0.23,435.35,14.22,9.09
2000,2.40,871.93,14.22,16.95
3000,0.00,1294.08,15.22,39.26
4000,0.00,1785.65,15.89,-7.87
5000,0.00,2249.34,16.89,-27.12
6000,0.00,2707.86,16.89,-41.19
7000,0.00,3143.51,17.89,-32.40
8000,0.56,3564.45,17.89,-8.89
9000,0.34,4018.73,17.89,-18.73
10000,2.01,4468.73,17.89,-24.29
