episode,epReward,cumReward,cumRegret,empRegret
10,2.40,12.36,7.38,5.95
20,3.24,28.39,11.18,8.22
30,0.31,50.96,11.92,3.96
40,-0.67,62.38,12.65,10.85
50,3.62,92.31,12.66,-0.78
60,2.97,109.57,12.68,0.27
70,5.89,130.86,12.71,-2.71
80,-0.78,152.06,12.73,-5.61
90,-0.14,164.41,12.77,0.35
100,0.32,181.91,12.80,1.14
200,-1.85,386.58,13.02,-20.47
300,2.20,588.19,13.18,-39.01
400,2.56,764.40,14.08,-32.16
500,0.87,928.74,14.30,-13.45
600,0.85,1116.04,14.55,-17.69
700,0.69,1300.87,14.73,-19.46
800,0.35,1471.66,14.96,-7.20
900,2.25,1653.42,15.14,-5.89
1000,2.90,1806.15,15.34,24.43
2000,2.84,3600.41,17.26,60.75
3000,3.00,5506.57,19.84,-14.83
4000,-1.13,7359.81,23.63,-37.48
5000,3.12,9156.26,27.87,-3.36
6000,3.22,11045.97,29.82,-62.49
7000,-0.13,12963.12,33.22,-149.06
8000,1.08,14759.51,35.24,-114.86
9000,0.31,16608.39,37.25,-133.17
10000,1.32,18507.63,39.80,-201.83
