episode,epReward,cumReward,cumRegret,empRegret
10,-0.57,-14.27,6.40,11.94
20,-1.58,-21.60,7.49,16.93
30,-2.86,-36.02,11.30,29.02
40,-3.49,-41.31,14.27,31.98
50,-1.79,-54.41,15.28,42.74
60,-0.17,-61.16,19.57,47.16
70,1.71,-63.06,19.57,46.73
80,1.02,-52.38,19.57,33.71
90,1.88,-49.89,19.57,28.89
100,-0.05,-50.24,19.57,26.91
200,-2.47,-70.72,21.40,24.06
300,3.28,-97.90,22.31,27.89
400,-1.55,-164.39,23.23,71.05
500,-1.43,-205.30,23.23,88.63
600,-2.34,-214.76,23.23,74.76
700,-1.11,-228.96,23.23,65.62
800,-0.06,-230.17,25.57,43.49
900,1.97,-223.53,25.57,13.53
1000,-2.56,-206.77,27.40,-26.57
2000,0.01,-337.19,33.01,-129.49
3000,0.61,-503.23,33.01,-196.79
4000,0.77,-770.23,34.84,-163.13
5000,-0.35,-1018.60,36.67,-148.10
6000,0.19,-1215.36,36.67,-184.68
7000,0.03,-1451.04,36.67,-182.34
8000,2.09,-1680.97,36.67,-185.75
9000,-2.17,-1961.38,36.67,-138.68
10000,2.01,-2150.65,39.02,-182.75
