episode,epReward,cumReward,cumRegret,empRegret
10,0.00,-2.21,2.44,6.65
20,1.29,-0.75,5.89,9.64
30,-0.41,2.16,9.67,11.17
40,0.93,9.27,11.44,8.51
50,-0.12,16.86,13.22,5.36
60,-2.27,20.41,15.00,6.25
70,0.34,22.06,16.78,9.05
80,0.06,24.76,18.56,10.80
90,-0.98,25.86,21.00,14.14
100,-1.76,36.07,23.67,8.38
200,1.45,72.83,34.44,16.06
300,-1.28,107.83,34.89,25.50
400,-0.40,125.52,36.56,52.26
500,0.01,152.15,38.56,70.08
600,0.52,189.52,40.56,77.15
700,-0.09,218.64,40.56,92.47
800,1.08,256.09,41.56,99.47
900,-0.16,314.60,42.56,85.40
1000,1.53,339.57,42.56,104.87
2000,0.23,799.19,43.22,89.70
3000,-0.13,1236.07,44.56,97.27
4000,0.05,1665.86,47.56,111.91
5000,-0.44,2102.71,48.22,119.51
6000,2.07,2503.99,48.22,162.68
7000,1.38,2994.00,50.89,117.11
8000,-0.11,3448.34,50.89,107.21
9000,1.30,3856.19,51.89,143.81
10000,-0.04,4293.71,51.89,150.74
