episode,epReward,cumReward,cumRegret,empRegret
10,0.02,12.50,7.20,11.11
20,0.92,37.40,7.20,9.82
30,0.85,54.56,7.20,16.28
40,2.78,78.26,7.20,16.19
50,2.94,86.76,7.20,31.30
60,1.02,106.83,10.21,34.85
70,2.48,137.46,10.21,27.83
80,3.29,165.53,10.21,23.37
90,2.50,192.89,10.21,19.63
100,3.34,212.74,10.21,23.40
200,5.01,464.25,10.21,8.02
300,2.50,711.54,10.21,-3.14
400,2.61,939.92,10.21,4.62
500,4.88,1153.31,10.21,27.37
600,3.13,1394.13,10.21,22.68
700,-0.40,1639.33,10.21,13.61
800,3.44,1859.71,10.21,29.37
900,3.46,2066.61,10.21,58.60
1000,3.89,2296.14,10.21,65.21
2000,2.11,4693.72,13.23,28.97
3000,3.35,7021.90,13.23,62.14
4000,0.29,9385.54,24.71,59.85
5000,1.41,11730.64,27.72,76.09
6000,2.02,14045.45,27.72,122.63
7000,4.59,16326.20,27.72,203.22
8000,1.05,18753.04,33.85,137.73
9000,-1.04,21219.40,33.85,32.72
10000,2.91,23584.63,33.85,28.84
