episode,epReward,cumReward,cumRegret,empRegret
10,-0.79,-20.64,14.85,12.47
20,2.53,-41.38,28.32,25.04
30,-6.55,-67.92,35.65,43.41
40,-2.97,-84.59,50.32,51.90
50,-1.97,-99.14,57.47,58.28
60,-1.74,-112.32,62.16,63.29
70,-6.94,-138.26,62.33,81.06
80,-0.70,-145.90,64.27,80.52
90,2.76,-139.94,64.38,66.39
100,-2.14,-150.42,64.44,68.69
200,0.86,-210.12,65.51,46.66
300,-3.91,-293.57,72.50,48.39
400,-1.65,-357.75,73.74,30.85
500,1.04,-407.98,74.98,-0.66
600,-5.38,-471.64,75.93,-18.72
700,-5.19,-580.78,77.28,8.69
800,3.31,-643.51,78.52,-10.30
900,1.87,-756.65,79.53,21.11
1000,-2.62,-818.72,82.31,1.45
2000,1.48,-1644.87,95.54,10.34
3000,-1.04,-2340.64,111.10,-111.15
4000,1.11,-3190.53,123.58,-78.52
5000,-1.90,-4089.72,135.66,3.40
6000,-2.56,-4891.49,147.46,-12.09
7000,-2.89,-5615.84,158.80,-105.01
8000,-2.44,-6501.35,172.01,-36.76
9000,1.82,-7171.53,184.82,-183.85
10000,-4.18,-8052.63,199.06,-120.01
