episode,epReward,cumReward,cumRegret,empRegret
10,0.00,-2.12,2.44,6.56
20,0.95,-0.69,5.00,9.58
30,-0.33,6.75,9.22,6.58
40,-0.02,0.84,13.67,16.93
50,3.51,10.99,18.22,11.23
60,0.19,9.70,21.33,16.97
70,-0.52,7.88,25.33,23.23
80,1.30,6.08,28.89,29.48
90,0.08,2.86,32.00,37.14
100,1.48,3.00,36.00,41.44
200,-0.01,10.29,78.00,78.60
300,-2.33,11.56,115.78,121.77
400,-1.05,-24.81,156.22,202.59
500,-0.08,-23.95,196.22,246.17
600,-0.37,-8.45,241.22,275.12
700,-0.79,-4.13,285.44,315.24
800,-2.27,-37.93,330.44,393.48
900,-0.48,-29.64,374.44,429.64
1000,-2.79,-3.61,419.44,448.05
2000,-0.01,-59.01,862.78,947.90
3000,1.07,-33.47,1307.78,1366.81
4000,-3.11,-116.91,1752.22,1894.69
5000,-1.37,-81.72,2196.67,2303.94
6000,-1.53,-90.05,2640.67,2756.72
7000,-3.56,-115.10,3085.11,3226.21
8000,-1.75,-129.54,3529.78,3685.10
9000,-1.70,-212.84,3974.22,4212.84
10000,-2.91,-295.69,4418.67,4740.13
