episode,epReward,cumReward,cumRegret,empRegret
10,1.20,2.34,4.33,2.11
20,3.37,3.74,8.11,5.15
30,0.68,-3.33,13.00,16.67
40,1.10,-5.72,18.22,23.49
50,0.00,-6.70,23.67,28.92
60,0.83,-2.17,27.78,28.83
70,-1.11,-5.10,32.22,36.21
80,0.45,-4.06,34.89,39.61
90,-1.53,1.01,40.00,38.99
100,2.79,7.65,43.33,36.79
200,2.55,73.62,54.89,15.27
300,-0.20,102.57,54.89,30.76
400,-0.23,165.78,54.89,12.00
500,0.37,229.94,54.89,-7.72
600,1.93,274.35,54.89,-7.68
700,2.12,308.92,54.89,2.19
800,-0.50,348.12,54.89,7.44
900,1.11,394.62,54.89,5.38
1000,-0.21,453.90,54.89,-9.46
2000,-1.20,965.28,54.89,-76.39
3000,0.25,1361.51,57.89,-28.18
4000,0.75,1798.63,57.89,-20.85
5000,1.55,2168.43,57.89,53.79
6000,1.01,2592.48,57.89,74.19
7000,-1.82,3146.66,57.89,-35.55
8000,0.73,3674.21,58.89,-118.65
9000,0.30,4147.76,58.89,-147.76
10000,0.27,4630.74,58.89,-186.29
