episode,epReward,cumReward,cumRegret,empRegret
10,1.78,-5.90,10.77,8.79
20,2.49,-14.59,10.77,20.37
30,0.13,-3.95,10.77,12.61
40,0.02,-9.09,12.26,20.64
50,-0.40,-9.31,12.26,23.76
60,0.62,-4.50,13.75,21.83
70,-0.81,-5.11,16.81,25.33
80,-0.24,2.44,16.81,20.67
90,0.23,-3.97,16.81,29.96
100,0.78,-4.09,16.81,32.98
200,2.06,8.07,19.21,49.70
300,-0.66,39.10,20.70,47.55
400,0.81,49.52,20.70,66.02
500,1.47,80.69,22.19,63.74
600,0.82,122.07,22.19,51.25
700,-0.70,167.66,22.19,34.54
800,2.40,197.48,22.19,33.60
900,-1.17,228.88,22.19,31.09
1000,3.54,251.36,23.68,37.49
2000,1.30,540.58,23.68,37.13
3000,1.68,790.40,23.68,76.17
4000,-2.80,1047.29,23.68,108.13
5000,4.15,1308.92,23.68,135.36
6000,-0.01,1640.54,25.17,92.60
7000,5.73,1945.28,25.17,76.71
8000,3.41,2201.59,25.17,109.27
9000,3.00,2527.69,25.17,72.02
10000,1.55,2836.70,25.17,51.87
