episode,epReward,cumReward,cumRegret,empRegret
10,3.25,8.67,4.02,18.45
20,2.54,35.29,8.92,18.95
30,-0.39,63.56,13.99,17.80
40,3.11,98.76,19.14,9.72
50,4.68,122.47,24.17,13.12
60,3.32,154.90,29.24,7.82
70,1.49,178.27,35.29,11.56
80,-0.24,196.91,40.19,20.04
90,2.98,210.27,45.09,33.80
100,2.42,240.86,49.44,30.33
200,3.33,457.00,101.02,85.39
300,-0.86,686.33,154.15,127.24
400,3.12,933.73,205.69,151.04
500,1.27,1159.10,257.30,196.86
600,4.43,1388.74,311.19,238.41
700,0.01,1571.05,364.00,327.30
800,1.86,1799.07,418.06,370.47
900,0.76,2042.73,469.86,398.00
1000,1.47,2258.95,523.75,452.96
2000,0.22,4472.06,1066.22,951.77
3000,1.67,6664.92,1609.22,1470.84
4000,3.76,8759.10,2149.26,2088.58
5000,3.97,10922.20,2689.30,2637.39
6000,2.01,13120.39,3227.16,3151.12
7000,3.14,15342.31,3770.46,3641.12
8000,1.74,17470.16,4314.31,4225.18
9000,2.36,19722.51,4858.16,4684.76
10000,2.03,21893.26,5402.23,5225.93
