episode,epReward,cumReward,cumRegret,empRegret
10,1.32,7.10,3.22,-2.65
20,0.12,16.60,7.33,-7.71
30,-2.08,15.31,8.67,-1.98
40,1.72,20.03,10.44,-2.26
50,-0.60,18.58,12.89,3.64
60,0.69,14.90,14.22,11.76
70,0.00,19.51,17.89,11.60
80,0.10,21.56,21.33,14.00
90,1.15,24.39,23.11,15.61
100,-1.10,30.54,23.78,13.90
200,-0.55,84.27,26.44,4.62
300,-1.81,115.05,28.78,18.28
400,-0.48,145.50,29.22,32.27
500,-0.04,188.03,29.22,34.19
600,0.13,225.38,30.67,41.29
700,0.86,258.38,32.00,52.73
800,1.80,306.33,32.00,49.23
900,1.65,354.43,33.00,45.57
1000,0.18,389.37,33.00,55.08
2000,-0.12,886.60,34.00,2.29
3000,1.42,1381.90,34.00,-48.57
4000,1.01,1735.19,34.00,42.59
5000,-0.64,2169.16,35.00,53.07
6000,0.82,2573.71,35.00,92.96
7000,-1.07,2997.96,35.00,113.15
8000,0.29,3446.42,35.00,109.14
9000,0.55,3921.19,36.67,78.81
10000,-0.78,4416.65,36.67,27.80
