episode,epReward,cumReward,cumRegret,empRegret
10,7.40,21.58,3.30,-5.21
20,2.47,34.21,3.30,-1.47
30,-0.30,51.55,3.30,-2.44
40,2.57,64.90,3.30,0.57
50,-0.09,70.49,3.30,11.35
60,0.54,88.77,5.10,9.44
70,-2.03,97.13,5.10,17.45
80,2.97,120.64,5.10,10.31
90,0.91,139.84,5.10,7.47
100,1.38,155.63,8.70,8.06
200,2.19,329.47,15.60,-2.10
300,2.71,478.70,23.46,12.36
400,-0.54,659.60,23.46,-4.85
500,-0.47,833.06,23.46,-14.63
600,2.38,948.67,25.26,33.44
700,3.49,1098.49,25.26,47.31
800,2.72,1255.13,25.26,54.36
900,0.31,1415.68,25.26,57.49
1000,2.07,1580.37,25.26,56.48
2000,2.50,3231.62,28.86,42.08
3000,4.25,4887.85,30.66,22.71
4000,3.27,6429.09,32.45,118.32
5000,3.09,8094.65,34.25,89.61
6000,1.74,9800.13,36.05,20.98
7000,2.34,11458.70,37.85,-0.73
8000,0.50,13041.06,37.85,53.76
9000,1.04,14651.42,37.85,80.25
10000,2.37,16342.56,40.32,25.96
