episode,epReward,cumReward,cumRegret,empRegret
10,3.76,6.77,13.11,23.62
20,3.02,31.61,18.83,29.18
30,2.01,59.99,18.83,31.19
40,3.35,86.95,22.84,34.64
50,3.22,121.79,22.84,30.19
60,5.03,152.85,22.84,29.53
70,2.43,177.35,25.94,35.42
80,2.28,205.68,25.94,37.49
90,6.23,236.63,25.94,36.93
100,3.71,270.69,25.94,33.27
200,4.92,548.00,31.66,59.92
300,4.17,845.77,36.53,66.11
400,1.09,1129.44,36.53,86.41
500,2.65,1474.16,38.96,45.65
600,1.44,1784.02,38.96,39.75
700,3.65,2106.08,38.96,21.65
800,4.72,2443.86,38.96,-12.17
900,4.52,2732.36,41.40,3.30
1000,3.51,3066.84,41.40,-27.22
2000,2.97,6064.85,46.27,14.39
3000,3.28,9194.51,51.99,-75.65
4000,1.15,12143.45,56.87,15.03
5000,1.23,15111.49,56.87,86.61
6000,2.33,18109.91,56.87,127.81
7000,-1.30,21173.84,56.87,103.50
8000,1.37,24299.78,56.87,17.19
9000,2.20,27240.66,62.39,115.93
10000,5.32,30303.18,62.39,93.03
