episode,epReward,cumReward,cumRegret,empRegret
10,0.09,5.71,13.59,11.73
20,3.23,19.03,19.34,15.86
30,1.39,34.53,24.72,17.80
40,2.08,54.29,24.72,15.48
50,0.47,83.29,26.86,3.92
60,1.80,97.94,28.32,6.71
70,-1.13,116.11,29.43,5.98
80,-0.59,130.26,29.43,9.27
90,-2.31,142.51,29.99,14.47
100,1.96,154.08,31.01,20.34
200,2.44,352.40,31.01,-3.57
300,2.49,496.26,33.61,26.99
400,2.45,699.25,33.61,-1.58
500,4.32,917.79,33.61,-45.71
600,2.16,1102.33,33.61,-55.83
700,2.89,1297.47,34.17,-76.55
800,1.34,1485.08,35.19,-89.75
900,2.58,1639.36,35.19,-69.61
1000,1.28,1797.95,36.77,-53.79
2000,0.62,3467.04,39.00,21.30
3000,-0.17,5239.84,39.00,-7.33
4000,1.30,6920.57,39.00,56.11
5000,-0.28,8694.61,40.02,26.23
6000,2.36,10378.24,40.02,86.77
7000,0.67,12116.29,40.02,92.90
8000,2.19,13856.81,40.02,96.54
9000,-0.09,15550.61,40.02,146.91
10000,-2.14,17266.86,40.02,174.82
