episode,epReward,cumReward,cumRegret,empRegret
10,2.97,15.68,8.11,13.97
20,3.21,37.10,15.43,22.19
30,4.58,61.79,22.56,27.15
40,2.50,86.97,29.97,31.61
50,1.35,114.79,37.63,33.43
60,0.39,130.10,44.26,47.77
70,1.65,156.13,51.75,51.38
80,3.92,177.90,59.41,59.26
90,1.18,204.07,66.90,62.73
100,1.03,224.27,74.56,72.17
200,1.99,420.65,148.47,172.24
300,3.87,640.43,222.18,248.91
400,1.18,834.06,297.36,351.72
500,1.79,1031.20,374.65,451.02
600,1.76,1259.87,452.53,518.79
700,2.13,1492.37,528.60,582.74
800,1.53,1712.89,605.28,658.67
900,2.73,1950.08,681.86,717.92
1000,2.77,2186.19,757.94,778.25
2000,-0.00,4343.02,1523.02,1585.87
3000,3.89,6622.83,2288.10,2270.51
4000,2.34,8745.36,3054.80,3112.43
5000,1.45,10883.07,3820.64,3939.16
6000,1.89,13024.85,4586.47,4761.83
7000,-0.52,15274.56,5352.30,5476.56
8000,0.68,17352.18,6118.14,6363.38
9000,4.10,19542.37,6883.97,7137.64
10000,2.25,21858.00,7649.81,7786.46
