episode,epReward,cumReward,cumRegret,empRegret
10,2.80,3.51,3.11,0.94
20,-2.26,12.58,5.11,-3.69
30,-0.13,20.25,6.11,-6.92
40,0.58,29.34,6.11,-11.57
50,1.32,37.32,7.11,-15.10
60,0.26,45.18,7.11,-18.52
70,-1.35,45.34,7.11,-14.23
80,-0.21,45.72,7.11,-10.16
90,0.00,51.11,7.11,-11.11
100,1.00,57.34,7.11,-12.90
200,-0.53,109.34,8.44,-20.46
300,1.85,145.50,8.44,-12.17
400,-0.22,170.81,9.44,6.96
500,-3.08,186.40,10.11,35.82
600,-1.94,222.19,10.11,44.48
700,0.30,255.17,10.11,55.94
800,0.47,308.21,10.11,47.35
900,1.17,368.86,10.78,31.14
1000,0.88,385.19,10.78,59.25
2000,1.21,829.49,12.44,59.40
3000,0.25,1326.44,12.44,6.89
4000,2.84,1786.36,14.44,-8.58
5000,-0.42,2208.52,15.11,13.70
6000,0.15,2615.24,15.11,51.43
7000,1.71,3124.50,15.11,-13.39
8000,2.04,3551.24,15.11,4.31
9000,0.23,3988.03,16.44,11.97
10000,0.07,4427.49,16.44,16.95
