episode,epReward,cumReward,cumRegret,empRegret
10,4.50,26.23,10.64,11.02
20,6.27,62.95,10.64,11.55
30,4.64,97.87,10.64,13.88
40,5.31,138.74,10.64,10.26
50,3.43,176.63,10.64,9.62
60,4.38,214.73,10.64,8.78
70,4.07,242.62,10.64,18.14
80,4.68,279.25,10.64,18.76
90,2.37,317.08,11.25,18.17
100,4.00,353.61,11.25,18.90
200,2.87,719.71,14.99,25.31
300,7.45,1083.22,16.21,34.31
400,1.02,1470.19,18.09,19.84
500,3.16,1812.24,18.09,50.30
600,5.63,2219.96,18.70,15.09
700,3.42,2593.95,18.70,13.61
800,4.21,2957.42,18.70,22.65
900,3.37,3367.85,18.70,-15.28
1000,1.75,3741.57,19.96,-16.48
2000,3.69,7402.74,19.96,47.44
3000,3.99,11129.05,19.96,46.21
4000,2.82,14853.10,19.96,47.25
5000,3.57,18535.87,19.96,89.57
6000,1.13,22312.94,21.22,37.58
7000,4.64,25967.93,21.22,107.68
8000,4.14,29731.20,21.22,69.50
9000,4.05,33449.41,21.22,76.37
10000,2.64,37210.56,21.22,40.31
