episode,epReward,cumReward,cumRegret,empRegret
10,10.92,79.00,0.00,-5.45
20,8.13,160.65,0.00,-13.56
30,6.86,229.10,0.00,-8.47
40,8.61,305.76,0.00,-11.58
50,6.76,377.34,0.00,-9.62
60,7.00,450.44,0.00,-9.17
70,4.90,520.47,0.00,-5.66
80,9.16,591.51,0.00,-3.16
90,6.78,667.41,0.00,-5.51
100,8.73,744.02,0.00,-8.58
200,8.89,1484.72,8.99,-13.85
300,8.47,2205.25,8.99,1.07
400,6.93,2963.27,8.99,-21.51
500,6.17,3717.83,8.99,-40.63
600,6.12,4433.16,8.99,-20.53
700,9.11,5162.29,8.99,-14.22
800,7.34,5919.04,8.99,-35.52
900,5.32,6638.45,8.99,-19.49
1000,3.96,7412.83,8.99,-58.43
2000,10.57,14669.48,8.99,39.30
3000,7.80,22060.83,8.99,2.35
4000,4.84,29413.48,8.99,4.09
5000,4.38,36749.09,8.99,22.87
6000,9.18,44162.73,8.99,-36.38
7000,6.46,51598.19,8.99,-117.44
8000,8.17,59043.25,8.99,-208.11
9000,5.79,66335.92,8.99,-146.39
10000,7.78,73669.51,8.99,-125.58
