episode,epReward,cumReward,cumRegret,empRegret
10,0.00,-2.92,3.33,7.36
20,0.53,1.08,5.44,7.81
30,0.00,6.29,7.44,7.05
40,2.53,8.82,8.56,8.95
50,1.69,10.08,9.56,12.14
60,2.82,22.94,9.56,3.73
70,0.00,23.03,9.56,8.08
80,0.42,27.53,9.56,8.03
90,2.78,32.07,10.22,7.93
100,0.00,38.35,10.22,6.09
200,-0.37,100.59,10.22,-11.70
300,3.33,149.29,10.89,-15.95
400,1.65,213.69,10.89,-35.91
500,1.25,268.75,11.56,-46.53
600,0.00,303.27,13.22,-36.60
700,0.00,350.59,13.22,-39.48
800,0.00,396.69,13.22,-41.13
900,0.00,432.25,13.22,-32.25
1000,0.00,466.44,13.22,-21.99
2000,0.00,885.75,13.89,3.14
3000,0.00,1293.19,13.89,40.14
4000,0.00,1701.22,14.56,76.55
5000,-0.20,2121.67,14.56,100.56
6000,0.57,2559.16,14.56,107.51
7000,0.00,2977.14,14.56,133.97
8000,0.81,3425.84,15.56,129.71
9000,0.00,3867.10,15.56,132.90
10000,0.00,4244.35,15.56,200.09
