episode,epReward,cumReward,cumRegret,empRegret
10,0.00,-1.90,4.67,6.34
20,0.00,-4.34,8.22,13.23
30,-2.22,-8.64,10.00,21.97
40,-0.65,-10.26,16.78,28.03
50,0.00,-8.04,19.22,30.26
60,0.00,-8.10,22.56,34.77
70,0.00,-8.20,23.22,39.31
80,0.00,-7.87,25.56,43.42
90,0.46,-7.40,27.89,47.40
100,-0.37,-7.29,29.89,51.73
200,0.03,10.93,49.56,77.95
300,0.00,44.68,53.89,88.66
400,-1.22,85.35,58.56,92.42
500,0.00,138.27,58.56,83.95
600,0.00,181.12,58.56,85.55
700,0.00,213.27,58.56,97.84
800,0.00,227.59,58.56,127.97
900,0.00,268.11,58.56,131.89
1000,0.00,325.64,58.56,118.80
2000,0.00,735.69,58.56,153.20
3000,0.00,1185.55,58.56,147.79
4000,0.00,1671.30,58.56,106.47
5000,0.00,2127.04,58.56,95.18
6000,0.00,2551.16,58.56,115.50
7000,0.00,2973.51,58.56,137.61
8000,0.00,3356.09,58.56,199.46
9000,0.00,3769.04,58.56,230.96
10000,0.63,4168.63,58.56,275.81
