episode,epReward,cumReward,cumRegret,empRegret
10,-1.23,0.74,4.33,3.70
20,2.22,4.74,5.67,4.15
30,1.10,10.44,6.78,2.89
40,-0.75,11.83,7.22,5.94
50,-1.40,11.74,7.22,10.48
60,1.30,19.34,8.22,7.32
70,-0.30,20.30,9.22,10.81
80,1.45,26.93,9.22,8.63
90,2.07,36.07,9.22,3.93
100,0.00,41.94,9.22,2.50
200,0.12,107.64,10.89,-18.75
300,0.81,149.64,12.56,-16.31
400,2.14,194.53,12.56,-16.76
500,1.48,241.42,13.56,-19.20
600,-0.95,289.52,14.22,-22.85
700,-0.11,329.27,14.22,-18.16
800,-0.83,355.04,14.22,0.52
900,-1.97,398.17,14.89,1.83
1000,1.24,456.05,14.89,-11.61
2000,0.22,879.77,17.56,9.11
3000,1.03,1370.86,17.56,-37.53
4000,0.10,1843.30,17.56,-65.52
5000,1.88,2298.05,19.56,-75.83
6000,1.90,2703.50,20.22,-36.83
7000,-0.28,3191.84,20.22,-80.73
8000,-1.52,3676.52,20.22,-120.97
9000,1.43,4146.28,20.22,-146.28
10000,1.09,4629.85,20.22,-185.41
