episode,epReward,cumReward,cumRegret,empRegret
10,-2.08,9.60,10.38,14.45
20,4.32,23.81,17.49,24.29
30,3.42,50.17,17.76,22.00
40,1.61,62.96,18.23,33.25
50,2.30,94.07,18.23,26.20
60,5.18,119.74,19.66,24.58
70,3.50,125.32,20.13,43.06
80,4.34,154.86,20.13,37.57
90,2.43,171.52,22.00,44.96
100,0.09,188.95,22.00,51.59
200,2.44,452.50,22.00,28.57
300,4.51,686.65,22.47,34.96
400,2.27,929.11,22.47,33.04
500,3.24,1192.52,25.62,10.17
600,3.42,1429.93,26.10,13.30
700,1.56,1691.97,26.10,-8.21
800,1.91,1931.59,28.20,-7.28
900,4.65,2163.77,29.49,1.07
1000,1.67,2422.64,30.45,-17.26
2000,3.19,4827.25,33.60,-16.49
3000,0.25,7286.69,35.46,-70.55
4000,3.13,9738.11,35.93,-116.59
5000,1.75,12161.95,38.31,-135.04
6000,2.59,14455.03,38.31,-22.74
7000,1.97,16858.82,38.31,-21.15
8000,2.39,19206.75,38.31,36.30
9000,1.82,21665.92,38.31,-17.49
10000,2.23,24037.97,38.31,15.84
