episode,epReward,cumReward,cumRegret,empRegret
10,0.28,2.90,3.56,1.55
20,0.00,1.50,7.44,7.39
30,-0.11,6.57,10.78,6.76
40,0.00,5.08,11.78,12.70
50,0.02,13.43,12.22,8.79
60,0.92,18.40,12.22,8.27
70,1.71,18.68,12.67,12.43
80,0.24,20.85,13.78,14.70
90,-0.00,30.46,13.78,9.54
100,0.00,35.10,13.78,9.34
200,-0.03,78.09,15.44,10.80
300,0.70,134.47,17.11,-1.14
400,1.16,169.84,17.11,7.94
500,0.92,218.98,17.11,3.24
600,-0.70,270.83,18.11,-4.16
700,-0.34,320.05,18.11,-8.94
800,0.08,367.40,18.11,-11.85
900,-1.47,402.25,18.11,-2.25
1000,1.03,460.29,18.11,-15.85
2000,0.24,991.34,20.44,-102.45
3000,-0.52,1420.77,20.44,-87.44
4000,0.35,1934.95,20.44,-157.17
5000,0.56,2409.09,22.78,-186.86
6000,-1.52,2800.17,22.78,-133.50
7000,1.25,3221.05,22.78,-109.94
8000,-2.26,3659.76,22.78,-104.20
9000,1.13,4203.97,22.78,-203.97
10000,3.24,4668.54,23.78,-224.10
