episode,epReward,cumReward,cumRegret,empRegret
10,2.37,21.80,7.79,13.77
20,4.97,56.43,12.98,14.70
30,1.47,90.64,12.98,16.06
40,4.24,120.05,13.79,22.21
50,4.26,152.72,16.00,25.10
60,2.88,192.19,16.00,21.20
70,2.32,226.01,17.03,22.95
80,3.47,258.06,17.03,26.46
90,1.65,291.81,18.41,28.28
100,4.15,324.72,19.44,30.93
200,2.15,676.32,29.69,34.99
300,4.56,1054.16,31.88,12.81
400,4.47,1406.63,31.88,16.00
500,3.12,1777.96,31.88,0.32
600,4.93,2141.35,31.88,-7.41
700,3.27,2507.50,33.26,-17.90
800,4.06,2814.93,33.26,30.33
900,2.37,3168.18,33.26,32.74
1000,3.62,3513.29,33.26,43.28
2000,5.45,6964.06,54.17,149.09
3000,4.90,10602.57,59.69,67.16
4000,3.42,14200.97,67.98,25.34
5000,2.41,17689.36,70.76,93.52
6000,2.55,21339.85,70.76,-0.39
7000,3.22,24928.91,70.76,-32.87
8000,4.75,28446.01,80.52,6.61
9000,3.11,32009.70,86.11,-0.51
10000,1.02,35655.87,86.11,-90.10
