episode,epReward,cumReward,cumRegret,empRegret
10,-0.27,-2.49,8.54,3.33
20,2.36,3.27,16.27,-1.60
30,-2.84,-4.03,18.79,6.54
40,0.87,-6.67,22.23,10.02
50,3.42,1.96,23.41,2.23
60,-1.57,-2.29,24.39,7.31
70,2.08,-15.54,26.16,21.40
80,-0.77,-18.89,26.76,25.59
90,1.38,-15.88,27.35,23.41
100,-0.46,-25.19,29.81,33.56
200,-0.26,-47.91,39.38,64.65
300,-4.45,-40.39,50.01,65.50
400,0.19,-35.04,59.49,68.53
500,-5.44,-78.86,68.97,120.71
600,1.35,-94.98,80.81,145.21
700,-0.88,-108.55,91.18,167.15
800,3.68,-78.09,100.06,145.06
900,2.92,-50.92,109.24,126.26
1000,1.19,-49.57,123.25,133.28
2000,-2.54,-7.90,222.76,175.32
3000,2.82,-6.73,318.71,257.86
4000,-4.45,24.32,421.63,310.53
5000,-2.62,66.25,515.19,352.31
6000,0.74,37.60,617.31,464.68
7000,-1.39,-90.12,714.83,676.11
8000,2.60,-158.04,816.11,827.74
9000,1.16,-172.02,911.77,925.43
10000,3.82,-185.97,1010.65,1023.09
