episode,epReward,cumReward,cumRegret,empRegret
10,0.91,3.44,4.74,7.44
20,-0.52,17.95,4.74,3.81
30,-0.15,36.39,4.74,-3.76
40,1.48,36.05,4.74,7.46
50,3.98,45.30,6.45,9.08
60,1.89,65.86,6.45,-0.59
70,2.29,86.48,11.08,-10.34
80,4.52,97.93,11.08,-10.91
90,0.59,108.88,11.08,-10.99
100,1.11,124.10,12.79,-15.33
200,2.62,231.86,26.61,-14.32
300,1.05,353.66,26.61,-27.33
400,1.85,439.44,26.61,-4.35
500,2.38,544.09,26.61,-0.22
600,-0.22,637.58,26.61,15.06
700,1.42,748.80,26.61,12.61
800,-1.45,868.45,26.61,1.74
900,2.58,970.12,28.32,8.84
1000,1.34,1063.24,28.32,24.49
2000,0.61,2075.91,35.22,99.56
3000,1.61,3165.46,41.56,97.74
4000,-0.05,4188.25,49.13,162.69
5000,3.05,5316.39,49.13,122.28
6000,1.93,6502.85,52.54,23.55
7000,2.78,7507.10,57.17,107.03
8000,-2.07,8531.39,58.88,170.48
9000,0.94,9581.63,58.88,207.97
10000,2.62,10790.68,58.88,86.66
