episode,epReward,cumReward,cumRegret,empRegret
10,0.82,-11.62,9.10,12.54
20,2.81,-9.24,11.29,11.06
30,1.54,-10.03,17.73,12.77
40,3.35,-3.56,21.81,7.21
50,-2.99,-7.91,24.76,12.48
60,-0.56,-9.98,26.40,15.46
70,-1.17,-3.76,26.70,10.15
80,4.86,5.88,26.99,1.43
90,-0.47,12.16,27.29,-3.94
100,-0.82,3.88,32.37,5.26
200,-1.35,-15.08,36.81,33.35
300,-0.04,-17.69,41.89,45.10
400,3.89,35.92,45.79,0.63
500,2.65,74.28,48.29,-28.60
600,-8.51,44.49,50.93,10.33
700,0.58,15.74,54.31,48.22
800,2.65,11.95,57.87,61.14
900,-0.22,-14.08,59.93,96.31
1000,0.71,49.82,63.31,41.54
2000,1.79,217.52,97.89,-34.79
3000,0.18,361.87,129.49,-87.77
4000,0.91,459.14,165.30,-93.68
5000,-1.06,492.76,195.63,-35.94
6000,2.50,547.13,230.28,1.06
7000,2.41,686.47,267.02,-46.91
8000,-1.22,694.32,301.85,36.60
9000,2.15,740.00,334.59,82.29
10000,-2.36,889.17,367.77,24.49
