episode,epReward,cumReward,cumRegret,empRegret
10,0.99,0.98,1.56,3.46
20,-0.32,6.21,3.11,2.68
30,0.00,4.76,4.89,8.57
40,2.86,15.77,4.89,2.00
50,0.00,20.15,5.89,2.07
60,0.00,21.22,6.56,5.44
70,0.00,25.80,7.22,5.32
80,0.82,27.99,7.22,7.57
90,0.00,30.67,7.22,9.33
100,1.62,33.12,7.89,11.32
200,0.00,71.45,9.89,17.44
300,0.00,118.30,9.89,15.04
400,0.00,161.68,10.56,16.10
500,-0.02,197.53,12.22,24.69
600,1.12,229.83,12.22,36.83
700,0.31,292.12,12.22,18.99
800,0.00,324.90,13.22,30.66
900,0.00,379.78,13.22,20.22
1000,2.71,416.08,13.22,28.37
2000,0.17,831.12,14.22,57.77
3000,0.00,1268.74,16.22,64.59
4000,0.93,1738.38,16.89,39.40
5000,0.00,2212.56,16.89,9.66
6000,0.00,2625.13,16.89,41.54
7000,0.87,3052.68,17.56,58.43
8000,0.00,3490.32,17.56,65.24
9000,1.21,3924.59,17.56,75.41
10000,0.00,4415.48,17.56,28.96
