episode,epReward,cumReward,cumRegret,empRegret
10,5.84,45.03,9.60,-2.65
20,4.09,80.82,9.60,3.93
30,1.36,114.03,9.60,13.09
40,1.54,150.25,9.60,19.26
50,5.31,192.36,9.60,19.52
60,2.50,248.02,9.60,6.23
70,6.22,291.74,9.60,4.88
80,1.85,333.59,9.60,5.42
90,3.79,380.80,9.60,0.58
100,3.61,416.48,9.60,7.27
200,3.21,843.30,11.55,4.20
300,2.46,1290.48,11.55,-19.21
400,4.56,1710.71,11.55,-15.69
500,3.29,2130.99,11.55,-12.22
600,1.27,2540.38,11.55,2.14
700,3.03,2976.15,11.55,-9.87
800,6.88,3418.30,11.55,-28.27
900,5.59,3850.18,15.15,-36.39
1000,2.98,4276.74,15.15,-39.20
2000,4.77,8432.79,18.12,42.28
3000,2.76,12651.68,18.12,60.93
4000,5.71,16900.69,21.71,49.46
5000,6.31,21172.11,21.71,15.57
6000,2.27,25367.59,21.71,57.63
7000,4.39,29662.54,21.71,0.22
8000,3.44,33870.75,21.71,29.55
9000,6.70,38154.20,21.71,-16.36
10000,3.05,42309.76,21.71,65.61
