episode,epReward,cumReward,cumRegret,empRegret
10,2.80,8.50,3.56,-4.06
20,-0.97,12.03,6.00,-3.14
30,0.13,15.01,6.67,-1.68
40,-0.62,16.49,7.56,1.29
50,-0.28,22.18,9.67,0.04
60,-0.32,24.33,11.67,2.34
70,2.16,26.37,13.44,4.74
80,0.37,28.31,15.00,7.25
90,0.00,26.90,15.44,13.10
100,-1.22,31.94,15.89,12.51
200,1.60,84.81,18.11,4.08
300,-0.39,131.00,18.11,2.34
400,-0.84,161.19,18.11,16.59
500,0.69,203.47,18.11,18.75
600,-2.46,247.14,18.11,19.52
700,0.92,290.28,19.11,20.83
800,0.48,344.72,19.11,10.83
900,0.58,387.81,20.11,12.19
1000,-0.48,415.16,20.11,29.28
2000,2.06,819.05,21.78,69.84
3000,-1.93,1305.30,22.44,28.04
4000,1.59,1729.35,22.44,48.42
5000,0.46,2165.54,24.11,56.68
6000,0.12,2608.15,24.11,58.52
7000,-0.82,2986.27,25.11,124.84
8000,2.13,3423.90,25.11,131.66
9000,1.64,3890.61,25.78,109.39
10000,1.59,4402.45,25.78,42.00
