episode,epReward,cumReward,cumRegret,empRegret
10,-0.16,6.13,3.78,-1.69
20,0.00,-3.39,7.11,12.28
30,4.63,2.08,9.33,11.26
40,-0.69,1.40,12.89,16.38
50,-0.35,-2.76,17.33,24.98
60,1.35,-2.68,21.78,29.35
70,1.08,2.58,25.22,28.53
80,-0.70,-2.10,28.33,37.66
90,-0.58,-5.13,31.89,45.13
100,-3.56,-15.79,35.67,60.24
200,0.25,6.26,62.67,82.63
300,1.99,28.99,66.56,104.34
400,2.47,91.94,68.67,85.83
500,0.00,131.97,69.67,90.25
600,-0.19,199.53,70.67,67.13
700,-1.25,254.38,70.67,56.73
800,-1.30,280.70,72.67,74.86
900,1.68,314.44,72.67,85.56
1000,1.45,343.02,72.67,101.43
2000,1.44,723.51,76.67,165.38
3000,2.83,1174.83,77.67,158.50
4000,-0.18,1645.62,77.67,132.16
5000,2.80,2063.37,78.67,158.85
6000,1.86,2458.57,78.67,208.09
7000,1.81,2919.65,78.67,191.46
8000,-0.18,3336.81,78.67,218.75
9000,1.96,3737.73,81.33,262.27
10000,-0.03,4105.41,82.00,339.04
