episode,epReward,cumReward,cumRegret,empRegret
10,0.00,-1.18,3.56,5.63
20,0.00,1.09,8.89,7.79
30,1.59,7.94,10.22,5.39
40,-0.64,12.80,11.11,4.97
50,0.43,19.20,11.11,3.02
60,-2.68,24.74,11.11,1.93
70,1.24,28.99,11.11,2.12
80,-1.31,33.51,11.11,2.04
90,0.62,35.22,11.11,4.78
100,1.73,40.71,11.11,3.73
200,-1.85,69.01,12.78,19.88
300,2.81,116.09,12.78,17.24
400,-1.47,159.01,12.78,18.77
500,-0.07,193.36,13.44,28.86
600,3.52,226.59,14.44,40.07
700,1.84,284.59,15.11,26.52
800,3.42,344.93,15.11,10.62
900,1.22,379.74,16.11,20.26
1000,1.70,434.14,16.11,10.30
2000,0.24,914.34,17.78,-25.46
3000,-1.33,1295.76,19.44,37.57
4000,0.63,1687.79,20.78,89.99
5000,-0.12,2060.79,20.78,161.43
6000,0.67,2530.38,22.78,136.28
7000,-2.56,3030.81,22.78,80.31
8000,-0.89,3510.36,22.78,45.19
9000,-0.70,3942.87,23.44,57.13
10000,2.35,4392.21,23.44,52.23
