episode,epReward,cumReward,cumRegret,empRegret
10,-1.46,-17.44,8.23,14.43
20,-0.53,-15.98,12.94,9.96
30,0.11,-24.57,14.46,15.55
40,-5.29,-35.26,20.39,23.23
50,-1.30,-46.91,25.02,31.87
60,0.77,-56.52,28.05,38.47
70,-2.00,-61.03,31.09,39.97
80,1.41,-59.59,34.13,35.52
90,-0.08,-64.84,38.07,37.77
100,-6.17,-73.06,41.11,42.98
200,0.15,-145.70,73.52,85.54
300,-1.78,-198.06,107.84,107.82
400,-2.95,-279.77,139.79,159.46
500,-5.18,-335.99,170.15,185.59
600,-1.23,-399.81,200.51,219.33
700,0.32,-479.30,230.87,268.74
800,-1.69,-527.65,261.22,287.01
900,-0.31,-568.75,291.58,298.04
1000,-1.00,-642.01,324.30,341.21
2000,0.19,-1205.62,630.77,604.03
3000,0.46,-1639.64,934.05,737.26
4000,0.07,-2215.94,1239.22,1012.76
5000,-3.77,-2935.87,1544.40,1431.89
6000,0.18,-3532.55,1849.58,1727.78
7000,1.75,-4166.19,2152.86,2060.62
8000,3.58,-4749.59,2458.03,2343.22
9000,-3.53,-5333.03,2761.62,2625.87
10000,0.71,-5986.35,3065.20,2978.39
