episode,epReward,cumReward,cumRegret,empRegret
10,4.23,31.78,6.77,2.57
20,3.91,59.82,9.26,8.88
30,1.24,93.19,9.26,9.86
40,4.26,130.18,9.26,7.22
50,1.98,154.92,9.26,16.82
60,5.33,193.95,9.26,12.15
70,2.22,227.04,9.26,13.40
80,3.78,270.70,11.74,4.09
90,4.70,305.60,11.74,3.55
100,2.00,334.08,11.74,9.42
200,-1.85,658.47,16.41,28.52
300,3.07,1051.43,16.41,-20.95
400,3.03,1443.15,18.88,-69.17
500,4.29,1762.83,18.88,-45.36
600,2.75,2115.79,18.88,-54.83
700,3.76,2443.95,18.88,-39.49
800,6.90,2819.77,18.88,-71.81
900,2.41,3179.40,21.64,-87.96
1000,5.44,3543.29,21.64,-108.36
2000,1.50,6952.96,24.14,-83.08
3000,4.65,10381.94,24.14,-77.12
4000,5.02,13824.83,24.14,-85.07
5000,3.49,17170.78,24.14,3.92
6000,2.80,20549.93,24.14,59.70
7000,4.02,23938.15,24.14,106.42
8000,2.63,27371.72,24.14,107.80
9000,2.08,30765.63,24.14,148.82
10000,4.12,34294.78,24.14,54.61
