episode,epReward,cumReward,cumRegret,empRegret
10,-4.50,-13.24,7.03,5.60
20,1.39,-22.12,8.81,6.84
30,-3.38,-37.07,9.63,14.14
40,0.36,-51.56,10.72,20.99
50,1.54,-61.61,12.09,23.39
60,1.94,-69.43,13.46,23.58
70,2.61,-88.61,16.18,35.12
80,5.25,-92.02,18.63,30.88
90,-3.91,-111.56,23.10,42.78
100,-1.03,-129.65,27.04,53.23
200,-2.63,-248.84,84.77,95.99
300,-2.27,-381.88,139.26,152.62
400,-1.62,-499.16,194.55,193.47
500,-2.97,-610.14,241.71,228.02
600,2.42,-731.27,297.82,272.73
700,-2.39,-864.44,356.37,329.48
800,-0.79,-964.00,420.61,352.62
900,2.11,-1112.40,473.47,424.60
1000,-0.32,-1246.97,525.51,482.74
2000,-0.39,-2626.93,1065.46,1098.48
3000,-0.23,-3955.75,1595.65,1663.07
4000,-3.29,-5243.91,2144.54,2187.00
5000,1.81,-6568.93,2671.47,2747.79
6000,-4.86,-7872.88,3208.16,3287.52
7000,-3.27,-9214.25,3762.75,3864.66
8000,-4.29,-10533.74,4305.13,4419.92
9000,-1.02,-11878.42,4868.66,5000.38
10000,-1.38,-13159.16,5413.48,5516.89
