episode,epReward,cumReward,cumRegret,empRegret
10,-0.67,0.77,6.78,3.67
20,0.00,-1.55,9.89,10.44
30,0.62,-1.91,11.00,15.24
40,-0.61,0.54,11.67,17.24
50,1.50,3.82,13.33,18.41
60,0.00,6.25,13.33,20.41
70,0.00,9.19,13.33,21.92
80,0.00,13.38,13.33,22.18
90,0.00,23.29,13.33,16.71
100,0.00,28.83,13.33,15.62
200,1.71,92.38,13.33,-3.49
300,0.00,126.98,14.33,6.35
400,1.02,175.86,14.33,1.92
500,1.98,245.78,14.33,-23.56
600,0.32,290.14,14.33,-23.48
700,0.00,335.54,14.33,-24.43
800,0.00,387.28,14.33,-31.72
900,1.01,433.94,14.33,-33.94
1000,1.89,466.07,14.33,-21.62
2000,0.68,918.15,16.33,-29.26
3000,0.00,1315.33,17.33,18.00
4000,0.00,1742.25,18.33,35.53
5000,1.85,2170.58,19.33,51.65
6000,0.00,2635.37,20.33,31.30
7000,0.00,3062.56,21.67,48.55
8000,0.62,3502.88,21.67,52.67
9000,1.41,3942.38,21.67,57.62
10000,0.00,4421.38,21.67,23.07
