episode,epReward,cumReward,cumRegret,empRegret
10,2.10,6.27,4.44,-1.82
20,1.29,17.69,5.33,-8.80
30,-2.41,21.37,6.89,-8.04
40,-0.51,19.79,8.00,-2.02
50,1.34,28.67,8.89,-6.45
60,0.06,27.34,10.67,-0.67
70,-1.06,28.10,14.22,3.01
80,-0.62,24.59,18.67,10.96
90,0.44,28.58,23.11,11.42
100,0.48,32.48,27.56,11.97
200,0.04,49.29,72.00,39.60
300,-1.86,61.65,117.33,71.68
400,-1.38,64.85,161.56,112.93
500,-0.34,84.66,205.56,137.56
600,-0.23,105.76,249.56,160.91
700,0.68,113.84,294.00,197.27
800,-0.77,102.15,338.22,253.41
900,-0.18,99.75,383.22,300.25
1000,0.76,108.70,428.22,335.74
2000,-1.52,97.86,873.44,791.03
3000,-0.79,112.62,1317.44,1220.71
4000,-0.10,35.83,1763.00,1741.94
5000,-1.86,40.48,2207.44,2181.74
6000,1.67,143.46,2651.89,2523.20
7000,-0.66,186.63,3096.33,2924.49
8000,2.41,202.36,3540.33,3353.20
9000,-1.15,139.92,3984.78,3860.08
10000,1.02,171.48,4429.22,4272.96
