episode,epReward,cumReward,cumRegret,empRegret
10,4.96,42.28,27.10,19.68
20,5.25,89.85,41.49,34.06
30,5.41,147.47,44.22,38.41
40,7.21,208.63,46.66,39.20
50,6.90,261.59,46.66,48.20
60,8.21,328.00,50.01,43.74
70,5.53,388.43,50.01,45.27
80,0.71,441.25,50.01,54.40
90,4.01,496.55,51.68,61.06
100,4.62,558.92,51.68,60.65
200,5.18,1176.37,57.75,62.77
300,1.68,1824.15,57.75,34.56
400,4.98,2441.74,64.59,36.53
500,6.09,3064.77,64.59,33.07
600,4.30,3685.92,64.59,31.49
700,5.64,4343.01,64.59,-6.03
800,9.15,4958.87,64.59,-2.32
900,5.40,5591.41,66.26,-15.29
1000,3.30,6200.94,66.26,-5.26
2000,6.32,12353.90,68.70,37.47
3000,5.54,18524.36,75.25,62.70
4000,7.12,24683.77,75.25,98.97
5000,7.92,30982.59,79.37,-4.17
6000,4.93,37228.90,81.04,-54.79
7000,9.12,43467.64,83.76,-97.84
8000,5.78,49608.04,87.11,-42.56
9000,4.72,55791.39,87.11,-30.22
10000,3.64,61989.53,87.11,-32.68
