episode,epReward,cumReward,cumRegret,empRegret
10,-1.70,8.46,2.89,-4.02
20,0.11,22.22,7.11,-13.33
30,-0.30,22.30,11.33,-8.97
40,-2.20,13.10,16.00,4.68
50,-0.89,10.05,20.00,12.17
60,-2.02,10.38,24.44,16.29
70,-2.76,5.68,28.44,25.43
80,-0.74,7.44,33.44,28.12
90,-0.61,10.52,37.44,29.48
100,-0.40,7.95,41.44,36.50
200,0.64,27.77,85.44,61.12
300,-2.42,55.02,129.56,78.31
400,-1.10,80.52,173.33,97.26
500,-2.15,79.34,218.44,142.89
600,-1.59,103.76,262.00,162.91
700,-1.62,117.50,306.44,193.61
800,0.83,125.65,350.89,229.91
900,-1.36,143.23,395.33,256.77
1000,-0.62,129.29,439.78,315.15
2000,2.78,42.35,880.44,846.54
3000,-2.26,87.63,1323.11,1245.71
4000,3.13,152.13,1767.33,1625.65
5000,0.94,244.55,2209.11,1977.67
6000,-1.16,261.24,2651.78,2405.43
7000,2.85,330.67,3094.67,2780.44
8000,-1.74,276.93,3538.67,3278.63
9000,0.67,343.03,3983.11,3656.97
10000,3.19,326.37,4425.00,4118.07
