episode,epReward,cumReward,cumRegret,empRegret
10,-1.69,7.53,5.95,4.39
20,1.45,28.96,6.11,-5.13
30,-2.49,32.68,7.59,3.07
40,-0.01,41.18,8.01,6.48
50,-1.13,47.64,8.83,11.94
60,-0.75,63.85,8.83,7.64
70,1.44,76.25,8.83,7.16
80,-0.47,86.43,9.00,8.90
90,0.01,98.91,11.03,8.33
100,-1.19,106.15,11.03,13.01
200,0.89,233.02,11.77,5.29
300,2.67,353.36,15.26,4.11
400,5.18,502.66,15.26,-26.03
500,0.98,618.29,15.26,-22.51
600,-3.76,734.95,15.26,-20.01
700,1.89,859.84,15.43,-25.74
800,-3.45,963.16,15.43,-9.91
900,1.05,1081.50,16.01,-9.08
1000,1.58,1192.34,16.01,-0.77
2000,0.03,2454.85,16.01,-71.71
3000,3.79,3616.18,18.03,-41.47
4000,-0.01,4718.90,18.03,47.37
5000,-1.51,5840.09,18.03,117.75
6000,2.04,6972.89,18.03,176.52
7000,2.57,8124.59,18.03,216.39
8000,0.27,9220.13,18.03,312.41
9000,3.13,10483.36,18.03,240.76
10000,-1.40,11734.50,18.03,181.18
