episode,epReward,cumReward,cumRegret,empRegret
10,-0.61,0.72,3.33,3.72
20,0.48,7.28,7.00,1.61
30,-0.31,2.67,10.89,10.66
40,0.82,1.02,12.22,16.75
50,1.31,10.76,14.22,11.47
60,0.57,19.77,14.67,6.90
70,1.92,24.82,14.67,6.29
80,0.12,27.32,14.67,8.23
90,2.11,30.77,15.11,9.23
100,-0.07,37.72,15.11,6.72
200,-1.87,74.60,16.11,14.29
300,-0.26,100.57,17.44,32.76
400,2.41,119.56,20.44,58.22
500,2.10,142.44,21.44,79.78
600,2.36,177.61,22.89,89.06
700,-0.12,209.50,23.89,101.61
800,0.77,236.52,23.89,119.04
900,1.48,288.74,23.89,111.26
1000,-3.28,332.99,23.89,111.46
2000,1.80,795.81,24.56,93.08
3000,-0.04,1243.67,24.56,89.67
4000,-0.46,1638.91,25.22,138.86
5000,-0.18,2055.06,26.89,167.17
6000,1.05,2506.49,26.89,160.18
7000,0.45,2991.40,26.89,119.71
8000,0.35,3422.23,26.89,133.32
9000,1.84,3861.76,26.89,138.24
10000,-1.03,4341.88,26.89,102.57
