episode,epReward,cumReward,cumRegret,empRegret
10,2.01,8.42,11.26,17.29
20,1.85,32.73,11.26,18.69
30,4.61,43.43,16.74,33.70
40,2.64,66.07,16.74,36.78
50,4.21,96.70,18.09,31.86
60,-1.28,117.20,18.97,37.07
70,4.26,148.39,18.97,31.59
80,8.73,182.54,18.97,23.16
90,0.29,201.46,18.97,29.95
100,2.17,223.93,18.97,33.19
200,1.89,460.28,22.96,53.96
300,0.73,720.97,23.84,50.39
400,3.57,982.43,24.72,46.06
500,3.01,1244.42,24.72,41.19
600,2.99,1482.67,26.95,60.07
700,1.73,1762.99,29.18,36.87
800,3.23,1998.48,29.18,58.50
900,2.13,2210.35,29.18,103.75
1000,0.01,2469.51,29.18,101.72
2000,6.36,5057.76,34.66,84.69
3000,1.15,7733.98,34.66,-20.32
4000,4.20,10257.21,34.66,27.67
5000,0.24,12889.14,34.66,-33.04
6000,6.19,15534.91,34.66,-107.58
7000,-0.92,18074.32,34.66,-75.77
8000,3.46,20693.36,34.66,-123.58
9000,2.15,23257.09,34.66,-116.10
10000,2.38,25807.76,36.01,-95.54
