episode,epReward,cumReward,cumRegret,empRegret
10,0.00,2.85,4.67,1.59
20,1.19,6.81,7.78,2.08
30,1.48,-1.01,10.89,14.34
40,1.87,6.19,13.56,11.58
50,0.20,7.50,16.78,14.72
60,0.13,10.42,21.44,16.25
70,-0.46,14.71,24.11,16.40
80,-0.51,18.35,27.89,17.20
90,0.68,14.21,30.78,25.79
100,-0.44,5.49,33.44,38.96
200,0.39,24.30,64.22,64.59
300,-3.32,60.82,70.89,72.52
400,-1.77,102.23,76.89,75.54
500,1.53,139.51,77.89,82.71
600,-0.66,192.27,78.89,74.40
700,-1.32,250.35,79.89,60.76
800,3.00,283.06,79.89,72.50
900,1.03,328.99,79.89,71.01
1000,-2.97,370.74,81.89,73.70
2000,1.00,754.20,85.56,134.69
3000,0.43,1197.50,85.56,135.83
4000,-0.55,1593.84,85.56,183.94
5000,-0.65,2107.34,85.56,114.89
6000,-0.75,2533.79,85.56,132.87
7000,-0.21,3012.96,85.56,98.15
8000,-0.08,3463.22,85.56,92.34
9000,1.67,3873.98,85.56,126.02
10000,1.82,4351.65,85.56,92.80
