episode,epReward,cumReward,cumRegret,empRegret
10,0.80,0.95,1.31,-1.79
20,1.89,8.88,2.07,-10.58
30,1.23,7.44,2.83,-9.98
40,-0.59,5.74,4.67,-9.14
50,-0.24,2.71,5.22,-6.95
60,2.08,6.78,5.76,-11.87
70,-0.39,8.99,6.30,-14.93
80,0.34,5.82,7.28,-12.61
90,1.29,13.47,7.82,-21.11
100,2.15,14.22,8.36,-22.71
200,-0.57,-20.67,13.63,3.69
300,1.08,-51.51,20.04,26.04
400,2.03,-74.74,25.85,40.78
500,-0.15,-102.62,31.66,60.17
600,1.32,-140.37,36.99,89.43
700,-2.16,-174.07,42.65,114.64
800,1.27,-164.11,47.87,96.19
900,-0.91,-190.80,53.25,114.39
1000,3.58,-174.86,60.74,89.96
2000,4.09,-332.26,114.96,162.46
3000,2.21,-497.53,171.08,242.82
4000,1.60,-546.83,225.58,207.22
5000,-2.99,-706.50,279.86,281.99
6000,1.33,-793.42,334.14,284.00
7000,2.15,-995.65,388.47,401.34
8000,2.35,-1106.84,442.81,427.62
9000,-0.45,-1135.38,497.14,371.26
10000,1.23,-1317.63,551.48,468.61
