episode,epReward,cumReward,cumRegret,empRegret
10,-2.46,-23.42,7.44,9.47
20,-1.11,-45.64,9.32,17.73
30,1.07,-58.84,9.32,16.98
40,0.21,-78.35,9.32,22.55
50,-2.29,-96.32,9.32,26.56
60,-6.56,-121.22,11.91,37.51
70,2.18,-135.08,11.91,37.43
80,0.75,-149.05,15.63,37.44
90,-3.26,-161.45,17.47,35.89
100,-3.59,-172.30,17.47,32.79
200,-1.39,-315.90,19.30,36.88
300,-0.95,-461.59,24.81,43.06
400,-2.26,-620.51,40.03,62.47
500,0.87,-779.91,51.85,82.36
600,-2.18,-935.70,51.85,98.64
700,1.78,-1075.80,51.85,99.23
800,-1.77,-1206.79,55.79,90.70
900,1.07,-1324.30,63.94,68.70
1000,-2.29,-1493.75,63.94,98.65
2000,0.81,-2856.36,65.82,66.15
3000,-0.46,-4351.57,65.82,166.25
4000,-2.27,-5834.76,67.65,254.32
5000,-2.66,-7213.10,67.65,237.56
6000,-0.82,-8556.84,69.76,186.19
7000,-3.33,-9932.17,69.76,166.42
8000,0.30,-11421.33,69.76,260.47
9000,-1.17,-12751.66,71.59,195.69
10000,-2.55,-14187.62,73.43,236.55
