episode,epReward,cumReward,cumRegret,empRegret
10,3.38,4.06,2.44,0.38
20,0.00,1.69,6.44,7.20
30,0.00,1.84,8.22,11.49
40,1.75,4.44,9.56,13.34
50,2.46,12.50,10.22,9.72
60,0.00,18.07,10.22,8.59
70,-0.53,23.79,10.22,7.32
80,0.00,34.13,10.22,1.43
90,0.00,37.55,10.22,2.45
100,1.72,43.59,10.22,0.86
200,0.00,84.15,11.22,4.74
300,0.00,133.21,11.22,0.12
400,0.00,175.12,13.22,2.65
500,0.00,218.95,13.22,3.28
600,0.00,246.63,13.22,20.04
700,0.00,299.73,13.89,11.38
800,-0.13,327.75,14.89,27.81
900,0.00,363.57,14.89,36.43
1000,0.00,417.04,14.89,27.40
2000,0.00,833.92,14.89,54.97
3000,0.00,1357.78,15.56,-24.45
4000,0.79,1762.82,15.56,14.96
5000,0.00,2196.00,16.22,26.22
6000,0.00,2659.70,16.22,6.96
7000,2.29,3115.37,16.22,-4.26
8000,0.00,3628.04,16.22,-72.48
9000,0.00,4075.49,16.89,-75.49
10000,-1.18,4518.56,17.56,-74.12
