episode,epReward,cumReward,cumRegret,empRegret
10,4.98,14.39,7.33,0.11
20,-1.03,25.66,10.33,3.34
30,1.56,38.09,10.41,5.41
40,1.53,63.13,11.84,-5.13
50,0.55,68.78,13.17,3.72
60,3.39,78.05,13.17,8.95
70,3.03,90.73,13.90,10.77
80,-0.82,102.19,13.90,13.81
90,2.35,113.03,13.90,17.47
100,0.89,128.89,13.90,16.11
200,-0.66,286.29,16.77,3.71
300,1.03,406.55,18.08,28.45
400,-0.68,568.48,21.27,11.53
500,2.33,737.59,23.60,-12.58
600,2.26,856.64,26.21,13.37
700,-0.59,1000.10,28.68,14.90
800,2.77,1165.58,28.68,-5.57
900,1.29,1307.27,28.68,-2.27
1000,1.48,1440.47,28.68,9.54
2000,3.33,2903.89,30.85,-3.88
3000,1.32,4302.03,31.57,47.99
4000,3.89,5668.70,31.57,131.31
5000,0.33,7025.50,31.57,224.52
6000,1.06,8456.15,32.30,243.87
7000,-2.44,9898.95,32.30,251.08
8000,-1.72,11323.74,32.30,276.29
9000,1.43,12826.80,33.02,223.24
10000,-0.37,14308.35,33.02,191.69
