episode,epReward,cumReward,cumRegret,empRegret
10,-0.56,-29.26,23.01,39.72
20,-0.22,-28.11,29.03,49.04
30,2.09,-21.53,29.21,52.92
40,0.83,-14.75,29.50,56.61
50,4.70,5.68,29.68,46.64
60,0.55,12.92,29.86,49.86
70,0.76,10.04,30.27,63.20
80,2.11,13.45,30.45,70.26
90,-0.56,30.31,30.86,63.86
100,-1.21,39.92,31.04,64.71
200,1.79,154.93,32.98,54.34
300,2.04,291.27,34.63,22.62
400,-0.95,365.07,36.76,53.46
500,-0.76,485.47,38.41,37.70
600,3.14,573.89,40.36,53.91
700,1.55,674.84,42.84,57.59
800,-2.17,756.00,44.72,81.06
900,0.09,876.54,46.73,65.16
1000,1.14,937.92,48.68,108.40
2000,3.25,1945.30,68.15,147.35
3000,-2.08,2996.87,86.85,142.11
4000,-2.89,4034.40,106.56,150.91
5000,0.94,5121.73,124.91,109.90
6000,1.11,6070.31,145.62,207.65
7000,0.01,7062.86,164.44,261.43
8000,0.56,8128.21,183.62,242.41
9000,0.18,9118.88,202.50,298.06
10000,-2.27,10155.52,222.15,307.75
