episode,epReward,cumReward,cumRegret,empRegret
10,0.80,5.75,4.78,-1.31
20,1.56,8.91,6.11,-0.02
30,0.00,16.00,7.11,-2.66
40,-2.10,26.08,8.00,-8.30
50,1.21,28.49,8.44,-6.27
60,0.60,28.85,9.33,-2.19
70,-0.37,35.49,10.00,-4.37
80,-0.09,45.39,10.00,-9.84
90,-1.38,47.09,10.00,-7.09
100,0.44,50.61,10.44,-6.17
200,0.68,97.26,11.33,-8.37
300,-0.26,143.93,12.67,-10.60
400,2.58,193.61,12.67,-15.83
500,-0.73,212.07,13.33,10.15
600,1.23,255.49,14.00,11.18
700,0.31,297.89,14.00,13.22
800,0.80,341.50,14.00,14.05
900,0.39,386.38,14.00,13.62
1000,-0.81,437.90,14.00,6.55
2000,1.85,804.52,14.00,84.37
3000,1.76,1233.24,14.00,100.09
4000,-0.58,1723.15,14.67,54.63
5000,-1.35,2180.48,15.33,41.74
6000,3.11,2698.22,15.33,-31.55
7000,1.66,3141.70,15.33,-30.59
8000,1.51,3585.46,15.33,-29.90
9000,0.48,4034.36,16.00,-34.36
10000,-2.17,4461.72,16.00,-17.28
