episode,epReward,cumReward,cumRegret,empRegret
10,0.00,-3.56,5.11,8.00
20,0.00,-4.06,6.89,12.95
30,2.54,0.26,7.56,13.07
40,0.60,4.53,7.56,13.25
50,2.21,10.64,7.56,11.58
60,0.00,13.35,7.56,13.32
70,0.75,19.78,7.56,11.33
80,1.53,26.03,7.56,9.52
90,1.71,29.31,7.56,10.69
100,-0.62,29.00,8.22,15.44
200,2.68,75.38,8.89,13.51
300,0.76,118.94,9.33,14.39
400,0.72,173.02,9.33,4.76
500,2.91,223.34,9.33,-1.12
600,0.60,252.97,10.00,13.70
700,0.00,291.85,10.00,19.26
800,0.00,328.20,10.44,27.35
900,0.00,380.17,10.44,19.83
1000,2.42,442.30,11.11,2.15
2000,1.05,873.79,11.11,15.10
3000,0.07,1280.81,11.11,52.52
4000,0.00,1713.24,11.78,64.54
5000,0.81,2178.72,11.78,43.50
6000,0.00,2586.52,11.78,80.14
7000,0.29,3019.83,11.78,91.28
8000,1.54,3468.96,11.78,86.60
9000,0.00,3934.85,12.44,65.15
10000,0.00,4364.96,13.11,79.48
