episode,epReward,cumReward,cumRegret,empRegret
10,3.15,21.10,10.08,17.81
20,-0.79,44.19,23.58,33.64
30,2.69,68.71,36.70,48.03
40,5.53,94.47,53.44,61.19
50,4.74,134.58,64.16,59.99
60,1.39,154.56,79.86,78.92
70,4.25,173.59,96.73,98.81
80,0.20,198.39,114.52,112.92
90,1.45,224.20,130.61,126.02
100,1.92,249.55,146.55,139.59
200,-1.97,467.71,308.50,310.57
300,6.66,730.06,444.45,437.36
400,0.05,993.54,600.84,563.02
500,3.88,1217.89,762.63,727.80
600,3.93,1444.03,906.39,890.80
700,1.09,1681.35,1066.10,1042.62
800,2.98,1897.26,1229.88,1215.85
900,5.06,2140.92,1388.13,1361.33
1000,1.25,2360.35,1544.69,1531.04
2000,-0.51,4611.93,3146.32,3170.84
3000,-0.76,7044.88,4728.92,4629.28
4000,3.36,9233.91,6349.18,6331.64
5000,2.02,11625.88,7956.98,7831.05
6000,1.50,13780.47,9585.11,9567.85
7000,3.13,16038.35,11225.31,11201.37
8000,6.09,18310.21,12848.98,12820.90
9000,4.81,20541.24,14461.92,14481.25
10000,4.65,22819.28,16074.81,16094.60
