episode,epReward,cumReward,cumRegret,empRegret
10,0.00,-3.81,4.56,8.25
20,2.32,5.71,6.22,3.18
30,0.00,5.13,6.22,8.21
40,0.00,5.65,6.22,12.12
50,0.00,5.65,7.56,16.57
60,0.00,5.54,8.89,21.13
70,1.29,9.18,9.56,21.93
80,-0.79,12.05,9.56,23.50
90,0.00,12.56,9.56,27.44
100,1.05,18.34,9.56,26.11
200,0.00,71.36,10.00,17.53
300,0.00,119.03,10.00,14.31
400,1.96,169.54,10.00,8.24
500,0.00,211.15,10.00,11.07
600,0.21,253.93,10.00,12.74
700,0.00,301.81,10.00,9.30
800,0.00,349.42,10.00,6.14
900,0.00,388.37,10.00,11.63
1000,1.22,435.16,10.00,9.29
2000,0.40,888.79,10.44,0.10
3000,0.00,1262.35,10.44,70.99
4000,0.00,1730.88,10.44,46.90
5000,0.57,2163.33,11.11,58.89
6000,0.00,2538.93,11.11,127.73
7000,0.00,2965.24,11.56,145.87
8000,0.98,3398.37,11.56,157.19
9000,2.18,3821.39,11.56,178.61
10000,0.00,4283.63,11.56,160.81
