episode,epReward,cumReward,cumRegret,empRegret
10,0.00,0.55,1.56,3.90
20,0.00,1.90,2.56,6.99
30,0.00,3.45,4.56,9.88
40,0.00,9.32,5.89,8.46
50,0.00,10.28,5.89,11.94
60,0.00,15.97,5.89,10.69
70,0.00,20.83,6.56,10.29
80,0.71,28.60,6.56,6.95
90,0.00,32.54,6.56,7.46
100,0.71,34.31,7.56,10.14
200,0.82,86.15,7.56,2.73
300,0.00,133.24,7.56,0.09
400,0.00,177.80,7.56,-0.02
500,0.00,219.47,8.22,2.75
600,0.00,251.27,8.22,15.39
700,0.80,303.62,8.22,7.49
800,0.44,349.25,8.22,6.30
900,1.41,387.89,8.22,12.11
1000,0.35,446.94,8.22,-2.49
2000,0.00,862.38,8.22,26.51
3000,0.22,1357.94,8.89,-24.61
4000,0.00,1842.89,8.89,-65.11
5000,0.00,2257.96,8.89,-35.74
6000,0.00,2701.30,10.22,-34.64
7000,0.00,3112.65,10.22,-1.54
8000,0.20,3568.89,10.22,-13.33
9000,0.81,4003.26,10.22,-3.26
10000,2.25,4448.44,10.89,-3.99
