episode,epReward,cumReward,cumRegret,empRegret
10,0.00,2.96,1.78,1.49
20,0.00,6.11,4.89,2.77
30,0.00,10.21,6.22,3.12
40,0.00,10.91,8.22,6.87
50,0.00,11.09,11.56,11.13
60,1.75,17.44,12.89,9.23
70,1.09,21.65,12.89,9.46
80,0.00,24.64,12.89,10.92
90,1.41,29.73,13.56,10.27
100,0.78,35.06,14.22,9.38
200,0.00,81.93,14.89,6.96
300,1.50,123.19,14.89,10.14
400,0.00,173.18,14.89,4.60
500,0.00,211.37,14.89,10.85
600,0.00,267.49,14.89,-0.82
700,0.00,324.75,14.89,-13.64
800,0.97,357.15,14.89,-1.59
900,0.00,387.52,14.89,12.48
1000,0.00,434.87,14.89,9.57
2000,1.09,875.02,14.89,13.86
3000,0.29,1344.07,14.89,-10.74
4000,1.43,1797.67,14.89,-19.89
5000,0.00,2250.42,14.89,-28.20
6000,0.00,2668.43,14.89,-1.76
7000,0.00,3094.40,14.89,16.71
8000,0.02,3563.81,14.89,-8.26
9000,0.00,3987.89,14.89,12.11
10000,0.74,4384.76,14.89,59.68
