episode,epReward,cumReward,cumRegret,empRegret
10,-1.33,21.27,4.16,1.36
20,2.05,46.80,5.29,-1.55
30,0.93,61.02,9.90,6.85
40,0.35,75.27,10.16,15.23
50,-0.15,88.87,10.96,24.25
60,-1.64,107.99,11.54,27.75
70,4.17,130.12,12.04,28.25
80,2.18,153.68,12.30,27.32
90,2.16,171.26,13.10,32.36
100,-0.16,189.35,13.48,36.89
200,2.58,419.24,16.52,33.24
300,4.48,652.62,19.76,26.11
400,3.70,872.17,22.63,32.81
500,3.92,1104.11,27.33,27.11
600,5.01,1324.00,30.40,33.47
700,0.12,1560.46,34.48,23.25
800,3.48,1802.73,36.64,7.23
900,1.25,2034.46,41.52,1.73
1000,5.77,2245.76,46.07,16.68
2000,1.81,4420.93,80.77,103.95
3000,3.07,6755.73,111.53,31.59
4000,0.04,9097.20,142.24,-47.43
5000,2.43,11391.51,172.91,-79.30
6000,-0.17,13724.51,202.22,-149.85
7000,-0.31,15883.70,232.38,-46.61
8000,3.02,18052.65,259.92,46.89
9000,6.56,20314.90,287.20,47.08
10000,7.15,22490.28,317.87,134.14
