episode,epReward,cumReward,cumRegret,empRegret
10,5.02,49.51,18.03,13.68
20,4.85,109.11,35.39,17.26
30,8.55,173.22,38.00,16.33
40,8.19,235.54,50.81,17.20
50,1.06,282.64,64.56,33.29
60,1.21,311.98,86.63,67.13
70,10.61,359.06,109.52,83.24
80,1.04,402.74,132.40,102.74
90,6.27,449.62,156.24,119.04
100,-1.80,472.55,184.37,159.30
200,3.23,885.59,437.34,378.10
300,4.17,1286.28,677.37,609.27
400,1.39,1579.32,1007.31,948.07
500,1.67,1892.60,1339.83,1266.64
600,3.15,2134.20,1678.07,1656.89
700,3.98,2406.10,2017.28,2016.83
800,5.18,2709.33,2349.80,2345.45
900,4.57,2973.72,2682.32,2712.91
1000,2.12,3281.03,3014.84,3037.45
2000,3.18,6308.50,6362.96,6328.45
3000,4.09,9379.70,9712.98,9575.73
4000,6.19,12437.31,13047.74,12836.60
5000,2.91,15452.90,16404.45,16139.47
6000,0.60,18359.69,19765.93,19551.17
7000,7.27,21365.22,23139.82,22864.11
8000,7.25,24336.08,26498.43,26211.73
9000,2.39,27338.78,29857.05,29527.50
10000,3.92,30267.61,33221.39,32917.15
