episode,epReward,cumReward,cumRegret,empRegret
10,-5.64,-48.09,16.77,22.79
20,-2.92,-87.34,35.63,36.73
30,-1.98,-124.83,46.86,48.91
40,-3.93,-151.72,51.89,50.50
50,-2.95,-192.42,66.56,65.90
60,-4.34,-229.08,82.06,77.24
70,-0.35,-236.75,82.06,59.61
80,-6.58,-274.08,86.25,71.64
90,-3.41,-297.18,86.25,69.43
100,-3.34,-319.37,86.25,66.31
200,-5.37,-556.97,88.25,50.86
300,3.39,-795.47,88.25,36.31
400,-6.48,-970.97,88.25,-41.24
500,-3.73,-1241.85,88.25,-23.42
600,-2.21,-1526.10,88.25,7.79
700,-0.55,-1817.64,88.25,46.27
800,-4.93,-2097.80,88.25,73.38
900,-5.92,-2416.01,88.25,138.53
1000,-5.91,-2705.67,88.25,175.14
2000,-1.37,-5352.37,88.25,291.32
3000,3.50,-7913.48,88.25,321.89
4000,2.31,-10546.97,88.25,424.86
5000,-5.00,-13130.69,88.25,478.05
6000,-2.92,-15779.15,88.25,595.99
7000,-1.11,-18206.53,88.25,492.84
8000,-2.34,-20764.63,88.25,520.40
9000,-1.86,-23381.35,88.25,606.60
10000,-4.36,-25970.91,88.25,665.63
