episode,epReward,cumReward,cumRegret,empRegret
10,0.00,5.73,2.78,-1.29
20,0.19,8.17,3.89,0.72
30,0.00,10.09,3.89,3.24
40,0.00,10.09,6.56,7.69
50,0.00,15.13,8.56,7.10
60,3.08,18.27,9.89,8.39
70,0.00,27.12,10.56,3.99
80,0.00,31.36,10.56,4.20
90,0.00,32.15,10.56,7.85
100,0.00,33.90,12.56,10.55
200,1.10,66.49,20.33,22.40
300,0.00,110.03,23.67,23.30
400,0.00,149.75,24.33,28.03
500,-0.50,203.80,24.33,18.42
600,1.11,241.23,24.33,25.43
700,0.00,276.06,24.78,35.05
800,0.00,319.26,24.78,36.30
900,0.00,359.64,24.78,40.36
1000,0.00,402.55,24.78,41.89
2000,0.00,851.14,25.78,37.75
3000,0.39,1268.97,25.78,64.37
4000,0.00,1706.04,25.78,71.74
5000,1.61,2220.34,25.78,1.88
6000,1.12,2624.66,26.22,42.01
7000,0.90,3077.54,26.22,33.57
8000,1.88,3549.63,26.22,5.92
9000,2.12,4001.19,26.22,-1.19
10000,1.81,4464.80,26.22,-20.36
