episode,epReward,cumReward,cumRegret,empRegret
10,-0.16,-4.87,4.00,9.31
20,-0.32,-0.65,8.44,9.54
30,1.17,6.40,12.89,6.93
40,0.99,4.08,16.89,13.69
50,-0.75,-2.37,20.44,24.60
60,0.01,-4.05,24.89,30.72
70,0.01,-2.70,28.89,33.82
80,0.30,-1.37,33.56,36.93
90,-3.86,-3.39,38.00,43.39
100,0.71,-12.13,42.44,56.57
200,-2.21,-16.59,86.00,105.48
300,1.46,-30.95,130.44,164.28
400,1.87,-5.76,174.44,183.54
500,3.61,-20.35,218.89,242.57
600,1.80,-39.31,263.33,305.97
700,-1.46,-59.37,308.00,370.48
800,0.76,-39.61,352.44,395.16
900,-0.28,-38.17,396.00,438.17
1000,-0.25,-38.67,440.67,483.11
2000,0.07,45.40,884.33,843.49
3000,0.67,56.96,1328.78,1276.37
4000,-0.49,18.49,1773.78,1759.29
5000,2.58,63.44,2218.22,2158.78
6000,2.19,99.77,2662.67,2566.90
7000,-0.03,116.40,3107.11,2994.71
8000,-0.50,152.79,3551.56,3402.77
9000,0.19,153.83,3996.00,3846.17
10000,-1.32,30.48,4440.44,4413.96
