episode,epReward,cumReward,cumRegret,empRegret
10,0.00,0.66,2.78,3.78
20,0.00,2.15,4.44,6.74
30,0.53,3.76,5.11,9.58
40,0.00,6.47,5.56,11.31
50,0.00,6.83,5.56,15.39
60,0.84,9.07,6.22,17.60
70,0.00,14.15,6.22,16.96
80,1.87,18.86,6.22,16.69
90,0.00,21.20,6.89,18.80
100,0.00,28.50,6.89,15.95
200,0.67,85.23,8.22,3.66
300,0.00,122.27,8.22,11.06
400,0.00,163.87,8.22,13.91
500,0.00,216.38,8.22,5.84
600,0.02,261.63,8.22,5.04
700,0.48,309.21,8.22,1.90
800,0.00,352.87,8.22,2.68
900,0.91,400.25,8.22,-0.25
1000,-1.43,434.60,8.22,9.84
2000,0.00,869.48,8.22,19.41
3000,0.00,1304.99,8.22,28.34
4000,0.00,1754.63,8.89,23.15
5000,0.00,2191.67,8.89,30.55
6000,1.62,2602.65,8.89,64.02
7000,0.00,3028.76,8.89,82.35
8000,0.00,3454.42,8.89,101.14
9000,1.69,3897.60,9.56,102.40
10000,1.48,4339.42,10.22,105.03
