episode,epReward,cumReward,cumRegret,empRegret
10,4.09,45.83,15.69,25.04
20,9.67,115.54,19.15,26.21
30,5.66,179.86,23.78,32.77
40,7.72,251.51,23.78,31.99
50,7.69,327.04,23.78,27.34
60,10.47,398.94,23.78,26.32
70,5.29,465.95,23.78,30.18
80,6.37,534.85,23.78,32.15
90,6.87,612.44,23.78,25.44
100,5.03,685.88,23.78,22.87
200,5.79,1369.00,32.20,48.52
300,7.74,2055.66,32.20,70.60
400,7.40,2772.77,36.41,62.25
500,5.98,3484.59,40.68,59.18
600,6.55,4183.24,44.90,69.29
700,1.87,4869.07,57.59,92.22
800,4.72,5594.31,61.80,75.74
900,8.35,6353.64,61.80,25.16
1000,8.67,7078.89,61.80,8.67
2000,7.49,14052.47,74.44,122.64
3000,8.08,21173.38,74.44,89.28
4000,7.30,28262.48,74.44,87.74
5000,8.45,35339.49,74.44,98.29
6000,6.34,42404.07,74.44,121.26
7000,7.58,49455.52,74.44,157.36
8000,7.85,56525.88,74.44,174.56
9000,12.39,63585.47,74.44,202.52
10000,6.35,70638.55,74.44,237.00
