episode,epReward,cumReward,cumRegret,empRegret
10,1.38,6.42,3.78,-1.97
20,1.33,4.64,8.44,4.25
30,-0.95,-2.70,12.89,16.03
40,2.35,-14.43,17.33,32.20
50,0.55,-8.96,21.44,31.18
60,-0.93,-4.40,25.44,31.07
70,0.91,3.67,28.56,27.44
80,1.11,-1.78,32.56,37.33
90,1.14,2.71,37.00,37.29
100,-1.33,6.86,40.11,37.58
200,0.78,54.86,54.67,34.03
300,-1.29,108.11,57.56,25.22
400,-1.28,151.78,57.56,26.00
500,0.36,202.22,58.22,20.00
600,-0.59,252.92,58.22,13.75
700,-0.47,315.43,58.22,-4.32
800,-0.31,369.61,58.89,-14.06
900,0.78,413.65,58.89,-13.65
1000,-2.28,447.07,58.89,-2.62
2000,-0.54,906.20,58.89,-17.31
3000,-0.67,1382.72,58.89,-49.38
4000,-0.11,1890.79,58.89,-113.02
5000,-0.54,2256.58,60.22,-34.36
6000,1.44,2665.05,60.89,1.62
7000,1.09,3122.71,60.89,-11.60
8000,-0.55,3580.69,60.89,-25.13
9000,1.66,4011.84,60.89,-11.84
10000,-2.41,4428.61,60.89,15.83
