episode,epReward,cumReward,cumRegret,empRegret
10,3.32,30.43,3.10,-3.00
20,1.70,47.20,12.96,7.67
30,3.65,70.15,17.10,12.14
40,4.56,93.92,20.85,15.81
50,1.95,123.01,24.99,14.15
60,5.13,143.47,30.03,21.12
70,3.53,170.43,31.98,21.59
80,2.32,192.80,33.94,26.65
90,0.46,208.82,35.89,38.06
100,6.45,240.33,37.65,33.99
200,1.08,505.49,61.19,43.14
300,-0.63,738.32,81.19,84.62
400,4.63,987.92,107.28,109.34
500,2.66,1235.29,128.11,136.28
600,4.18,1453.10,148.37,192.79
700,-0.58,1706.07,167.93,214.14
800,2.71,1965.23,187.36,229.29
900,-0.82,2185.00,209.62,283.84
1000,2.90,2445.76,231.70,297.39
2000,3.42,4885.96,447.54,600.34
3000,-0.02,7422.82,648.66,806.63
4000,2.88,9881.79,845.47,1090.80
5000,-0.45,12402.50,1042.80,1313.24
6000,1.77,14882.77,1239.54,1576.13
7000,2.55,17475.95,1436.35,1726.09
8000,0.97,20038.41,1634.05,1906.78
9000,0.98,22557.40,1831.76,2130.93
10000,3.14,25148.56,2028.19,2282.92
