episode,epReward,cumReward,cumRegret,empRegret
10,1.58,4.62,10.82,15.42
20,-0.15,21.35,22.86,18.72
30,2.49,32.33,34.96,27.78
40,0.56,35.92,47.73,44.23
50,1.25,38.38,60.50,61.81
60,3.28,53.07,72.27,67.16
70,0.38,53.57,83.23,86.70
80,1.38,67.83,96.01,92.48
90,2.13,79.07,105.69,101.27
100,3.35,94.17,116.71,106.21
200,-1.39,172.30,242.17,228.47
300,2.43,248.64,369.36,352.51
400,0.77,326.48,496.55,475.05
500,4.29,392.41,624.27,609.50
600,0.09,476.96,752.00,725.33
700,2.07,555.25,879.18,847.43
800,-2.08,620.90,1006.90,982.17
900,-0.23,699.29,1134.62,1104.15
1000,-0.05,809.51,1262.35,1194.32
2000,-0.72,1561.19,2539.04,2446.47
3000,1.42,2267.52,3816.28,3743.96
4000,1.14,3011.44,5093.51,5003.86
5000,-1.25,3742.23,6370.20,6276.90
6000,0.06,4493.34,7646.36,7529.62
7000,-0.07,5224.78,8923.60,8802.00
8000,3.09,5972.66,10200.83,10057.95
9000,0.47,6631.82,11478.07,11402.62
10000,1.40,7290.19,12754.23,12748.07
