episode,epReward,cumReward,cumRegret,empRegret
10,8.28,28.49,9.93,10.80
20,1.64,60.12,9.93,18.47
30,3.18,98.67,9.93,19.22
40,4.54,132.98,9.93,24.20
50,2.41,169.40,9.93,27.07
60,1.43,205.15,9.93,30.62
70,6.03,241.34,9.93,33.72
80,1.73,281.60,9.93,32.75
90,4.38,319.06,9.93,34.59
100,1.05,364.87,9.93,28.07
200,2.33,759.82,9.93,26.06
300,0.75,1166.91,14.27,11.92
400,3.14,1569.93,16.35,1.85
500,5.49,1977.14,16.35,-12.42
600,4.94,2375.24,16.35,-17.58
700,6.78,2772.72,20.69,-22.12
800,0.23,3172.01,20.69,-28.46
900,6.12,3567.70,20.69,-31.21
1000,5.20,3969.98,20.69,-40.55
2000,3.78,7870.16,20.69,-11.30
3000,6.03,11858.99,20.69,-70.69
4000,2.46,15809.95,20.69,-92.21
5000,2.91,19721.13,26.04,-73.96
6000,3.85,23682.40,29.03,-105.79
7000,4.71,27532.41,29.03,-26.37
8000,2.46,31452.44,29.03,-16.96
9000,4.91,35311.37,29.03,53.54
10000,2.71,39199.14,29.03,95.21
