episode,epReward,cumReward,cumRegret,empRegret
10,3.74,47.00,9.69,3.09
20,3.58,94.49,9.69,5.69
30,4.86,149.74,9.69,0.53
40,6.51,193.73,9.69,6.63
50,3.10,240.34,9.69,10.12
60,2.78,290.77,9.69,9.78
70,3.27,339.71,9.69,10.93
80,6.21,391.36,9.69,9.37
90,7.15,446.66,9.69,4.16
100,6.70,506.25,9.69,-5.34
200,1.28,1015.71,11.26,-13.88
300,5.42,1502.85,11.26,-0.11
400,4.78,1996.88,11.26,6.78
500,3.70,2501.63,11.26,2.94
600,4.54,2992.39,11.26,13.09
700,4.30,3526.68,11.26,-20.29
800,5.89,4032.19,11.26,-24.88
900,6.89,4540.35,11.26,-32.12
1000,7.66,5058.44,11.26,-49.30
2000,3.20,10134.13,14.41,-115.85
3000,8.62,15204.77,21.33,-177.35
4000,2.69,20197.41,21.33,-160.85
5000,7.41,25362.30,22.90,-316.60
6000,2.07,30434.27,22.90,-379.43
7000,4.68,35377.49,24.48,-313.51
8000,7.07,40339.51,24.48,-266.39
9000,5.68,45396.48,24.48,-314.22
10000,4.88,50383.03,24.48,-291.63
