episode,epReward,cumReward,cumRegret,empRegret
10,0.00,-0.57,1.11,5.02
20,0.00,-0.24,1.56,9.13
30,0.00,3.00,3.56,10.34
40,2.53,8.44,3.56,9.34
50,0.00,12.05,3.56,10.17
60,0.66,16.42,3.56,10.25
70,0.00,18.64,5.22,12.47
80,0.93,22.48,5.22,13.08
90,1.51,28.87,5.22,11.13
100,0.28,32.66,6.22,11.78
200,0.00,68.82,8.00,20.06
300,0.00,115.53,8.00,17.80
400,0.58,153.53,8.00,24.25
500,-0.88,188.72,8.00,33.50
600,0.00,231.19,8.00,35.48
700,0.00,283.25,8.00,27.86
800,0.00,322.39,8.44,33.17
900,0.00,354.56,8.44,45.44
1000,0.38,398.74,8.44,45.70
2000,0.00,863.44,10.22,25.45
3000,0.00,1302.06,10.89,31.27
4000,1.09,1764.94,10.89,12.84
5000,0.00,2224.23,10.89,-2.01
6000,0.00,2703.00,10.89,-36.33
7000,0.83,3181.05,10.89,-69.94
8000,2.05,3628.45,10.89,-72.90
9000,2.21,4071.05,10.89,-71.05
10000,1.25,4471.15,10.89,-26.70
