episode,epReward,cumReward,cumRegret,empRegret
10,0.00,3.38,4.56,1.06
20,1.93,7.74,6.56,1.15
30,0.49,12.47,7.22,0.87
40,0.00,13.51,7.22,4.27
50,0.00,19.58,7.67,2.64
60,0.00,23.77,7.67,2.90
70,2.35,26.51,8.33,4.60
80,0.00,26.81,9.67,8.75
90,1.87,32.00,10.33,8.00
100,2.72,35.31,10.33,9.14
200,0.00,67.40,13.67,21.49
300,0.00,116.01,13.67,17.32
400,0.00,162.06,13.67,15.72
500,2.72,203.49,13.67,18.74
600,2.63,240.15,14.11,26.52
700,0.00,283.37,14.11,27.74
800,2.50,335.65,14.11,19.91
900,1.77,378.06,14.11,21.94
1000,0.00,415.40,14.11,29.05
2000,0.02,860.03,14.56,28.86
3000,0.00,1305.79,14.56,27.55
4000,0.99,1766.84,14.56,10.94
5000,0.00,2191.71,14.56,30.51
6000,0.00,2625.14,14.56,41.53
7000,0.90,3064.85,14.56,46.27
8000,2.64,3496.21,14.56,59.34
9000,0.23,3986.30,14.56,13.70
10000,0.81,4418.05,15.00,26.39
