episode,epReward,cumReward,cumRegret,empRegret
10,1.59,49.08,4.01,0.22
20,7.66,96.22,4.01,2.39
30,7.10,144.19,4.01,3.72
40,5.97,194.24,4.01,2.98
50,3.14,251.36,4.01,-4.84
60,2.63,301.89,6.69,-6.07
70,5.48,348.85,6.69,-3.73
80,4.98,398.36,6.69,-3.93
90,5.53,443.52,6.69,0.21
100,5.07,498.73,6.69,-5.69
200,5.01,1003.86,7.98,-17.79
300,7.00,1494.59,11.99,-15.48
400,4.36,1966.19,11.99,5.96
500,7.73,2472.86,13.43,-7.68
600,6.50,2968.60,13.43,-10.38
700,5.10,3424.05,15.82,27.20
800,1.33,3919.18,15.82,25.11
900,4.72,4404.78,15.82,32.54
1000,4.93,4924.22,15.82,6.14
2000,2.00,9839.33,17.26,21.39
3000,5.94,14780.16,17.26,10.93
4000,5.92,19775.35,17.26,-53.90
5000,4.59,24769.17,17.26,-117.35
6000,3.80,29635.74,17.26,-53.57
7000,5.96,34602.63,17.26,-90.09
8000,2.25,39498.77,17.26,-55.87
9000,5.06,44427.53,17.26,-54.27
10000,5.77,49376.64,19.65,-73.02
