episode,epReward,cumReward,cumRegret,empRegret
10,0.00,-4.55,2.33,8.99
20,1.94,-3.97,4.11,12.86
30,1.48,0.69,7.67,12.64
40,0.00,-0.65,9.44,18.43
50,0.00,4.31,10.11,17.91
60,0.00,5.05,12.11,21.62
70,0.00,13.54,13.44,17.57
80,0.00,13.63,16.11,21.93
90,0.00,20.22,16.78,19.78
100,0.64,26.48,16.78,17.97
200,0.00,69.72,16.78,19.17
300,1.57,119.90,16.78,13.43
400,0.00,173.86,16.78,3.91
500,1.71,221.75,16.78,0.48
600,0.00,275.41,16.78,-8.75
700,0.00,320.87,16.78,-9.76
800,1.78,368.49,17.78,-12.94
900,3.05,426.86,18.78,-26.86
1000,1.78,468.07,19.78,-23.62
2000,0.07,878.24,19.78,10.65
3000,3.61,1290.38,19.78,42.95
4000,0.00,1699.00,19.78,78.77
5000,-0.35,2158.58,20.78,63.64
6000,2.49,2615.80,21.78,50.87
7000,0.00,3033.30,22.78,77.81
8000,1.34,3427.84,22.78,127.72
9000,3.54,3873.12,22.78,126.88
10000,0.00,4298.24,22.78,146.20
