episode,epReward,cumReward,cumRegret,empRegret
10,0.00,-2.28,3.44,6.73
20,1.95,6.81,5.22,2.08
30,-0.16,13.09,5.67,0.25
40,-1.76,16.06,5.67,1.72
50,1.58,22.72,5.67,-0.49
60,0.00,27.95,5.67,-1.29
70,2.45,34.22,5.67,-3.11
80,-0.28,35.97,6.67,-0.41
90,0.00,39.85,6.67,0.15
100,0.90,42.71,6.67,1.73
200,0.73,92.62,7.67,-3.73
300,0.37,131.56,8.67,1.77
400,0.00,167.59,8.67,10.19
500,0.00,202.60,10.33,19.62
600,0.59,250.59,10.33,16.08
700,0.00,290.40,10.33,20.71
800,0.00,320.51,11.00,35.04
900,0.00,356.54,11.00,43.46
1000,0.50,394.75,11.00,49.69
2000,2.28,846.96,12.67,41.93
3000,0.00,1282.33,12.67,51.00
4000,0.00,1743.15,13.33,34.62
5000,0.00,2148.39,13.33,73.83
6000,0.00,2604.36,14.33,62.31
7000,1.21,3040.89,16.00,70.23
8000,2.33,3475.79,16.00,79.76
9000,2.95,3933.16,16.00,66.84
10000,0.00,4334.70,17.00,109.74
