episode,epReward,cumReward,cumRegret,empRegret
10,0.00,-4.30,2.56,8.75
20,4.45,-0.06,5.00,8.95
30,0.00,2.95,6.33,10.39
40,0.98,6.72,8.67,11.06
50,0.00,12.79,8.67,9.43
60,0.74,18.53,8.67,8.13
70,0.00,25.90,8.67,5.21
80,0.00,34.46,8.67,1.09
90,0.00,36.67,8.67,3.33
100,0.61,42.65,8.67,1.79
200,0.00,72.08,9.67,16.81
300,0.00,126.39,9.67,6.94
400,0.00,161.56,9.67,16.21
500,0.00,209.40,9.67,12.82
600,0.00,257.18,11.67,9.48
700,1.23,306.61,11.67,4.50
800,0.57,357.46,11.67,-1.90
900,0.97,410.28,11.67,-10.28
1000,0.00,451.94,11.67,-7.50
2000,0.00,901.59,13.00,-12.71
3000,0.75,1328.68,13.00,4.65
4000,0.00,1752.50,13.00,25.28
5000,-2.79,2198.85,13.67,23.37
6000,0.00,2626.69,13.67,39.98
7000,0.41,3100.92,13.67,10.19
8000,2.87,3560.40,13.67,-4.84
9000,1.66,4016.85,13.67,-16.85
10000,0.12,4481.07,13.67,-36.62
