episode,epReward,cumReward,cumRegret,empRegret
10,0.00,-5.09,4.22,9.54
20,0.00,-5.34,5.33,14.23
30,1.30,-2.51,7.33,15.85
40,0.00,2.70,8.33,15.07
50,1.30,9.68,9.00,12.54
60,0.00,17.80,9.00,8.87
70,2.90,29.41,9.00,1.70
80,1.41,36.82,9.00,-1.26
90,0.80,44.04,9.00,-4.04
100,0.00,48.06,9.00,-3.62
200,0.00,91.35,9.67,-2.46
300,0.00,121.42,9.67,11.91
400,1.65,166.54,9.67,11.24
500,0.00,214.76,9.67,7.46
600,0.68,276.01,9.67,-9.34
700,0.00,308.57,9.67,2.55
800,-1.22,358.63,9.67,-3.07
900,0.00,393.12,9.67,6.88
1000,0.00,444.73,10.67,-0.29
2000,0.00,862.65,10.67,26.24
3000,2.20,1306.50,11.67,26.83
4000,0.00,1709.30,11.67,68.48
5000,0.00,2130.02,12.67,92.20
6000,1.72,2572.67,12.67,94.00
7000,0.00,3081.75,12.67,29.36
8000,0.00,3555.24,12.67,0.32
9000,0.00,4024.41,12.67,-24.41
10000,0.00,4464.21,12.67,-19.77
