episode,epReward,cumReward,cumRegret,empRegret
10,-0.29,2.24,3.33,2.21
20,-0.20,2.05,6.89,6.84
30,-0.36,3.99,10.00,9.34
40,1.59,9.19,14.00,8.59
50,-0.59,15.84,18.44,6.38
60,-3.73,8.63,22.00,18.04
70,-0.96,1.30,26.00,29.81
80,0.14,-0.21,29.56,35.76
90,-0.29,-5.42,34.00,45.42
100,0.41,5.56,37.56,38.88
200,0.52,-6.55,81.56,95.44
300,-2.65,-31.80,123.56,165.13
400,-2.00,-54.15,168.00,231.93
500,0.60,-82.51,212.00,304.74
600,1.03,-64.78,248.00,331.45
700,-1.52,-18.61,255.11,329.72
800,-1.28,26.87,255.11,328.69
900,1.86,87.73,255.11,312.27
1000,2.67,148.30,255.11,296.14
2000,1.73,558.31,258.11,330.58
3000,0.40,919.89,259.78,413.45
4000,-0.48,1391.67,259.78,386.11
5000,1.79,1850.54,259.78,371.68
6000,0.27,2263.29,260.78,403.37
7000,0.56,2712.26,262.78,398.85
8000,1.29,3105.54,263.44,450.02
9000,-1.27,3554.79,263.44,445.21
10000,1.38,3922.60,264.44,521.84
