episode,epReward,cumReward,cumRegret,empRegret
10,0.95,3.37,4.00,1.08
20,0.00,8.87,6.67,0.02
30,0.00,4.21,11.00,9.12
40,1.40,10.50,13.67,7.27
50,0.76,9.84,16.00,12.38
60,-2.25,4.34,21.00,22.32
70,-3.28,-2.76,25.33,33.87
80,0.34,0.90,27.78,34.66
90,-0.24,2.90,28.67,37.10
100,1.41,13.85,29.56,30.59
200,0.50,55.94,31.44,32.95
300,-1.92,98.02,32.11,35.31
400,0.02,108.83,33.11,68.95
500,-0.32,152.98,34.78,69.24
600,0.54,176.90,34.78,89.77
700,0.19,244.48,34.78,66.63
800,1.97,309.00,35.44,46.55
900,-0.10,343.53,35.44,56.47
1000,0.29,386.04,35.44,58.40
2000,1.13,805.81,38.11,83.08
3000,0.21,1246.67,38.11,86.67
4000,0.88,1761.07,38.11,16.71
5000,1.66,2185.47,38.78,36.75
6000,-0.31,2543.76,38.78,122.90
7000,-1.45,2974.21,39.44,136.90
8000,-0.20,3414.74,39.44,140.81
9000,-0.06,3860.33,40.11,139.67
10000,1.59,4287.59,40.11,156.86
