episode,epReward,cumReward,cumRegret,empRegret
10,-0.31,-2.79,3.33,7.24
20,0.00,-1.32,8.00,10.21
30,0.00,-0.40,9.78,13.73
40,0.98,8.27,11.56,9.51
50,0.00,12.64,12.67,9.59
60,-1.68,17.38,12.67,9.28
70,0.00,19.78,12.67,11.33
80,0.00,22.03,12.67,13.53
90,0.00,24.75,12.67,15.25
100,0.96,35.90,12.67,8.54
200,0.00,94.07,12.67,-5.18
300,0.00,128.76,13.33,4.57
400,0.51,175.93,14.33,1.85
500,0.00,221.50,14.33,0.72
600,0.00,262.90,15.33,3.77
700,0.00,300.56,15.33,10.55
800,0.89,343.58,15.33,11.97
900,1.93,399.59,15.33,0.41
1000,0.00,440.23,15.33,4.22
2000,-0.20,866.08,15.33,22.81
3000,0.00,1349.04,16.33,-15.71
4000,1.25,1829.62,16.33,-51.85
5000,0.68,2280.24,16.33,-58.02
6000,0.00,2733.04,16.33,-66.37
7000,0.00,3179.33,16.33,-68.22
8000,0.00,3643.65,16.33,-88.10
9000,2.35,4097.13,16.33,-97.13
10000,0.00,4513.08,16.33,-68.64
