episode,epReward,cumReward,cumRegret,empRegret
10,0.43,0.96,3.22,3.48
20,-2.65,-1.51,7.33,10.40
30,-0.27,-0.11,11.33,13.44
40,0.44,-2.98,14.44,20.76
50,1.07,-5.11,18.22,27.33
60,-2.99,-5.48,20.89,32.15
70,0.90,-6.93,24.89,38.04
80,1.22,-1.45,29.56,37.01
90,0.01,-8.08,34.00,48.08
100,-0.79,-11.12,39.22,55.56
200,1.84,-4.91,62.11,93.79
300,2.12,22.80,67.56,110.53
400,0.94,74.36,69.44,103.42
500,0.46,133.42,69.44,88.80
600,1.26,196.41,70.44,70.25
700,-0.72,232.65,70.44,78.46
800,-0.66,291.51,71.44,64.04
900,-0.41,336.36,71.44,63.64
1000,2.25,390.08,71.44,54.37
2000,1.53,803.53,76.11,85.36
3000,0.64,1257.68,77.11,75.66
4000,1.47,1691.14,77.11,86.64
5000,-1.17,2062.68,79.11,159.54
6000,0.42,2447.88,80.11,218.79
7000,2.02,2848.55,80.11,262.56
8000,1.45,3278.14,80.11,277.42
9000,1.23,3765.91,80.11,234.09
10000,1.75,4233.93,80.11,210.52
