episode,epReward,cumReward,cumRegret,empRegret
10,-2.06,0.82,5.33,3.62
20,-0.34,0.20,9.00,8.69
30,1.53,4.71,11.89,8.62
40,-1.10,8.43,15.00,9.34
50,0.00,8.48,16.78,13.74
60,0.00,8.65,20.22,18.02
70,0.40,6.88,22.89,24.23
80,1.34,12.64,24.67,22.92
90,0.11,10.85,28.33,29.15
100,-1.67,3.07,32.00,41.37
200,-1.75,26.13,50.44,62.76
300,1.18,64.40,52.44,68.94
400,1.45,101.99,52.44,75.79
500,1.08,145.54,52.44,76.68
600,2.87,200.17,52.44,66.49
700,0.36,233.18,52.44,77.93
800,-0.48,286.65,52.44,68.90
900,0.78,333.96,52.44,66.04
1000,1.07,389.29,52.44,55.16
2000,-1.93,802.09,53.44,86.80
3000,-0.65,1228.58,54.44,104.75
4000,0.18,1825.16,54.44,-47.38
5000,-2.69,2142.65,55.44,79.57
6000,0.75,2601.93,56.44,64.74
7000,0.42,3061.94,56.44,49.17
8000,-1.23,3490.83,57.44,64.72
9000,0.80,3931.85,58.44,68.15
10000,0.66,4395.36,58.44,49.09
