episode,epReward,cumReward,cumRegret,empRegret
10,0.00,2.11,3.78,2.33
20,1.27,1.22,7.78,7.67
30,0.32,-1.09,11.56,14.43
40,0.95,-2.12,15.56,19.90
50,0.00,5.79,20.11,16.43
60,-0.11,2.27,24.11,24.40
70,1.20,2.81,28.56,28.30
80,-3.83,2.20,32.56,33.36
90,-0.67,2.85,36.56,37.15
100,-0.31,1.30,41.56,43.15
200,0.02,-8.74,86.56,97.63
300,-0.80,-19.27,131.00,152.60
400,0.38,-26.22,175.44,204.00
500,0.19,-56.89,219.89,279.11
600,2.70,-78.73,264.33,345.39
700,-0.72,-80.05,308.78,391.16
800,-0.39,-97.50,353.22,453.06
900,1.46,-104.42,397.67,504.42
1000,-0.95,-98.38,442.11,542.83
2000,-0.41,-150.25,886.56,1039.14
3000,0.11,-14.74,1331.00,1348.07
4000,0.06,-6.88,1775.44,1784.65
5000,1.68,-24.99,2219.89,2247.21
6000,-1.04,-104.99,2664.33,2771.66
7000,0.98,-99.14,3108.78,3210.25
8000,-0.89,-85.91,3553.22,3641.46
9000,3.64,-24.84,3997.67,4024.84
10000,0.07,30.23,4442.11,4414.21
