episode,epReward,cumReward,cumRegret,empRegret
10,0.00,1.26,2.89,3.18
20,0.00,0.47,5.89,8.41
30,0.00,0.47,9.56,12.86
40,0.00,2.47,13.56,15.31
50,0.00,4.10,14.67,18.12
60,0.00,12.11,15.33,14.55
70,0.00,14.55,16.00,16.56
80,3.00,25.33,16.00,10.22
90,0.00,32.54,16.00,7.46
100,0.00,33.50,16.00,10.95
200,1.84,67.70,16.00,21.19
300,0.00,118.46,16.00,14.87
400,0.00,169.47,16.00,8.31
500,0.00,214.25,16.00,7.97
600,0.00,255.47,16.44,11.20
700,-0.73,312.55,16.44,-1.44
800,0.00,350.65,16.44,4.91
900,0.68,389.27,16.44,10.73
1000,1.93,437.01,16.89,7.43
2000,0.00,858.82,16.89,30.07
3000,2.58,1317.10,16.89,16.23
4000,0.00,1746.72,16.89,31.06
5000,0.71,2183.22,16.89,39.00
6000,0.00,2642.24,16.89,24.43
7000,0.00,3080.35,16.89,30.76
8000,2.56,3518.50,16.89,37.06
9000,0.31,3907.73,16.89,92.27
10000,0.00,4418.88,16.89,25.57
