episode,epReward,cumReward,cumRegret,empRegret
10,0.00,-0.87,3.22,5.32
20,2.82,4.79,5.89,4.10
30,0.00,6.02,6.56,7.31
40,0.00,7.97,7.22,9.81
50,0.00,11.80,8.56,10.42
60,-0.63,13.04,8.56,13.63
70,0.00,20.09,8.56,11.02
80,-0.24,25.79,8.56,9.77
90,0.00,27.87,8.56,12.13
100,0.00,34.03,8.56,10.41
200,0.00,84.30,8.56,4.59
300,2.57,139.63,8.56,-6.30
400,0.00,174.69,8.56,3.09
500,0.45,206.74,8.56,15.48
600,0.00,254.04,8.56,12.63
700,0.00,308.82,8.56,2.29
800,0.00,347.11,8.56,8.45
900,0.00,374.11,8.56,25.89
1000,0.00,410.47,8.56,33.97
2000,2.62,865.71,9.22,23.18
3000,1.95,1305.90,9.22,27.43
4000,-1.43,1736.06,9.22,41.72
5000,-0.16,2212.91,9.89,9.31
6000,2.35,2650.83,10.56,15.83
7000,2.09,3090.37,10.56,20.75
8000,0.00,3540.62,10.56,14.93
9000,0.00,4033.79,10.56,-33.79
10000,1.23,4443.87,10.56,0.57
