episode,epReward,cumReward,cumRegret,empRegret
10,5.30,29.62,2.50,0.70
20,5.18,68.31,2.50,-7.69
30,4.11,100.54,2.50,-9.61
40,1.16,128.89,6.53,-7.64
50,-0.27,161.07,7.86,-9.52
60,4.01,180.95,7.86,0.92
70,4.46,212.59,7.86,-0.42
80,2.76,249.74,7.86,-7.25
90,4.74,284.98,7.86,-12.18
100,4.68,317.58,7.86,-14.47
200,1.13,598.99,16.85,7.23
300,4.62,902.64,16.85,6.68
400,3.66,1199.47,16.85,12.96
500,1.38,1504.61,16.85,10.93
600,1.15,1806.18,16.85,12.46
700,5.32,2085.98,16.85,35.77
800,4.03,2374.72,16.85,50.13
900,1.88,2692.38,16.85,35.58
1000,3.98,2997.69,16.85,33.38
2000,3.60,6031.86,19.52,30.28
3000,0.72,9068.21,19.52,24.99
4000,4.51,12189.54,19.52,-65.28
5000,0.87,15225.42,19.52,-70.09
6000,5.79,18221.36,19.52,-34.96
7000,3.47,21349.13,23.85,-131.66
8000,-0.70,24341.26,23.85,-92.73
9000,-1.98,27383.39,23.85,-103.79
10000,3.85,30392.41,23.85,-81.74
