episode,epReward,cumReward,cumRegret,empRegret
10,0.17,16.76,9.35,9.54
20,2.72,40.94,12.43,11.68
30,2.85,78.84,12.43,0.08
40,2.10,102.55,12.43,2.68
50,0.96,118.47,12.43,13.07
60,2.93,135.86,12.43,21.98
70,4.66,169.76,12.43,14.39
80,5.83,189.46,12.43,21.00
90,1.09,214.37,12.43,22.39
100,1.20,231.57,12.43,31.50
200,3.09,494.36,16.20,31.78
300,3.05,764.43,16.20,24.78
400,1.24,1048.91,16.20,3.37
500,6.58,1319.75,16.20,-4.41
600,2.20,1565.88,16.20,12.54
700,1.25,1830.88,16.20,10.61
800,3.61,2066.98,16.20,37.58
900,1.72,2316.89,16.20,50.74
1000,-1.43,2548.58,16.20,82.12
2000,1.79,5208.48,16.20,52.92
3000,-0.74,7800.33,16.20,91.77
4000,3.07,10395.99,16.20,126.80
5000,1.05,13070.54,16.20,82.95
6000,3.46,15677.04,16.20,107.15
7000,3.66,18316.24,16.20,98.64
8000,1.68,20919.62,16.20,125.96
9000,0.18,23621.10,16.20,55.18
10000,3.81,26183.90,16.20,123.08
