episode,epReward,cumReward,cumRegret,empRegret
10,2.60,-2.52,5.66,4.29
20,-0.00,-2.33,8.27,5.87
30,0.97,-10.42,12.23,15.73
40,0.39,-5.60,15.51,12.68
50,1.48,-1.46,18.07,10.31
60,-0.05,-8.98,21.30,19.60
70,-1.14,-11.69,25.43,24.08
80,-0.87,-5.39,28.28,19.54
90,3.73,-1.28,31.88,17.21
100,3.96,5.96,34.38,11.73
200,-2.18,-10.88,71.54,46.27
300,-1.01,-33.79,109.16,86.87
400,-1.10,-41.91,144.15,112.70
500,0.39,-64.66,179.48,153.14
600,1.29,-96.68,212.80,202.86
700,-1.27,-123.12,244.49,246.99
800,1.13,-151.82,278.06,293.39
900,0.43,-145.33,311.19,304.59
1000,-3.63,-156.90,339.47,333.86
2000,-0.65,-301.57,666.17,655.49
3000,-1.06,-464.84,995.85,995.71
4000,-0.38,-591.42,1315.99,1299.26
5000,-2.66,-771.59,1633.95,1656.38
6000,0.27,-895.64,1957.78,1957.39
7000,0.26,-1050.19,2278.74,2288.90
8000,-0.52,-1227.39,2611.99,2643.06
9000,-3.08,-1414.32,2928.71,3006.94
10000,0.97,-1642.59,3256.93,3412.18
