episode,epReward,cumReward,cumRegret,empRegret
10,-1.31,0.54,4.00,3.90
20,3.97,-4.49,8.44,13.38
30,-0.58,-7.94,12.89,21.27
40,-1.18,-3.91,17.33,21.68
50,1.03,-6.86,21.78,29.08
60,2.30,-9.40,26.22,36.07
70,-0.36,-2.92,30.67,34.03
80,0.31,-1.76,35.11,37.31
90,1.68,-8.07,39.56,48.07
100,-0.53,-15.06,43.56,59.50
200,1.66,-11.38,88.00,100.26
300,-1.87,-5.62,132.00,138.95
400,1.55,15.77,175.56,162.01
500,-1.52,0.82,220.00,221.40
600,-1.29,-2.18,264.44,268.85
700,2.78,20.39,308.44,290.72
800,-0.88,22.55,352.89,333.00
900,0.12,21.95,397.33,378.05
1000,-2.21,9.27,441.78,435.17
2000,0.88,83.28,887.00,805.61
3000,0.64,93.33,1331.44,1240.00
4000,0.99,94.40,1775.89,1683.38
5000,-0.82,175.08,2219.89,2047.14
6000,1.66,236.92,2664.33,2429.75
7000,0.87,192.01,3108.78,2919.10
8000,-1.54,214.43,3553.22,3341.13
9000,-1.62,333.43,3997.22,3666.57
10000,3.40,323.40,4441.67,4121.04
