episode,epReward,cumReward,cumRegret,empRegret
10,1.17,-16.47,10.24,3.82
20,-2.66,-40.38,22.58,15.07
30,-5.12,-64.57,34.75,26.60
40,-3.79,-91.58,46.27,40.96
50,-2.31,-99.96,57.42,36.68
60,-3.92,-117.62,66.46,41.68
70,-2.93,-146.58,77.98,57.99
80,-5.12,-172.74,90.36,71.49
90,-3.68,-207.51,102.74,93.60
100,-3.12,-237.83,113.88,111.27
200,1.43,-492.76,236.08,239.63
300,-2.63,-755.91,359.87,376.21
400,-0.90,-992.37,483.67,486.10
500,-2.05,-1226.90,607.46,594.07
600,-4.39,-1443.59,731.26,684.19
700,2.41,-1709.68,855.05,823.72
800,-2.98,-1967.03,978.85,954.50
900,-6.75,-2227.53,1102.64,1088.43
1000,-2.43,-2471.95,1226.44,1206.29
2000,-1.89,-4910.15,2462.07,2378.82
3000,-1.84,-7418.33,3697.71,3621.34
4000,-4.70,-9962.47,4934.42,4899.82
5000,-1.29,-12542.94,6172.37,6214.63
6000,-2.02,-15022.00,7410.32,7428.03
7000,-2.11,-17477.39,8647.03,8617.75
8000,-0.33,-19900.87,9884.98,9775.57
9000,-6.22,-22346.59,11122.39,10955.62
10000,-4.23,-24851.78,12359.48,12195.16
