episode,epReward,cumReward,cumRegret,empRegret
10,-0.58,-10.39,14.94,15.75
20,-0.26,-20.69,27.23,31.40
30,-1.79,-32.40,41.59,48.46
40,-2.28,-43.21,51.99,64.63
50,-1.94,-50.63,65.39,77.41
60,-0.75,-60.34,76.88,92.47
70,-1.30,-80.36,92.21,117.85
80,0.65,-86.37,107.01,129.22
90,-2.06,-106.07,117.94,154.27
100,-0.36,-110.69,129.98,164.24
200,-2.89,-171.11,258.60,278.21
300,-2.80,-278.32,395.66,438.98
400,0.47,-358.48,533.59,572.68
500,0.92,-430.35,663.80,698.11
600,-1.04,-488.35,795.04,809.66
700,-2.59,-552.20,927.53,927.06
800,0.15,-657.48,1061.11,1085.89
900,-1.79,-735.45,1195.17,1217.41
1000,-0.85,-802.64,1335.91,1338.16
2000,0.41,-1590.58,2662.13,2661.61
3000,-1.17,-2293.40,4017.55,3899.95
4000,-0.32,-3145.17,5321.40,5287.24
5000,-1.32,-3974.75,6671.28,6652.34
6000,-1.36,-4677.97,7989.30,7891.07
7000,-2.91,-5543.86,9341.54,9292.48
8000,0.04,-6372.55,10666.19,10656.69
9000,-3.62,-7192.88,12005.98,12012.54
10000,-1.34,-7904.09,13338.22,13259.26
