episode,epReward,cumReward,cumRegret,empRegret
10,0.65,7.93,9.17,5.63
20,-0.27,5.04,16.55,22.08
30,0.50,23.96,25.42,16.72
40,3.36,25.29,29.29,28.95
50,1.66,39.73,30.79,28.07
60,3.39,51.87,32.29,29.50
70,0.75,67.21,32.29,27.72
80,2.51,87.53,33.03,20.96
90,1.36,103.39,33.03,18.66
100,3.11,126.59,33.03,9.02
200,0.66,278.21,34.53,-7.00
300,6.90,436.21,37.42,-29.38
400,0.40,595.68,37.42,-53.25
500,3.29,746.98,37.42,-68.94
600,3.17,893.25,37.42,-79.60
700,1.02,1036.20,37.42,-86.94
800,-1.15,1208.20,37.42,-123.34
900,3.60,1356.65,37.42,-136.18
1000,0.77,1464.84,37.42,-108.76
2000,-1.61,2820.21,37.42,-108.05
3000,4.14,4230.03,37.42,-161.79
4000,1.51,5571.06,37.42,-146.74
5000,2.26,6996.64,37.42,-216.24
6000,-0.88,8199.77,37.42,-63.28
7000,2.79,9626.86,37.42,-134.30
8000,2.43,11039.47,37.42,-190.83
9000,0.66,12388.59,37.42,-183.86
10000,-0.41,13699.76,37.42,-138.96
