episode,epReward,cumReward,cumRegret,empRegret
10,-0.21,12.10,9.71,17.15
20,1.52,18.88,27.84,39.60
30,0.66,32.43,42.73,55.30
40,1.32,39.47,55.31,77.50
50,0.55,55.85,69.04,90.36
60,-0.38,71.20,83.92,104.25
70,2.13,91.36,98.80,113.33
80,4.68,99.35,111.39,134.58
90,0.80,109.37,126.26,153.81
100,-1.00,132.85,139.99,159.57
200,0.40,289.57,279.54,295.27
300,1.43,436.95,413.40,440.32
400,2.45,578.66,547.26,591.03
500,2.90,764.20,678.83,697.92
600,4.60,924.38,806.97,830.16
700,2.26,1064.59,936.25,982.37
800,2.75,1226.91,1067.83,1112.48
900,4.96,1389.79,1198.25,1242.02
1000,2.34,1564.68,1334.40,1359.55
2000,-0.14,3163.73,2653.57,2684.73
3000,3.40,4752.60,3980.74,4020.08
4000,5.18,6305.18,5323.92,5391.73
5000,2.20,7916.46,6641.93,6704.67
6000,-0.22,9401.07,8009.12,8144.29
7000,4.13,11023.40,9320.26,9446.19
8000,5.25,12604.98,10664.59,10788.84
9000,2.38,14165.26,12013.49,12152.79
10000,-1.20,15801.93,13337.22,13440.34
