episode,epReward,cumReward,cumRegret,empRegret
10,-0.30,0.62,5.22,3.82
20,0.60,1.97,7.67,6.92
30,0.83,8.13,11.33,5.21
40,0.79,12.79,16.33,4.99
50,-0.94,11.62,20.78,10.60
60,-1.07,14.29,25.22,12.37
70,-1.38,11.11,29.67,20.00
80,-1.04,9.87,34.11,25.68
90,0.76,5.02,38.56,34.98
100,0.42,2.73,43.00,41.71
200,-1.09,6.68,87.44,82.21
300,-1.76,-1.67,131.89,135.01
400,1.40,23.93,176.33,153.85
500,1.41,12.02,220.78,210.20
600,-2.28,9.37,265.22,257.30
700,0.97,8.30,309.67,302.81
800,1.06,5.71,354.11,349.85
900,3.38,13.00,398.56,387.00
1000,-1.32,-5.13,443.00,449.57
2000,2.29,9.73,887.44,879.16
3000,0.65,12.00,1331.89,1321.33
4000,1.43,-50.96,1776.33,1828.74
5000,-0.26,-188.43,2220.78,2410.66
6000,0.29,-132.67,2665.22,2799.33
7000,1.83,-170.95,3109.67,3282.06
8000,-0.79,-186.72,3554.11,3742.27
9000,-0.73,-205.86,3998.56,4205.86
10000,3.32,-189.00,4443.00,4633.45
