episode,epReward,cumReward,cumRegret,empRegret
10,0.72,6.36,13.74,13.61
20,1.00,29.84,13.74,10.11
30,2.93,46.81,17.09,13.11
40,4.11,65.28,21.85,14.61
50,0.92,82.34,23.52,17.53
60,-0.29,98.95,26.31,20.89
70,1.72,110.92,31.67,28.89
80,0.29,126.59,33.90,33.19
90,0.71,138.34,36.14,41.42
100,3.10,165.30,37.81,34.43
200,2.97,342.85,54.55,56.61
300,4.94,570.97,75.75,28.22
400,2.10,722.37,93.60,76.55
500,1.88,886.49,114.24,112.17
600,3.25,1077.53,136.55,120.86
700,2.49,1242.55,153.29,155.57
800,1.96,1416.15,169.47,181.70
900,4.38,1604.88,187.32,192.70
1000,1.35,1766.44,208.52,230.87
2000,1.52,3505.45,405.45,489.17
3000,3.24,5314.59,613.88,677.34
4000,1.93,7197.99,806.91,791.25
5000,0.29,9019.15,998.82,967.41
6000,2.95,10929.25,1179.02,1054.62
7000,2.68,12756.25,1367.58,1224.93
8000,1.58,14540.75,1556.70,1437.74
9000,1.99,16328.46,1756.98,1647.35
10000,-0.63,18114.06,1933.27,1859.06
