episode,epReward,cumReward,cumRegret,empRegret
10,4.60,30.96,18.99,8.59
20,4.35,68.41,26.46,10.70
30,2.03,99.37,28.33,19.28
40,5.00,125.90,33.93,32.31
50,1.11,151.16,35.79,46.60
60,2.86,189.53,39.53,47.78
70,0.44,229.94,43.26,46.92
80,3.88,253.13,57.43,63.28
90,5.50,290.32,63.03,65.65
100,5.17,328.63,66.77,66.89
200,4.57,650.65,127.61,140.39
300,4.92,956.12,196.69,230.44
400,4.73,1317.52,243.37,264.56
500,3.34,1667.63,315.52,309.98
600,3.70,1997.10,397.67,376.02
700,3.60,2341.17,459.29,427.48
800,2.76,2659.98,528.37,504.19
900,2.97,3013.77,578.78,545.91
1000,4.42,3329.13,638.53,626.07
2000,6.34,6616.31,1277.09,1294.11
3000,1.17,9889.43,1926.85,1976.18
4000,1.89,13183.52,2554.20,2637.30
5000,-1.46,16472.49,3194.62,3303.54
6000,3.71,19819.68,3780.13,3911.55
7000,1.87,23161.87,4379.47,4524.57
8000,3.95,26424.04,4988.16,5217.60
9000,3.24,29681.02,5621.11,5915.83
10000,-1.07,32894.06,6226.06,6658.00
