episode,epReward,cumReward,cumRegret,empRegret
10,-2.36,7.23,8.41,12.76
20,3.60,14.93,19.52,25.04
30,2.16,34.26,30.72,25.69
40,1.89,47.02,41.20,32.91
50,2.37,65.30,50.72,34.62
60,-2.61,73.59,61.01,46.31
70,-0.14,76.70,71.49,63.19
80,1.46,95.57,81.19,64.30
90,2.69,106.30,90.80,73.56
100,5.13,119.21,100.42,80.63
200,3.01,223.80,200.23,175.87
300,0.10,353.30,298.46,246.21
400,-0.39,463.86,395.78,335.49
500,2.57,548.51,493.84,450.67
600,-0.14,686.00,591.81,513.02
700,0.49,775.98,689.50,622.87
800,0.89,892.79,786.82,705.90
900,1.21,1008.02,884.88,790.50
1000,1.55,1106.64,982.67,891.72
2000,3.60,2134.20,1958.48,1862.51
3000,-0.00,3035.72,2936.21,2959.35
4000,-0.12,4072.07,3912.20,3921.36
5000,3.89,5126.28,4887.00,4865.49
6000,1.84,6073.40,5864.93,5916.73
7000,-1.45,7091.98,6842.68,6896.50
8000,0.14,8162.21,7818.03,7824.63
9000,3.49,9128.51,8795.40,8856.69
10000,-2.55,10124.01,9774.17,9859.54
