episode,epReward,cumReward,cumRegret,empRegret
10,0.00,4.67,4.56,-0.22
20,-1.66,1.22,9.22,7.67
30,-2.98,-12.31,13.67,25.64
40,2.48,-10.43,18.33,28.21
50,-3.49,-16.01,23.00,38.23
60,-0.35,-11.60,27.44,38.27
70,-0.13,-9.76,31.89,40.87
80,-0.43,-6.68,36.56,42.24
90,-0.11,1.55,41.00,38.45
100,-0.82,0.95,45.11,43.50
200,-0.03,23.53,88.22,65.35
300,-0.08,40.58,132.67,92.75
400,2.32,44.93,177.11,132.85
500,1.10,22.86,222.11,199.36
600,3.29,13.17,266.56,253.50
700,-0.50,16.02,311.00,295.09
800,-0.97,26.20,355.44,329.35
900,0.52,29.43,399.89,370.57
1000,0.24,23.23,444.33,421.22
2000,0.20,32.55,888.78,856.34
3000,-0.20,35.80,1333.22,1297.54
4000,1.53,2.19,1777.67,1775.59
5000,2.32,-129.20,2222.11,2351.42
6000,0.07,-196.19,2666.56,2862.86
7000,2.36,-233.94,3111.00,3345.05
8000,-0.20,-117.38,3555.44,3672.93
9000,0.70,-179.83,3999.89,4179.83
10000,2.39,-146.66,4444.33,4591.10
