episode,epReward,cumReward,cumRegret,empRegret
10,0.00,-4.07,3.67,8.51
20,0.00,-3.77,7.33,12.66
30,0.00,-3.77,11.00,17.10
40,0.00,2.92,11.00,14.86
50,0.00,6.59,11.67,15.63
60,0.00,8.13,11.67,18.54
70,0.00,8.88,11.67,22.23
80,0.00,15.20,11.67,20.36
90,1.94,17.65,12.11,22.35
100,0.00,16.46,12.78,27.98
200,0.21,52.57,17.44,36.32
300,-0.03,91.43,17.44,41.90
400,0.00,132.92,17.44,44.86
500,0.00,176.26,17.44,45.96
600,0.00,221.95,17.44,44.72
700,0.00,255.29,17.44,55.82
800,0.82,285.61,17.44,69.95
900,0.00,322.26,17.44,77.74
1000,0.00,381.74,17.44,62.70
2000,-0.44,840.38,17.44,48.51
3000,0.93,1284.35,17.44,48.98
4000,-0.92,1697.05,17.44,80.73
5000,0.64,2228.13,17.89,-5.91
6000,0.59,2648.00,17.89,18.67
7000,3.45,3080.36,17.89,30.75
8000,0.00,3515.38,17.89,40.18
9000,-0.11,3958.81,17.89,41.19
10000,1.65,4395.70,17.89,48.74
