episode,epReward,cumReward,cumRegret,empRegret
10,0.00,-0.46,3.56,4.91
20,-0.70,-2.53,6.44,11.41
30,-1.75,-9.89,7.11,23.23
40,-1.24,-3.38,7.56,21.15
50,-0.62,-2.26,8.44,24.48
60,1.11,-0.92,10.22,27.58
70,1.16,3.33,12.00,27.78
80,2.28,14.14,13.56,21.41
90,-1.69,10.89,15.78,29.11
100,-4.22,1.50,18.00,42.94
200,2.38,24.44,23.00,64.45
300,0.50,86.08,24.56,47.26
400,0.16,143.66,24.56,34.12
500,1.23,189.67,24.56,32.56
600,1.02,246.36,25.22,20.31
700,-2.06,277.62,25.22,33.49
800,0.80,332.47,25.22,23.08
900,-1.56,360.77,25.22,39.23
1000,1.15,392.10,25.22,52.35
2000,0.33,861.71,27.22,27.17
3000,1.29,1219.39,27.22,113.95
4000,-1.39,1706.69,27.22,71.09
5000,1.94,2123.35,27.89,98.87
6000,1.81,2581.94,27.89,84.72
7000,0.16,2902.23,27.89,208.88
8000,-0.12,3319.45,27.89,236.10
9000,-2.12,3787.39,27.89,212.61
10000,0.08,4147.86,27.89,296.58
