episode,epReward,cumReward,cumRegret,empRegret
10,-1.08,-22.73,11.06,10.51
20,-2.32,-53.45,23.32,29.01
30,-3.35,-76.32,38.62,39.67
40,-2.93,-91.85,50.93,42.98
50,-0.40,-112.39,68.49,51.30
60,-1.94,-142.22,86.45,68.92
70,-1.34,-176.54,99.52,91.02
80,-0.83,-202.30,112.64,104.56
90,-1.34,-222.01,127.87,112.05
100,-4.32,-241.59,142.47,119.41
200,-1.80,-531.84,297.15,287.49
300,-5.19,-811.26,443.75,444.74
400,-3.60,-1047.95,587.05,559.26
500,-2.97,-1299.80,735.51,688.94
600,-3.58,-1593.64,882.15,860.60
700,-4.02,-1869.12,1025.82,1013.91
800,-0.40,-2131.37,1170.40,1153.98
900,-4.85,-2424.12,1320.39,1324.56
1000,-2.83,-2698.63,1470.10,1476.90
2000,-3.82,-5391.20,2975.62,2947.74
3000,-2.69,-8106.04,4437.44,4440.85
4000,-4.35,-10895.38,5920.76,6008.46
5000,-4.31,-13577.61,7413.88,7468.96
6000,-4.30,-16278.93,8894.74,8948.55
7000,-2.60,-18961.12,10390.12,10409.01
8000,-1.68,-21639.33,11891.86,11865.49
9000,-3.41,-24344.55,13366.31,13348.98
10000,-3.54,-27060.34,14864.02,14843.04
