episode,epReward,cumReward,cumRegret,empRegret
10,-1.76,-4.47,4.00,8.91
20,1.19,-1.23,7.56,10.12
30,1.28,6.44,11.56,6.89
40,-1.70,7.55,16.56,10.23
50,2.35,9.06,20.44,13.16
60,-2.77,1.28,24.56,25.39
70,0.75,5.84,28.56,25.27
80,-1.63,10.77,31.22,24.79
90,-1.69,8.66,32.56,31.34
100,4.44,5.05,34.78,39.39
200,2.39,41.13,47.67,47.76
300,0.06,56.92,49.00,76.42
400,-0.90,97.11,49.00,80.67
500,1.40,122.02,49.00,100.21
600,-0.44,173.77,49.67,92.90
700,-0.10,214.53,49.67,96.58
800,0.80,262.91,49.67,92.64
900,2.21,306.05,50.33,93.95
1000,2.37,341.89,50.33,102.55
2000,-0.08,795.31,51.67,93.58
3000,-0.22,1196.81,51.67,136.52
4000,1.03,1688.12,51.67,89.66
5000,0.19,2074.79,51.67,147.43
6000,-2.00,2563.78,51.67,102.89
7000,0.97,2952.76,51.67,158.35
8000,-1.53,3424.11,51.67,131.44
9000,-0.94,3877.20,51.67,122.80
10000,0.38,4324.01,53.00,120.44
