episode,epReward,cumReward,cumRegret,empRegret
10,1.14,1.72,4.33,2.73
20,-0.24,0.31,7.44,8.58
30,-0.15,-0.82,11.33,14.15
40,0.39,0.25,15.33,17.52
50,1.40,8.72,17.33,13.50
60,-1.44,13.88,18.00,12.79
70,1.17,21.86,18.44,9.25
80,-2.00,23.14,20.11,12.41
90,-0.56,33.21,20.11,6.79
100,0.97,39.37,20.11,5.08
200,1.26,77.73,21.44,11.15
300,0.67,112.35,21.44,20.98
400,0.80,147.78,22.11,30.00
500,1.39,194.71,22.78,27.51
600,0.91,248.64,22.78,18.02
700,0.43,290.17,22.78,20.94
800,1.87,326.74,22.78,28.82
900,0.97,358.93,22.78,41.07
1000,0.42,429.49,22.78,14.95
2000,-0.76,866.27,24.11,22.61
3000,-0.84,1380.05,24.78,-46.71
4000,1.25,1867.89,24.78,-90.11
5000,0.63,2285.61,24.78,-63.39
6000,1.70,2765.72,24.78,-99.05
7000,1.61,3180.54,24.78,-69.43
8000,0.20,3618.94,24.78,-63.39
9000,1.70,4063.56,25.44,-63.56
10000,1.35,4538.71,25.44,-94.27
