episode,epReward,cumReward,cumRegret,empRegret
10,-2.26,-3.16,2.89,7.60
20,0.00,0.05,7.89,8.84
30,0.00,0.05,15.22,13.28
40,0.00,0.05,20.56,17.73
50,0.00,0.05,25.22,22.17
60,0.00,0.05,29.22,26.61
70,0.00,0.05,37.22,31.06
80,0.00,0.05,43.22,35.50
90,0.00,0.05,47.22,39.95
100,0.00,0.05,51.89,44.39
200,0.00,0.05,98.89,88.84
300,0.00,0.05,140.22,133.28
400,0.00,0.05,178.22,177.73
500,0.00,0.05,233.89,222.17
600,0.00,0.05,285.22,266.61
700,0.00,0.05,330.89,311.06
800,0.00,0.05,377.89,355.50
900,0.00,0.05,428.89,399.95
1000,0.00,0.05,465.56,444.39
2000,0.00,0.05,931.22,888.84
3000,0.00,0.05,1378.56,1333.28
4000,0.00,0.05,1829.56,1777.73
5000,0.00,0.05,2279.22,2222.17
6000,0.00,0.05,2732.89,2666.61
7000,0.00,0.05,3182.89,3111.06
8000,0.00,0.05,3633.22,3555.50
9000,0.00,0.05,4080.89,3999.95
10000,0.00,0.05,4515.89,4444.39
