episode,epReward,cumReward,cumRegret,empRegret
10,0.00,1.95,3.11,2.49
20,0.00,4.37,4.22,4.52
30,1.50,8.95,4.22,4.38
40,0.00,9.74,5.22,8.04
50,0.00,11.07,6.22,11.16
60,0.00,14.64,6.22,12.03
70,0.34,22.80,7.89,8.31
80,2.20,26.97,7.89,8.59
90,0.00,24.57,7.89,15.43
100,0.99,30.09,7.89,14.35
200,0.00,76.90,8.33,11.99
300,0.00,106.49,9.00,26.84
400,0.00,144.66,9.44,33.12
500,0.00,190.11,9.44,32.11
600,0.00,241.92,10.11,24.75
700,0.00,295.68,10.11,15.43
800,0.00,332.42,10.11,23.13
900,0.00,367.13,10.11,32.87
1000,0.00,408.91,10.78,35.54
2000,0.00,857.94,10.78,30.95
3000,0.00,1334.13,11.44,-0.80
4000,0.97,1796.72,11.89,-18.95
5000,1.59,2287.07,11.89,-64.85
6000,1.58,2715.02,12.56,-48.35
7000,0.00,3188.77,12.56,-77.66
8000,0.00,3655.89,13.22,-100.34
9000,0.00,4151.92,13.22,-151.92
10000,0.00,4588.59,13.22,-144.14
