episode,epReward,cumReward,cumRegret,empRegret
10,-2.05,-10.65,1.65,4.15
20,-0.56,-24.19,4.29,11.18
30,2.62,-20.82,6.45,1.30
40,-0.19,-31.05,7.83,5.04
50,1.45,-29.37,10.03,-3.15
60,-1.04,-38.11,12.81,-0.92
70,-0.87,-39.30,14.18,-6.23
80,0.48,-50.77,16.25,-1.27
90,0.87,-51.55,17.49,-6.99
100,2.40,-52.01,18.86,-13.04
200,-0.75,-118.97,32.49,-11.12
300,-0.91,-206.87,46.25,11.74
400,-3.88,-304.53,60.01,44.35
500,2.75,-378.34,73.63,53.11
600,0.85,-439.64,87.39,49.36
700,1.68,-537.28,101.15,81.96
800,-1.14,-593.87,114.91,73.50
900,-1.10,-671.66,132.26,86.24
1000,-4.63,-773.39,146.02,122.93
2000,2.52,-1545.11,284.61,244.19
3000,0.69,-2266.75,364.07,315.36
4000,-1.61,-2838.67,365.62,236.83
5000,-0.64,-3512.09,367.99,259.79
6000,-2.05,-4236.85,367.99,334.08
7000,-2.99,-4985.92,367.99,432.69
8000,-2.39,-5585.67,369.53,381.98
9000,-0.84,-6321.78,371.07,467.63
10000,-0.14,-6969.49,371.07,464.88
