episode,epReward,cumReward,cumRegret,empRegret
10,-4.70,-8.40,1.90,-1.64
20,3.74,-11.94,4.95,-8.16
30,0.60,-25.23,6.82,-4.92
40,-5.26,-42.25,8.83,2.06
50,-3.56,-74.34,11.11,24.11
60,0.49,-87.55,13.21,27.26
70,-2.13,-95.82,16.91,25.49
80,-3.94,-115.60,19.15,35.22
90,-0.24,-125.86,21.22,35.43
100,-2.71,-133.98,23.27,33.51
200,-1.37,-238.79,45.03,37.84
300,-1.59,-357.98,66.43,56.56
400,1.06,-487.64,89.47,85.74
500,0.48,-625.00,112.16,122.63
600,-0.75,-766.54,134.59,163.69
700,-0.66,-909.86,156.12,206.53
800,-2.45,-1040.91,177.95,237.11
900,-2.74,-1189.04,200.49,284.76
1000,-0.86,-1313.35,221.81,308.59
2000,-0.85,-2489.81,439.54,480.30
3000,-3.59,-3697.60,659.27,683.33
4000,-1.11,-4937.18,877.91,918.16
5000,0.06,-6271.32,1100.84,1247.54
6000,-2.29,-7419.64,1320.11,1391.10
7000,-1.22,-8685.45,1538.98,1652.16
8000,-1.78,-9840.74,1755.98,1802.69
9000,-2.86,-11047.22,1976.25,2004.41
10000,-0.89,-12296.98,2195.26,2249.42
