episode,epReward,cumReward,cumRegret,empRegret
10,-0.83,-0.38,3.33,4.82
20,-0.88,-7.98,8.00,16.87
30,0.18,-5.64,12.44,18.98
40,0.28,-11.07,18.22,28.85
50,1.64,-8.99,21.33,31.21
60,0.25,-9.11,24.89,35.78
70,0.35,-8.41,28.00,39.52
80,1.26,-9.56,32.44,45.12
90,2.02,-7.58,36.89,47.58
100,-0.28,-7.83,40.89,52.27
200,2.91,-3.79,84.89,92.68
300,-0.28,21.72,129.44,111.61
400,-1.92,25.30,173.89,152.47
500,0.03,-9.55,218.89,231.78
600,1.21,-20.15,263.33,286.82
700,-0.70,-43.94,307.78,355.05
800,-1.11,-50.74,352.22,406.30
900,2.65,-60.23,396.67,460.23
1000,0.98,-55.59,441.11,500.04
2000,-1.15,-125.29,885.56,1014.18
3000,0.14,-166.50,1330.00,1499.83
4000,-0.70,-162.75,1774.44,1940.53
5000,1.04,-108.21,2218.89,2330.43
6000,1.99,-100.09,2663.33,2766.76
7000,0.53,-109.01,3107.78,3220.12
8000,1.02,0.97,3552.22,3554.58
9000,4.32,-9.03,3996.67,4009.03
10000,1.85,-116.09,4441.11,4560.54
