episode,epReward,cumReward,cumRegret,empRegret
10,2.74,7.55,4.44,-3.10
20,0.00,14.33,9.00,-5.44
30,-2.56,10.17,13.67,3.16
40,0.12,15.93,18.11,1.85
50,2.67,23.51,22.11,-1.28
60,-0.88,23.63,26.78,3.03
70,-0.42,24.69,31.33,6.42
80,1.11,23.60,35.33,11.95
90,2.46,27.55,39.33,12.45
100,-0.82,25.63,43.78,18.81
200,-2.66,19.98,88.89,68.91
300,-3.23,23.59,133.33,109.74
400,0.79,27.34,177.78,150.44
500,1.30,11.18,222.22,211.04
600,0.34,30.25,266.67,236.42
700,-2.69,15.57,311.11,295.54
800,1.89,12.18,355.56,343.38
900,2.06,31.61,400.00,368.39
1000,0.34,52.66,444.44,391.79
2000,2.20,76.77,888.89,812.11
3000,-3.21,34.67,1333.33,1298.66
4000,-2.33,-26.07,1777.78,1803.84
5000,0.69,-67.48,2222.22,2289.70
6000,-1.96,-41.38,2666.67,2708.04
7000,0.66,6.71,3111.11,3104.40
8000,-2.16,-7.78,3555.56,3563.34
9000,0.37,2.34,4000.00,3997.66
10000,0.57,-35.49,4444.44,4479.93
