episode,epReward,cumReward,cumRegret,empRegret
10,0.00,1.16,1.89,3.29
20,0.00,1.16,5.22,7.73
30,0.00,1.10,7.22,12.24
40,1.28,3.92,10.56,13.85
50,0.00,5.62,11.56,16.60
60,0.00,6.31,12.22,20.35
70,2.11,15.34,12.22,15.77
80,0.00,19.63,12.89,15.93
90,0.00,23.89,12.89,16.11
100,0.00,25.11,12.89,19.34
200,0.96,54.36,12.89,34.53
300,0.28,105.88,12.89,27.46
400,2.13,153.95,12.89,23.83
500,0.00,204.16,12.89,18.06
600,-0.67,247.41,12.89,19.25
700,1.59,292.00,12.89,19.11
800,0.00,340.19,12.89,15.37
900,0.00,384.07,12.89,15.93
1000,0.00,430.24,12.89,14.20
2000,0.00,895.82,12.89,-6.94
3000,0.00,1359.95,12.89,-26.62
4000,2.49,1781.36,12.89,-3.58
5000,0.00,2159.68,12.89,62.54
6000,0.00,2617.51,12.89,49.16
7000,0.00,3067.90,12.89,43.21
8000,1.43,3491.69,12.89,63.87
9000,0.00,3918.16,12.89,81.84
10000,1.54,4385.81,12.89,58.64
