episode,epReward,cumReward,cumRegret,empRegret
10,0.00,-2.61,3.11,7.06
20,0.99,-1.35,5.56,10.24
30,0.00,0.36,7.22,12.98
40,0.00,3.19,8.56,14.59
50,0.00,8.79,8.56,13.43
60,1.22,13.76,9.56,12.91
70,0.81,15.12,10.56,15.99
80,0.00,17.28,10.56,18.27
90,-0.02,22.18,11.56,17.82
100,0.00,28.65,11.56,15.80
200,1.60,67.11,11.56,21.78
300,0.00,108.10,11.56,25.23
400,2.36,147.57,11.56,30.21
500,1.04,179.67,11.56,42.55
600,0.00,223.91,11.56,42.76
700,0.85,272.33,11.56,38.78
800,1.43,333.36,11.56,22.20
900,0.00,387.81,11.56,12.19
1000,0.00,426.95,11.56,17.50
2000,2.29,912.78,11.56,-23.89
3000,0.03,1366.12,11.56,-32.78
4000,0.92,1861.06,11.56,-83.28
5000,0.88,2340.90,11.56,-118.68
6000,0.00,2731.95,11.56,-65.28
7000,1.26,3187.56,11.56,-76.45
8000,0.00,3637.97,11.56,-82.42
9000,0.00,4117.60,12.22,-117.60
10000,0.00,4580.45,12.22,-136.01
