episode,epReward,cumReward,cumRegret,empRegret
10,-0.68,-8.38,7.80,13.50
20,-2.26,-2.70,10.38,12.94
30,1.79,8.07,12.45,7.30
40,-0.70,-1.26,16.18,21.74
50,-0.94,-6.62,20.50,32.22
60,1.36,-13.99,23.20,44.71
70,0.00,-9.17,25.90,45.01
80,3.42,-2.69,29.05,43.66
90,-2.87,-1.44,31.89,47.53
100,1.07,4.94,34.14,46.27
200,-0.85,29.53,65.10,72.88
300,1.84,52.44,95.10,101.17
400,-0.43,61.61,120.45,143.21
500,-1.73,81.99,149.73,174.04
600,2.21,90.92,177.79,216.31
700,1.10,121.02,210.35,237.41
800,-0.33,131.59,239.63,278.05
900,1.37,150.36,268.90,310.49
1000,-3.39,193.05,295.48,319.00
2000,-2.04,382.88,601.58,641.21
3000,0.79,569.35,891.47,966.79
4000,-1.99,777.25,1196.41,1270.94
5000,-1.15,1009.68,1493.19,1550.55
6000,2.24,1294.94,1796.33,1777.35
7000,1.07,1502.51,2085.05,2081.83
8000,-0.88,1903.60,2380.08,2192.78
9000,0.80,2114.01,2683.48,2494.42
10000,-1.90,2265.88,2990.23,2854.59
