episode,epReward,cumReward,cumRegret,empRegret
10,-3.47,-34.10,5.12,11.98
20,-1.52,-58.00,9.53,13.77
30,-3.13,-93.23,14.06,26.88
40,-1.24,-107.79,16.15,19.32
50,-0.63,-129.00,18.51,18.42
60,-0.16,-163.95,21.41,31.25
70,-2.61,-185.95,23.58,31.14
80,0.31,-211.99,27.57,35.06
90,-5.05,-244.20,31.92,45.16
100,-0.30,-268.17,34.82,47.00
200,-5.59,-529.70,71.48,87.37
300,-4.04,-786.32,100.78,122.82
400,0.12,-998.21,125.98,113.54
500,-0.09,-1221.76,156.79,115.93
600,-1.72,-1477.20,189.88,150.20
700,-3.46,-1699.85,219.18,151.69
800,-2.15,-1912.05,246.92,142.73
900,-3.68,-2159.09,278.46,168.60
1000,-2.68,-2428.69,311.63,217.03
2000,-6.08,-4902.91,609.82,479.60
3000,3.69,-7428.64,921.36,793.66
4000,-0.41,-9883.45,1222.45,1036.82
5000,-4.87,-12453.67,1529.52,1395.39
6000,-2.47,-15044.82,1835.13,1774.87
7000,-3.21,-17542.40,2131.45,2060.80
8000,-1.97,-20030.29,2435.07,2337.03
9000,-4.88,-22475.05,2728.73,2570.13
10000,1.39,-25046.23,3027.28,2929.65
