episode,epReward,cumReward,cumRegret,empRegret
10,0.34,0.61,2.44,3.84
20,0.00,4.23,3.78,4.66
30,0.00,4.54,5.44,8.79
40,0.00,9.28,6.11,8.50
50,0.00,11.34,7.11,10.88
60,0.00,13.90,7.11,12.76
70,0.00,15.41,8.78,15.70
80,0.00,24.29,8.78,11.26
90,1.71,30.75,8.78,9.25
100,0.82,33.18,8.78,11.27
200,0.00,60.95,9.78,27.94
300,-0.88,122.77,10.44,10.56
400,0.00,163.45,10.44,14.33
500,0.00,203.71,11.11,18.51
600,0.00,260.23,11.78,6.44
700,0.00,327.97,11.78,-16.86
800,-0.80,365.15,12.22,-9.59
900,-0.45,399.43,12.22,0.57
1000,0.00,444.72,12.22,-0.28
2000,0.00,857.66,12.22,31.23
3000,0.00,1325.95,12.22,7.38
4000,0.00,1766.64,12.22,11.14
5000,0.00,2224.54,12.67,-2.31
6000,0.00,2702.68,12.67,-36.01
7000,1.30,3131.87,13.33,-20.76
8000,0.72,3569.50,13.33,-13.95
9000,0.00,3966.80,13.33,33.20
10000,-1.10,4417.78,13.33,26.67
