episode,epReward,cumReward,cumRegret,empRegret
10,0.93,-1.09,4.22,5.54
20,0.52,-3.36,8.67,12.25
30,2.58,-5.33,12.22,18.67
40,2.19,-14.09,16.67,31.87
50,-0.89,-18.68,21.33,40.90
60,1.77,-16.31,25.33,42.98
70,1.52,-16.31,29.56,47.42
80,1.88,-19.13,33.11,54.68
90,-2.31,-19.20,36.67,59.20
100,-0.83,-12.04,40.22,56.49
200,0.36,-21.27,74.67,110.16
300,0.49,16.01,81.89,117.32
400,0.34,63.54,82.89,114.24
500,0.02,91.91,83.56,130.32
600,1.07,139.56,83.56,127.10
700,-0.65,198.77,84.22,112.34
800,-1.50,247.58,84.22,107.97
900,1.20,301.97,84.22,98.03
1000,0.08,348.64,84.22,95.80
2000,-0.68,863.93,84.89,24.96
3000,0.52,1278.95,85.56,54.39
4000,-0.10,1725.83,86.22,51.95
5000,-0.79,2172.91,86.89,49.31
6000,1.67,2650.63,86.89,16.04
7000,2.36,3123.44,86.89,-12.32
8000,-0.32,3532.27,86.89,23.29
9000,0.31,3990.45,86.89,9.55
10000,0.75,4387.11,86.89,57.33
