episode,epReward,cumReward,cumRegret,empRegret
10,3.44,15.77,6.24,8.29
20,4.53,36.21,7.40,11.91
30,2.36,64.09,7.89,8.09
40,2.01,79.37,8.09,16.86
50,3.43,94.18,8.32,26.11
60,2.12,110.62,8.57,33.73
70,5.62,142.11,8.83,26.30
80,2.57,153.04,9.08,39.44
90,4.48,177.98,9.37,38.55
100,0.74,199.55,9.65,41.04
200,4.07,438.96,12.48,42.23
300,4.42,638.67,15.00,83.11
400,1.96,893.65,17.67,68.72
500,0.53,1122.72,20.69,80.25
600,2.85,1345.84,23.44,97.72
700,3.74,1615.58,26.17,68.57
800,3.01,1832.09,28.92,92.65
900,4.29,2041.84,31.74,123.49
1000,4.30,2297.01,34.58,108.91
2000,1.05,4658.77,62.78,153.08
3000,-1.85,6993.69,90.81,224.09
4000,3.50,9465.68,119.06,158.02
5000,1.83,11835.08,147.46,194.54
6000,-0.43,14212.24,175.77,223.31
7000,2.71,16481.33,204.14,360.15
8000,1.02,18833.00,232.52,414.40
9000,0.56,21134.89,260.72,518.44
10000,-0.88,23530.02,288.91,529.23
