episode,epReward,cumReward,cumRegret,empRegret
10,2.60,8.02,8.06,4.17
20,4.01,25.38,9.85,-1.01
30,3.42,43.32,11.06,-6.77
40,-0.37,62.01,13.44,-13.28
50,-0.07,72.48,13.85,-11.57
60,1.46,81.58,14.46,-8.49
70,-1.78,96.47,15.27,-11.20
80,-0.58,103.20,16.08,-5.74
90,1.70,110.22,16.89,-0.58
100,1.53,127.00,17.70,-5.18
200,0.66,217.20,25.61,26.46
300,-2.00,340.35,31.89,25.14
400,3.54,444.65,40.15,42.67
500,0.38,550.71,46.24,58.44
600,2.27,685.58,53.13,45.39
700,-1.95,788.62,62.25,64.18
800,2.73,899.91,69.35,74.72
900,-1.19,996.14,76.86,100.32
1000,3.33,1098.74,84.16,119.54
2000,2.95,2224.01,149.67,212.55
3000,-1.51,3416.10,217.61,238.74
4000,0.73,4543.99,284.74,329.13
5000,1.11,5695.01,350.66,396.40
6000,-0.40,6810.32,420.22,499.37
7000,1.63,7946.77,493.85,581.21
8000,0.24,9088.12,560.17,658.14
9000,1.11,10101.17,631.72,863.37
10000,3.31,11288.97,697.23,893.85
