episode,epReward,cumReward,cumRegret,empRegret
10,7.57,42.75,3.23,-5.46
20,5.14,79.34,5.74,-4.76
30,-1.37,104.88,7.16,6.98
40,5.48,139.04,12.14,10.12
50,3.75,184.45,15.69,1.99
60,1.43,223.82,19.95,-0.09
70,3.38,257.73,26.35,3.30
80,1.90,287.19,31.32,11.12
90,2.70,327.11,35.37,8.49
100,3.37,353.90,40.35,18.99
200,2.40,671.71,93.30,74.07
300,3.36,959.78,146.58,158.88
400,2.20,1266.77,195.61,224.78
500,4.74,1611.10,244.63,253.34
600,2.47,1924.01,293.65,313.32
700,0.28,2232.69,339.84,377.52
800,2.44,2565.68,388.86,417.42
900,3.84,2872.94,439.09,483.05
1000,3.77,3176.55,486.70,552.32
2000,7.03,6415.31,980.28,1042.44
3000,3.22,9624.53,1450.41,1562.09
4000,4.17,12938.27,1944.92,1977.23
5000,2.79,16170.21,2416.47,2474.17
6000,3.86,19463.28,2895.85,2909.98
7000,1.22,22746.17,3373.30,3355.96
8000,3.19,25970.99,3848.62,3860.01
9000,3.39,29118.49,4339.57,4441.40
10000,1.54,32309.33,4797.12,4979.43
