episode,epReward,cumReward,cumRegret,empRegret
10,0.49,-17.43,4.14,16.41
20,-2.01,-18.18,4.79,16.16
30,-2.39,-34.42,11.11,31.39
40,1.23,-31.76,14.50,27.72
50,-0.89,-36.01,19.03,30.96
60,-1.65,-38.95,21.85,32.89
70,0.18,-40.60,21.85,33.52
80,-2.07,-46.51,27.79,38.42
90,0.06,-53.52,33.72,44.42
100,-1.86,-62.05,38.95,51.94
200,-3.38,-149.57,101.23,129.36
300,1.26,-226.81,165.85,196.49
400,0.11,-289.66,230.48,249.24
500,-0.77,-333.95,295.10,283.41
600,1.97,-386.51,359.72,325.87
700,-1.42,-473.14,424.35,402.40
800,-3.47,-538.20,488.97,457.35
900,0.30,-580.50,553.59,489.54
1000,-0.39,-660.09,618.22,559.03
2000,-3.07,-1403.46,1264.45,1201.33
3000,-1.43,-2148.75,1910.68,1845.56
4000,-2.82,-2961.20,2556.91,2556.95
5000,1.00,-3680.83,3203.14,3175.51
6000,-0.37,-4402.62,3849.38,3796.24
7000,-2.33,-5214.54,4495.61,4507.10
8000,-1.83,-5954.27,5141.84,5145.76
9000,-0.98,-6776.56,5788.07,5866.99
10000,-1.41,-7592.39,6434.31,6581.76
