episode,epReward,cumReward,cumRegret,empRegret
10,2.92,8.64,0.89,-4.20
20,0.00,12.06,2.22,-3.17
30,0.00,16.79,2.22,-3.46
40,0.13,19.02,2.89,-1.24
50,0.00,23.10,2.89,-0.88
60,-0.33,27.06,3.89,-0.39
70,0.00,31.75,4.78,-0.64
80,0.00,34.77,5.44,0.79
90,0.00,39.69,5.44,0.31
100,0.00,40.84,5.44,3.61
200,0.33,93.40,8.11,-4.51
300,0.00,147.70,8.78,-14.36
400,0.00,178.26,8.78,-0.48
500,0.00,214.78,9.44,7.44
600,0.00,274.64,9.89,-7.98
700,0.00,315.53,9.89,-4.42
800,0.00,354.45,10.56,1.11
900,0.00,397.64,10.56,2.36
1000,2.30,443.19,10.56,1.25
2000,0.00,893.58,11.56,-4.69
3000,0.00,1343.95,11.56,-10.62
4000,0.00,1779.95,12.22,-2.18
5000,2.18,2244.57,12.89,-22.35
6000,0.00,2675.43,12.89,-8.77
7000,0.00,3166.33,13.56,-55.22
8000,0.11,3597.17,14.22,-41.61
9000,0.47,4006.71,14.22,-6.71
10000,0.00,4478.04,14.22,-33.59
