episode,epReward,cumReward,cumRegret,empRegret
10,0.00,0.35,1.78,4.10
20,0.91,3.42,3.89,5.47
30,0.00,5.70,4.89,7.64
40,0.57,9.46,5.56,8.32
50,2.00,13.69,5.56,8.54
60,0.00,21.06,6.00,5.61
70,-1.02,26.37,6.00,4.74
80,0.32,31.54,7.00,4.01
90,0.00,32.97,7.00,7.03
100,0.00,34.50,7.00,9.95
200,0.00,79.47,8.67,9.42
300,0.00,109.90,9.33,23.44
400,1.73,154.46,10.00,23.32
500,0.00,190.71,10.00,31.52
600,0.00,261.00,10.00,5.67
700,0.33,296.15,10.00,14.96
800,0.00,321.82,10.00,33.74
900,2.00,362.83,10.00,37.17
1000,0.00,410.55,10.00,33.89
2000,0.00,825.61,11.78,63.27
3000,1.17,1283.14,11.78,50.19
4000,0.17,1706.92,12.22,70.86
5000,0.00,2172.60,12.22,49.62
6000,0.00,2581.06,12.22,85.60
7000,3.10,3052.71,12.22,58.41
8000,1.19,3497.98,12.22,57.58
9000,0.56,3959.18,12.22,40.82
10000,0.00,4395.60,12.22,48.84
