episode,epReward,cumReward,cumRegret,empRegret
10,0.06,-0.74,2.22,5.18
20,-3.41,-3.52,6.22,12.41
30,0.39,2.65,7.56,10.68
40,-0.96,8.46,8.44,9.31
50,2.37,13.64,9.11,8.59
60,-0.46,14.12,9.56,12.54
70,0.26,16.98,9.56,14.13
80,1.67,19.69,10.56,15.87
90,0.22,22.36,10.56,17.64
100,1.68,27.40,10.56,17.05
200,1.27,52.18,11.22,36.71
300,0.93,88.00,11.89,45.34
400,0.80,122.18,14.22,55.60
500,0.35,162.69,15.22,59.54
600,0.48,210.08,15.22,56.59
700,-0.54,266.98,15.22,44.13
800,-0.94,320.11,15.22,35.44
900,0.54,371.16,15.22,28.84
1000,0.22,418.29,15.89,26.15
2000,-0.50,808.95,17.22,79.93
3000,-0.85,1266.94,17.22,66.39
4000,0.47,1726.39,17.22,51.38
5000,1.97,2098.24,17.22,123.99
6000,2.97,2520.52,18.22,146.15
7000,1.28,2972.00,18.22,139.11
8000,2.40,3451.08,18.22,104.48
9000,1.10,3910.71,18.22,89.29
10000,1.41,4241.91,18.22,202.53
