episode,epReward,cumReward,cumRegret,empRegret
10,0.00,-2.42,1.56,6.86
20,0.00,3.89,3.00,5.00
30,0.00,6.93,3.67,6.41
40,0.00,12.45,4.33,5.33
50,0.00,20.92,5.33,1.30
60,0.56,24.67,7.00,2.00
70,0.00,29.59,7.67,1.52
80,0.67,35.95,7.67,-0.39
90,0.22,38.68,7.67,1.32
100,1.78,39.99,7.67,4.46
200,0.68,70.27,9.33,18.62
300,0.80,118.24,9.33,15.09
400,0.66,179.82,10.00,-2.04
500,1.59,231.76,11.11,-9.54
600,0.00,265.91,11.56,0.76
700,1.58,315.49,11.56,-4.38
800,0.00,338.72,11.56,16.84
900,0.00,369.68,11.56,30.32
1000,0.00,408.24,11.56,36.20
2000,0.00,835.23,12.22,53.66
3000,2.23,1262.43,12.22,70.91
4000,-0.56,1712.03,12.89,65.75
5000,1.53,2168.88,12.89,53.34
6000,0.00,2585.07,12.89,81.59
7000,0.92,3035.51,12.89,75.60
8000,0.00,3489.25,12.89,66.31
9000,2.01,3960.20,12.89,39.80
10000,0.61,4382.52,13.56,61.93
