episode,epReward,cumReward,cumRegret,empRegret
10,-0.31,-10.58,7.08,6.50
20,-3.50,-24.06,13.26,15.90
30,0.65,-26.45,19.70,14.20
40,-2.36,-35.11,22.83,18.78
50,-0.56,-48.44,27.80,28.03
60,1.21,-55.97,33.78,31.47
70,1.70,-61.89,36.65,33.31
80,-3.28,-74.04,41.86,41.39
90,-0.72,-82.30,48.09,45.56
100,0.54,-92.30,53.00,51.48
200,2.39,-184.38,98.14,102.73
300,-0.62,-276.87,142.84,154.40
400,-2.27,-396.25,193.14,232.95
500,-3.60,-466.10,242.64,261.98
600,-2.48,-553.84,286.33,308.90
700,0.31,-612.12,330.53,326.35
800,0.39,-730.71,381.55,404.13
900,0.28,-804.24,428.04,436.83
1000,0.24,-895.72,472.90,487.49
2000,1.68,-1742.38,956.73,925.92
3000,-1.55,-2544.58,1437.81,1319.88
4000,-1.96,-3377.01,1910.14,1744.08
5000,-2.22,-4287.42,2400.77,2246.26
6000,-0.80,-5221.56,2892.28,2772.16
7000,-1.75,-6086.87,3384.15,3229.24
8000,-2.81,-6999.60,3869.66,3733.74
9000,2.53,-7921.05,4349.49,4246.95
10000,-0.72,-8765.13,4821.36,4682.79
