episode,epReward,cumReward,cumRegret,empRegret
10,-1.39,-7.30,4.69,9.33
20,2.00,-9.36,8.53,13.41
30,2.14,-4.52,12.37,10.60
40,-0.40,-7.51,16.21,15.62
50,-1.52,-19.82,20.05,29.96
60,0.60,-28.26,23.89,40.43
70,-0.28,-35.22,27.63,49.41
80,-1.02,-43.20,31.47,59.43
90,-0.38,-41.39,37.12,59.64
100,-3.11,-52.05,40.96,72.33
200,0.67,-70.81,63.97,111.37
300,-0.63,-70.50,72.77,131.34
400,1.87,-38.81,77.57,119.94
500,-0.03,-41.87,82.94,143.28
600,-0.34,-53.57,87.93,175.26
700,0.58,-24.30,92.54,166.27
800,-0.80,-42.58,97.24,204.83
900,1.18,-30.30,102.72,212.83
1000,-1.46,-9.26,107.13,212.07
2000,-2.08,64.88,154.64,340.75
3000,-3.78,283.83,205.21,324.60
4000,-1.44,421.13,254.16,390.12
5000,-0.64,489.55,302.64,524.51
6000,-2.59,636.79,354.12,580.08
7000,-3.35,741.43,402.40,678.25
8000,0.38,817.57,452.41,804.93
9000,0.48,938.72,504.27,886.58
10000,-1.99,1183.09,550.73,845.02
