episode,epReward,cumReward,cumRegret,empRegret
10,5.11,51.26,4.52,-2.38
20,6.55,97.65,9.04,0.09
30,5.11,144.18,13.56,2.43
40,4.22,180.03,18.08,15.45
50,3.50,220.71,22.62,23.64
60,5.10,247.99,30.30,45.23
70,8.58,289.90,34.68,52.19
80,5.05,332.65,39.45,58.31
90,2.33,372.25,44.27,67.59
100,3.41,416.64,49.14,72.07
200,5.62,851.75,101.16,125.66
300,6.87,1283.58,150.58,182.54
400,8.36,1744.14,200.05,210.68
500,4.05,2197.67,248.65,245.85
600,5.09,2621.79,297.29,310.44
700,5.79,3093.41,345.94,327.53
800,7.16,3568.11,395.46,341.53
900,5.15,4025.29,444.06,373.05
1000,4.34,4463.11,492.70,423.94
2000,1.40,8968.37,986.03,805.73
3000,3.10,13284.40,1475.09,1376.74
4000,6.32,17641.60,1962.37,1906.60
5000,2.41,22095.80,2450.57,2339.45
6000,4.83,26470.36,2937.01,2851.94
7000,7.39,30963.37,3424.34,3245.98
8000,2.87,35321.81,3911.56,3774.59
9000,3.39,39759.97,4397.92,4223.47
10000,2.58,44174.26,4886.07,4696.23
