episode,epReward,cumReward,cumRegret,empRegret
10,0.14,-2.28,12.66,6.10
20,-2.15,-10.21,17.41,17.84
30,-1.72,-1.43,17.41,12.87
40,0.65,-0.54,18.46,15.80
50,1.43,3.13,18.46,15.94
60,0.56,5.35,18.46,17.53
70,-0.03,9.03,18.46,17.67
80,2.00,17.35,18.46,13.17
90,1.97,23.88,18.46,10.45
100,1.15,34.75,18.46,3.40
200,3.28,54.59,19.52,21.69
300,-2.15,68.28,19.52,46.14
400,-1.23,110.46,22.65,42.11
500,2.07,143.38,23.71,47.33
600,-0.86,149.51,25.82,79.34
700,-0.65,180.65,27.93,86.34
800,3.06,217.50,27.93,87.63
900,0.51,228.16,27.93,115.12
1000,-0.71,247.18,31.07,134.24
2000,0.45,575.59,32.12,187.24
3000,0.76,995.05,33.18,149.20
4000,-0.55,1405.26,34.24,120.41
5000,-1.74,1821.26,34.24,85.82
6000,-0.75,2259.31,38.43,29.19
7000,2.37,2694.96,38.43,-25.04
8000,-2.30,3110.44,38.43,-59.11
9000,1.87,3567.58,38.43,-134.83
10000,-1.12,4031.84,38.43,-217.67
