episode,epReward,cumReward,cumRegret,empRegret
10,1.32,-12.48,9.47,12.16
20,2.27,-10.69,12.19,10.06
30,1.54,-19.56,13.64,18.62
40,-0.10,-21.90,13.64,20.65
50,1.11,-16.40,13.64,14.83
60,-2.40,-19.49,13.64,17.60
70,-2.29,-20.74,13.64,18.53
80,0.86,-22.84,13.64,20.32
90,0.39,-26.12,13.64,23.29
100,-1.11,-17.68,13.64,14.53
200,2.58,-15.68,13.64,9.39
300,-3.18,-45.44,13.64,36.00
400,-0.69,-27.89,13.64,15.30
500,-3.39,-35.25,13.64,19.52
600,-1.30,-63.22,13.64,44.35
700,-4.16,-83.13,13.64,61.11
800,-1.61,-97.14,13.64,71.98
900,-0.42,-107.25,13.64,78.94
1000,-2.62,-103.44,13.64,71.99
2000,1.62,-85.97,15.00,23.05
3000,0.02,-211.45,15.00,117.08
4000,1.92,-310.03,15.00,184.20
5000,-3.78,-394.00,15.00,236.71
6000,-0.46,-397.69,16.87,208.94
7000,1.71,-521.38,19.64,301.18
8000,1.04,-621.30,19.64,369.64
9000,-0.77,-629.19,22.40,346.07
10000,1.81,-667.05,22.40,352.48
