episode,epReward,cumReward,cumRegret,empRegret
10,-1.43,0.08,6.56,0.31
20,-0.18,-10.48,12.57,11.26
30,-1.39,-17.38,15.68,18.56
40,-1.05,-16.22,16.37,17.78
50,-0.09,-24.43,18.42,26.38
60,0.67,-29.71,21.31,32.06
70,-0.06,-24.59,23.36,27.32
80,0.39,-19.39,23.36,22.52
90,-5.57,-26.82,23.36,30.33
100,1.46,-32.39,23.36,36.30
200,-2.37,-33.17,23.36,40.98
300,-0.81,-18.48,23.36,30.19
400,1.17,-2.72,23.36,18.34
500,-2.02,-7.11,23.36,26.64
600,-0.72,-19.74,23.36,43.18
700,-0.16,-8.76,23.36,36.10
800,0.02,-39.71,23.36,70.95
900,-0.00,-48.49,23.36,83.63
1000,0.79,-38.11,23.36,77.16
2000,1.94,-48.04,23.36,126.14
3000,1.26,93.78,25.11,23.38
4000,-0.82,140.83,25.11,15.38
5000,-3.41,131.20,25.11,64.06
6000,-2.73,41.57,25.11,192.75
7000,0.18,83.12,25.11,190.25
8000,-1.50,-2.83,25.11,315.25
9000,2.30,62.48,25.11,288.99
10000,-0.63,85.00,25.11,305.53
