episode,epReward,cumReward,cumRegret,empRegret
10,1.68,22.64,6.29,-1.34
20,1.87,37.72,9.25,4.87
30,2.21,52.82,11.70,11.06
40,0.34,69.05,15.21,16.13
50,0.41,89.42,18.71,17.05
60,1.45,99.61,22.20,28.16
70,4.17,120.93,25.14,28.13
80,3.98,150.52,26.68,19.84
90,-1.67,158.60,30.61,33.05
100,-1.37,171.47,33.56,41.48
200,1.17,328.04,66.90,97.86
300,2.94,501.42,98.27,137.43
400,1.35,676.76,126.45,175.04
500,-1.05,889.49,157.33,175.26
600,0.96,1039.30,190.66,238.40
700,1.35,1248.20,220.07,242.44
800,1.62,1462.56,248.99,241.03
900,2.49,1674.29,282.81,242.26
1000,3.94,1877.46,313.69,252.04
2000,-1.26,3709.94,643.45,549.05
3000,-0.51,5526.16,957.16,862.32
4000,-1.21,7288.56,1287.53,1229.41
5000,3.02,9089.78,1611.04,1557.69
6000,1.40,10851.10,1944.35,1925.86
7000,1.56,12636.20,2261.98,2270.25
8000,0.89,14549.54,2588.43,2486.41
9000,5.11,16264.04,2909.00,2901.40
10000,3.23,18095.79,3234.47,3199.15
