episode,epReward,cumReward,cumRegret,empRegret
10,0.00,-1.68,4.11,6.13
20,-0.99,0.66,6.89,8.23
30,2.16,3.58,7.56,9.75
40,0.00,7.58,9.11,10.19
50,0.00,10.65,9.11,11.57
60,0.00,12.58,9.11,14.08
70,0.00,14.05,10.11,17.06
80,0.00,18.29,10.11,17.27
90,0.00,21.58,10.78,18.42
100,0.00,25.64,11.44,18.80
200,1.83,66.50,12.78,22.39
300,0.00,111.22,13.78,22.11
400,0.42,155.31,13.78,22.47
500,0.00,199.48,13.78,22.75
600,0.95,249.10,13.78,17.57
700,1.56,297.04,13.78,14.07
800,0.88,354.48,14.22,1.08
900,0.00,407.93,14.22,-7.93
1000,-0.49,447.58,14.22,-3.14
2000,0.00,938.54,14.22,-49.65
3000,0.93,1374.99,14.22,-41.66
4000,0.97,1802.56,15.22,-24.79
5000,0.00,2255.38,15.22,-33.16
6000,0.00,2704.55,15.67,-37.88
7000,0.33,3124.20,15.67,-13.09
8000,0.00,3584.31,15.67,-28.75
9000,0.00,4046.94,15.67,-46.94
10000,1.56,4486.13,15.67,-41.68
