episode,epReward,cumReward,cumRegret,empRegret
10,2.04,28.50,2.11,-4.98
20,-0.83,44.36,2.11,2.69
30,1.12,62.99,2.11,7.57
40,5.27,85.46,2.60,8.63
50,1.25,106.30,2.60,11.31
60,1.10,126.78,2.60,14.35
70,5.26,156.43,2.60,8.23
80,6.43,184.48,2.60,3.70
90,5.08,210.08,4.10,1.62
100,1.08,233.80,4.10,1.42
200,2.40,462.77,5.57,7.67
300,1.56,713.70,5.57,-8.03
400,3.95,955.58,5.57,-14.69
500,1.81,1171.28,5.57,4.83
600,4.17,1397.05,6.06,14.28
700,3.59,1611.08,6.06,35.48
800,3.44,1851.71,6.06,30.07
900,5.45,2111.46,6.55,5.54
1000,4.33,2370.52,6.55,-18.29
2000,3.20,4721.96,9.86,-17.52
3000,3.34,7066.31,11.69,-9.65
4000,2.22,9392.99,11.69,15.90
5000,4.04,11781.37,14.17,-20.25
6000,1.98,14098.30,15.15,15.03
7000,2.22,16493.36,15.15,-27.80
8000,2.17,18906.20,17.83,-88.42
9000,2.00,21274.55,17.83,-104.54
10000,1.36,23641.92,17.83,-119.69
