episode,epReward,cumReward,cumRegret,empRegret
10,2.78,0.56,3.78,3.88
20,-0.84,2.40,7.33,6.49
30,0.93,6.33,12.00,7.00
40,-0.06,2.39,16.44,15.38
50,-3.43,2.43,20.89,19.79
60,-0.50,-2.96,25.11,29.63
70,0.37,7.27,29.56,23.84
80,-2.08,7.72,34.00,27.84
90,0.30,7.09,38.00,32.91
100,-1.44,8.55,42.44,35.90
200,-1.97,-11.47,86.00,100.36
300,0.93,-27.87,130.44,161.20
400,-0.49,-34.57,174.89,212.35
500,-0.17,-31.33,219.33,253.55
600,-0.79,-30.88,264.00,297.54
700,-4.26,-11.50,307.56,322.62
800,-0.81,7.14,352.00,348.42
900,-0.83,15.44,396.67,384.56
1000,-1.58,18.94,441.11,425.50
2000,0.25,-47.33,884.22,936.22
3000,3.48,-1.91,1324.00,1335.24
4000,0.12,-16.80,1769.67,1794.57
5000,0.56,-64.50,2214.11,2286.72
6000,0.05,-33.92,2658.56,2700.58
7000,2.44,-66.53,3103.11,3177.64
8000,-1.33,-40.48,3547.56,3596.04
9000,0.09,-36.58,3992.00,4036.58
10000,-0.36,4.43,4436.00,4440.01
