episode,epReward,cumReward,cumRegret,empRegret
10,2.05,1.58,2.78,2.87
20,2.30,4.16,3.22,4.73
30,0.00,9.04,3.22,4.29
40,0.00,11.91,3.22,5.87
50,0.00,18.56,4.22,3.66
60,1.12,20.96,4.89,5.71
70,1.66,25.62,4.89,5.49
80,0.96,27.49,5.89,8.07
90,2.20,33.57,6.56,6.43
100,2.10,37.06,6.56,7.38
200,0.00,72.36,8.22,16.53
300,0.00,126.21,9.22,7.13
400,0.00,178.38,9.22,-0.61
500,0.00,218.11,9.67,4.12
600,0.63,257.59,9.67,9.08
700,-0.08,284.64,10.33,26.47
800,0.00,328.70,10.33,26.85
900,0.00,365.87,10.33,34.13
1000,0.00,422.06,10.33,22.38
2000,1.74,835.57,10.78,53.32
3000,0.06,1287.42,11.44,45.91
4000,0.00,1732.08,12.78,45.69
5000,1.11,2223.67,12.78,-1.45
6000,0.00,2642.13,12.78,24.54
7000,0.00,3079.64,13.22,31.47
8000,0.00,3510.89,13.22,44.67
9000,0.00,3944.64,13.22,55.36
10000,2.95,4408.77,13.22,35.67
