episode,epReward,cumReward,cumRegret,empRegret
10,-0.90,0.95,3.67,3.50
20,-1.46,-0.33,7.56,9.21
30,1.76,6.43,8.44,6.90
40,0.58,6.06,10.22,11.72
50,1.12,9.22,11.11,13.00
60,2.63,7.01,12.00,19.66
70,0.40,14.68,12.89,16.43
80,1.69,17.58,13.33,17.97
90,-0.67,18.40,14.22,21.60
100,1.34,23.85,14.22,20.60
200,0.34,65.69,16.56,23.20
300,0.27,106.91,17.22,26.43
400,2.22,158.44,17.22,19.34
500,1.09,224.98,17.22,-2.76
600,1.93,256.34,17.22,10.33
700,-0.88,300.90,17.22,10.21
800,0.97,348.16,17.22,7.40
900,1.45,402.36,18.22,-2.36
1000,1.43,433.29,18.89,11.16
2000,2.05,885.52,19.56,3.37
3000,-0.19,1291.18,21.22,42.15
4000,0.16,1762.42,21.22,15.36
5000,1.32,2229.35,22.56,-7.13
6000,-0.33,2766.02,22.56,-99.35
7000,-0.01,3195.34,22.56,-84.23
8000,0.55,3615.21,22.56,-59.65
9000,1.06,4034.09,22.56,-34.09
10000,2.36,4546.81,22.56,-102.37
