episode,epReward,cumReward,cumRegret,empRegret
10,0.40,-16.28,3.35,7.58
20,-2.76,-37.18,3.87,19.78
30,1.45,-42.02,4.61,15.92
40,1.81,-46.12,4.61,11.32
50,0.93,-55.44,4.86,11.94
60,-3.19,-58.81,5.12,6.60
70,-1.88,-63.83,5.12,2.92
80,-1.81,-76.77,5.85,7.16
90,-1.52,-87.87,6.12,9.56
100,-0.94,-92.04,6.12,5.03
200,-4.20,-195.73,6.12,21.71
300,-3.36,-296.92,7.37,35.88
400,-0.29,-380.57,7.63,32.52
500,-1.93,-451.82,7.90,16.76
600,-1.62,-492.72,9.85,-29.35
700,-0.62,-572.52,9.85,-36.57
800,-1.68,-689.83,9.85,-6.27
900,-2.50,-786.52,9.85,3.41
1000,-3.27,-861.79,10.58,-8.33
2000,1.49,-1842.86,10.58,102.62
3000,-1.68,-2677.27,12.53,66.90
4000,-3.54,-3501.73,12.53,21.24
5000,-0.44,-4453.90,12.53,103.29
6000,-2.54,-5263.15,12.53,42.42
7000,0.22,-6133.93,12.53,43.07
8000,1.22,-7006.71,12.53,45.73
9000,-0.57,-7928.95,12.53,97.85
10000,0.99,-8780.50,12.53,79.27
