episode,epReward,cumReward,cumRegret,empRegret
10,2.78,6.30,3.89,-1.86
20,-0.23,10.35,7.22,-1.46
30,1.40,24.84,10.33,-11.51
40,2.02,32.40,14.33,-14.63
50,-2.61,26.39,18.78,-4.17
60,-0.99,28.66,22.78,-2.00
70,-0.13,28.15,27.22,2.96
80,-0.82,16.68,31.67,18.88
90,2.13,14.59,36.11,25.41
100,-0.45,14.76,40.56,29.68
200,-2.44,21.21,85.56,67.68
300,-0.51,30.25,130.00,103.08
400,0.28,25.13,174.44,152.65
500,-1.69,-13.70,218.89,235.92
600,-1.05,13.53,263.33,253.14
700,2.21,22.37,308.33,288.74
800,1.35,55.34,353.33,300.21
900,0.09,43.90,398.33,356.10
1000,3.28,45.09,442.78,399.35
2000,-0.19,7.14,887.22,881.75
3000,-0.40,-0.23,1331.67,1333.57
4000,1.32,-66.64,1776.11,1844.42
5000,1.76,-63.02,2220.56,2285.24
6000,0.57,-24.78,2665.00,2691.45
7000,-6.84,-66.69,3109.44,3177.81
8000,-1.14,-76.68,3553.89,3632.24
9000,-1.67,-9.37,3998.33,4009.37
10000,0.24,-36.61,4442.78,4481.06
