episode,epReward,cumReward,cumRegret,empRegret
10,2.69,30.41,2.08,5.21
20,3.94,73.63,2.08,-2.38
30,4.80,111.74,2.08,-4.87
40,4.85,136.88,2.08,5.62
50,3.06,170.02,2.08,8.10
60,5.18,210.47,2.08,3.28
70,4.52,251.94,2.08,-2.57
80,4.61,289.25,2.08,-4.26
90,3.06,326.95,2.08,-6.34
100,4.22,370.40,2.08,-14.16
200,3.57,717.11,4.47,-4.64
300,1.15,1088.49,6.55,-19.78
400,4.73,1509.24,6.55,-84.29
500,2.58,1877.95,6.55,-96.76
600,4.53,2208.65,6.55,-71.22
700,3.53,2560.59,6.55,-66.93
800,1.52,2909.35,6.55,-59.45
900,2.90,3241.71,6.55,-35.57
1000,5.66,3600.01,8.62,-37.64
2000,5.12,7173.96,8.62,-49.22
3000,1.49,10734.64,8.62,-47.53
4000,5.47,14337.82,10.70,-88.35
5000,2.46,17858.41,10.70,-46.56
6000,8.09,21383.69,10.70,-9.48
7000,4.15,24976.43,13.31,-39.84
8000,1.84,28554.31,13.31,-55.35
9000,0.95,32139.70,13.31,-78.38
10000,3.75,35653.69,13.31,-29.99
