episode,epReward,cumReward,cumRegret,empRegret
10,1.29,1.00,4.44,3.44
20,0.00,4.37,5.78,4.52
30,0.68,10.71,6.44,2.63
40,0.00,16.73,7.44,1.05
50,1.60,16.80,7.44,5.42
60,0.32,21.08,7.44,5.58
70,-0.51,24.88,7.44,6.23
80,0.00,29.85,8.11,5.70
90,0.00,31.01,8.11,8.99
100,0.21,33.60,8.11,10.84
200,0.03,57.97,9.78,30.92
300,2.32,90.33,10.44,43.01
400,0.00,125.96,10.44,51.82
500,0.00,173.31,11.44,48.91
600,0.00,212.18,12.44,54.49
700,0.00,256.87,13.11,54.24
800,1.11,309.01,13.11,46.55
900,1.35,352.20,13.11,47.80
1000,0.00,394.03,13.11,50.42
2000,1.25,813.53,14.89,75.36
3000,2.65,1252.48,15.56,80.85
4000,1.31,1696.00,15.56,81.78
5000,0.00,2153.01,16.22,69.21
6000,0.58,2607.14,16.22,59.53
7000,2.82,3052.02,16.22,59.09
8000,1.03,3493.46,16.22,62.09
9000,1.65,3909.79,16.22,90.21
10000,2.68,4384.34,16.22,60.11
