episode,epReward,cumReward,cumRegret,empRegret
10,-1.46,-3.36,3.56,7.81
20,0.00,2.97,5.22,5.92
30,0.00,5.30,5.22,8.03
40,0.00,7.83,5.89,9.95
50,0.00,9.74,5.89,12.48
60,0.39,16.17,6.89,10.50
70,3.56,18.54,6.89,12.57
80,1.72,25.40,6.89,10.16
90,0.00,30.35,7.89,9.65
100,0.17,35.99,7.89,8.45
200,0.00,94.36,8.89,-5.47
300,0.00,145.16,8.89,-11.83
400,0.00,184.77,9.89,-6.99
500,0.00,236.89,9.89,-14.67
600,0.00,280.89,10.56,-14.22
700,0.00,324.06,11.00,-12.95
800,0.00,361.32,11.00,-5.76
900,0.00,399.87,11.67,0.13
1000,1.65,469.08,11.67,-24.63
2000,0.64,886.62,12.67,2.27
3000,-0.49,1336.15,12.67,-2.82
4000,0.00,1779.68,13.33,-1.90
5000,1.29,2205.77,13.33,16.45
6000,1.23,2659.89,13.33,6.78
7000,0.00,3135.30,13.33,-24.19
8000,1.05,3573.87,13.33,-18.31
9000,0.00,4015.10,14.67,-15.10
10000,0.00,4552.39,14.67,-107.95
