episode,epReward,cumReward,cumRegret,empRegret
10,5.41,46.68,6.23,3.03
20,6.07,101.03,6.23,-1.61
30,5.19,149.45,6.23,-0.31
40,2.21,189.39,6.23,9.46
50,6.35,235.86,6.23,12.70
60,4.79,284.88,6.23,13.39
70,9.19,341.16,6.23,6.83
80,3.96,390.85,6.23,6.84
90,4.82,440.36,6.23,7.05
100,5.94,485.69,6.23,11.43
200,4.60,988.48,6.23,5.76
300,4.83,1494.32,6.23,-2.96
400,7.43,2007.25,6.23,-18.77
500,6.18,2505.78,6.23,-20.19
600,1.68,2995.51,6.23,-12.79
700,6.21,3493.45,6.23,-13.62
800,3.19,3970.37,6.23,6.59
900,6.54,4468.01,6.23,6.07
1000,2.23,4978.94,6.23,-7.74
2000,2.07,9949.80,8.09,-7.42
3000,6.42,14863.33,9.94,50.25
4000,5.40,19876.55,9.94,8.23
5000,4.79,24824.15,9.94,31.82
6000,1.04,29824.95,9.94,2.22
7000,6.45,34792.43,9.94,5.93
8000,4.09,39800.07,9.94,-30.52
9000,3.39,44708.13,9.94,32.62
10000,6.06,49654.73,9.94,57.22
