episode,epReward,cumReward,cumRegret,empRegret
10,0.95,1.92,7.77,7.39
20,0.71,2.92,12.09,15.70
30,-0.07,0.34,17.25,27.59
40,1.82,3.26,22.70,33.99
50,-1.24,5.99,25.16,40.57
60,-0.40,18.17,27.51,37.70
70,-1.35,23.44,32.72,41.74
80,-0.39,25.01,36.18,49.48
90,-1.63,40.90,37.53,42.91
100,1.78,49.56,40.74,43.55
200,2.11,136.21,57.46,50.01
300,-1.38,192.92,71.07,86.42
400,1.00,281.44,87.88,91.01
500,5.51,363.62,102.24,101.95
600,0.52,411.61,116.73,147.07
700,3.58,490.41,130.46,161.38
800,-2.05,562.24,143.94,182.66
900,1.69,648.72,158.31,189.30
1000,-1.09,715.35,171.92,215.78
2000,0.65,1520.17,311.02,342.09
3000,-0.91,2327.42,447.75,465.98
4000,-0.07,3084.31,582.62,640.21
5000,-0.15,3876.35,717.49,779.30
6000,4.53,4710.26,854.22,876.52
7000,0.17,5514.91,989.33,1003.00
8000,2.65,6353.22,1126.18,1095.82
9000,3.10,7100.51,1264.25,1279.67
10000,0.65,7907.86,1403.22,1403.45
