episode,epReward,cumReward,cumRegret,empRegret
10,1.92,32.33,4.00,-4.11
20,1.98,57.64,4.00,-1.21
30,0.41,87.13,7.08,-2.48
40,0.15,106.96,8.60,5.90
50,1.34,127.40,8.60,13.68
60,3.07,160.91,8.60,8.38
70,3.05,189.88,8.60,7.63
80,1.80,223.37,8.60,2.35
90,0.85,256.22,11.21,-2.29
100,1.38,283.72,11.21,-1.57
200,2.61,550.05,11.21,14.25
300,3.82,805.52,14.47,40.94
400,4.09,1092.04,14.47,36.57
500,2.99,1340.88,14.47,69.88
600,3.87,1644.97,14.47,47.94
700,2.10,1912.28,16.37,62.78
800,4.21,2199.27,16.37,57.94
900,3.09,2439.10,16.37,100.26
1000,3.63,2742.88,16.37,78.64
2000,2.00,5606.66,19.41,36.38
3000,1.76,8297.30,22.84,167.25
4000,2.76,11114.76,24.74,171.31
5000,3.16,13933.32,24.74,174.27
6000,5.78,16749.57,24.74,179.54
7000,2.52,19554.08,24.74,196.55
8000,4.35,22348.87,24.74,223.28
9000,5.59,25204.84,24.74,188.83
10000,0.49,28035.25,24.74,179.93
