episode,epReward,cumReward,cumRegret,empRegret
10,-2.12,-0.28,15.09,13.86
20,1.46,5.41,18.68,21.75
30,1.34,14.39,24.47,26.35
40,4.12,43.13,24.47,11.19
50,1.45,50.08,24.47,17.83
60,-2.70,54.27,26.31,27.22
70,0.87,60.42,26.31,34.65
80,0.89,73.00,26.31,35.65
90,0.74,85.79,28.47,36.45
100,2.84,97.18,30.26,38.64
200,2.30,193.18,36.37,78.45
300,0.42,310.12,38.21,97.33
400,0.53,451.86,40.36,91.41
500,3.02,578.48,40.36,100.61
600,-1.99,694.42,40.36,120.49
700,1.68,822.69,40.36,128.04
800,0.24,974.95,40.36,111.59
900,-1.76,1114.13,40.36,108.23
1000,3.66,1253.62,42.16,104.56
2000,-0.52,2627.09,58.32,89.27
3000,2.32,4006.72,58.32,67.80
4000,0.45,5345.99,60.16,86.71
5000,1.16,6800.76,60.16,-9.88
6000,2.16,8159.02,60.16,-9.97
7000,2.12,9482.93,60.16,24.30
8000,4.85,10797.48,60.16,67.93
9000,0.56,12088.12,60.16,135.46
10000,2.75,13451.45,60.16,130.31
