episode,epReward,cumReward,cumRegret,empRegret
10,0.00,2.12,3.33,2.33
20,0.36,4.00,8.00,4.89
30,1.92,2.86,11.56,10.47
40,2.63,5.98,15.11,11.80
50,-0.62,6.96,19.11,15.26
60,-1.12,1.35,23.56,25.32
70,1.01,4.29,27.11,26.82
80,1.79,8.94,30.22,26.62
90,1.60,11.23,33.78,28.77
100,-0.26,17.91,37.00,26.53
200,1.35,62.75,43.56,26.14
300,1.61,115.88,45.67,17.45
400,-1.50,156.43,46.78,21.35
500,2.66,202.92,48.44,19.30
600,-1.01,234.04,48.44,32.62
700,0.38,285.68,48.44,25.43
800,0.41,333.78,49.44,21.77
900,-0.46,376.17,49.44,23.83
1000,1.05,427.79,50.44,16.65
2000,0.93,924.92,51.11,-36.04
3000,-0.51,1377.33,51.11,-44.00
4000,1.77,1831.70,51.11,-53.93
5000,-0.08,2242.98,51.11,-20.76
6000,-0.72,2722.21,51.11,-55.55
7000,0.35,3111.73,51.11,-0.62
8000,2.25,3541.23,51.11,14.33
9000,-0.99,3972.82,51.11,27.18
10000,0.78,4403.38,51.11,41.06
