episode,epReward,cumReward,cumRegret,empRegret
10,1.23,7.15,5.22,-2.70
20,1.12,10.95,9.22,-2.07
30,-0.21,19.03,13.89,-5.70
40,0.09,19.77,18.89,-1.99
50,-1.97,20.93,23.33,1.29
60,2.33,18.08,27.78,8.59
70,1.57,27.23,32.00,3.88
80,-0.19,25.18,36.44,10.38
90,2.05,23.68,40.89,16.32
100,-1.41,25.86,45.33,18.59
200,0.25,45.26,90.33,43.63
300,1.19,41.51,133.89,91.82
400,0.99,81.73,178.33,96.05
500,-0.95,91.53,222.78,130.69
600,-0.50,72.35,267.78,194.32
700,3.30,44.38,312.22,266.73
800,1.91,47.24,356.67,308.32
900,1.41,61.44,401.11,338.56
1000,0.42,70.30,445.11,374.14
2000,0.05,102.92,889.78,785.97
3000,-1.76,169.37,1334.22,1163.96
4000,2.51,190.95,1776.44,1586.83
5000,3.23,176.53,2220.89,2045.69
6000,1.92,129.33,2664.89,2537.34
7000,0.63,145.94,3109.33,2965.18
8000,1.50,173.55,3553.78,3382.01
9000,-0.02,264.27,3998.22,3735.73
10000,-5.50,251.60,4442.67,4192.85
