episode,epReward,cumReward,cumRegret,empRegret
10,1.30,21.06,6.52,19.23
20,1.43,46.48,6.52,34.09
30,4.30,86.22,7.90,34.64
40,1.76,120.82,13.47,40.32
50,2.64,157.57,13.47,43.86
60,5.53,197.08,13.47,44.64
70,3.48,234.34,13.47,47.66
80,2.98,278.85,15.53,43.44
90,7.28,318.37,15.53,44.21
100,4.35,357.65,22.55,45.22
200,2.18,769.81,35.50,35.93
300,1.46,1142.57,41.66,66.03
400,5.14,1538.35,44.35,73.12
500,1.32,1950.23,53.19,64.09
600,3.53,2336.80,57.30,80.39
700,5.25,2710.10,60.01,109.96
800,5.28,3124.29,62.06,98.63
900,5.83,3551.82,64.74,73.97
1000,6.10,3947.24,64.74,81.42
2000,5.31,7976.55,70.90,80.77
3000,4.26,11990.44,73.58,95.54
4000,2.76,16044.78,79.00,69.86
5000,5.85,20070.43,81.06,72.86
6000,4.53,24108.54,81.06,63.42
7000,4.06,28118.83,81.06,81.78
8000,2.45,32220.49,81.06,8.78
9000,2.80,36279.63,81.06,-21.70
10000,1.96,40259.28,85.16,27.31
