episode,epReward,cumReward,cumRegret,empRegret
10,3.63,-9.17,6.25,10.03
20,-1.07,-16.33,11.19,18.05
30,-1.59,-24.40,11.19,26.98
40,-2.47,-33.82,12.42,37.27
50,-0.89,-33.83,12.42,38.13
60,0.63,-30.77,17.36,35.94
70,0.75,-36.36,18.60,42.39
80,3.09,-33.19,21.54,40.09
90,-1.31,-38.53,25.72,46.28
100,-1.55,-34.22,26.96,42.84
200,-0.07,-31.29,28.19,48.53
300,-0.60,13.29,33.38,12.56
400,1.61,18.84,33.38,15.62
500,1.75,20.20,33.38,22.88
600,3.75,38.22,33.38,13.47
700,0.50,27.90,34.62,32.41
800,-1.13,57.98,34.62,10.95
900,0.23,78.83,34.62,-1.29
1000,1.82,54.34,35.85,31.82
2000,0.68,167.39,42.02,4.93
3000,-1.08,259.26,43.26,-0.78
4000,-1.87,287.13,43.26,57.51
5000,-0.82,455.71,46.21,-24.90
6000,3.19,617.07,46.21,-100.11
7000,1.12,770.51,46.21,-167.38
8000,3.19,851.66,46.21,-162.38
9000,-1.92,948.36,46.21,-172.91
10000,-0.92,1110.93,46.21,-249.32
