episode,epReward,cumReward,cumRegret,empRegret
10,1.31,-5.55,15.26,14.17
20,1.06,4.71,15.61,12.53
30,-1.39,8.97,15.96,16.90
40,-3.27,10.91,15.96,23.58
50,2.64,27.46,15.96,15.64
60,-2.02,42.56,15.96,9.16
70,-1.01,49.08,16.31,11.26
80,-0.05,59.98,17.82,8.98
90,0.24,69.04,17.82,8.55
100,2.09,83.43,17.82,2.78
200,0.77,159.94,17.82,12.47
300,2.65,260.82,17.82,-2.21
400,-0.46,325.30,18.17,19.51
500,4.09,421.50,18.17,9.52
600,4.33,518.93,18.52,-1.71
700,-0.11,614.91,18.52,-11.49
800,2.64,708.85,20.02,-19.22
900,0.29,815.35,20.02,-39.52
1000,0.37,888.95,20.02,-26.92
2000,-3.34,1628.50,21.53,95.57
3000,1.27,2515.23,21.53,70.88
4000,3.13,3371.73,21.53,76.40
5000,2.75,4241.75,21.53,68.42
6000,2.99,5159.40,21.53,12.80
7000,2.41,6071.76,21.53,-37.52
8000,0.25,7044.67,21.53,-148.39
9000,-0.70,7970.36,21.53,-212.05
10000,-0.36,8856.53,21.53,-236.19
