episode,epReward,cumReward,cumRegret,empRegret
10,2.48,30.66,7.16,1.83
20,3.52,62.18,10.69,2.81
30,1.01,89.47,16.98,8.01
40,1.41,120.54,19.32,9.43
50,-0.08,143.63,22.10,18.84
60,4.61,173.91,24.26,21.05
70,2.84,201.00,27.05,26.45
80,3.37,233.41,29.20,26.53
90,2.53,262.25,30.75,30.18
100,4.38,294.70,32.94,30.23
200,1.94,590.31,53.64,59.54
300,6.56,907.27,74.26,67.51
400,2.21,1187.75,99.17,111.96
500,2.24,1521.97,121.94,102.67
600,3.94,1800.50,145.53,149.06
700,5.76,2070.24,167.28,204.25
800,3.87,2401.04,188.80,198.38
900,5.61,2733.89,209.87,190.46
1000,4.91,3012.92,230.71,236.36
2000,1.86,6012.35,451.46,486.20
3000,0.30,9007.15,668.50,740.67
4000,2.14,12081.24,887.00,915.86
5000,2.93,15073.93,1104.88,1172.45
6000,2.32,18112.19,1323.52,1383.46
7000,-0.66,21235.65,1547.01,1509.27
8000,4.24,24229.86,1762.01,1764.33
9000,4.99,27302.65,1973.56,1940.82
10000,-0.40,30394.26,2189.07,2098.48
