episode,epReward,cumReward,cumRegret,empRegret
10,0.84,2.34,13.85,-6.79
20,-2.43,-3.89,15.40,-5.01
30,-4.69,-16.08,16.24,2.72
40,2.34,-12.37,16.24,-5.44
50,-1.95,-20.50,16.24,-1.76
60,-1.82,-24.06,16.95,-2.66
70,-0.05,-23.49,16.95,-7.67
80,3.31,-30.38,16.95,-5.23
90,-2.73,-29.35,16.95,-10.72
100,-7.23,-32.78,17.66,-11.74
200,-2.53,-119.55,19.79,30.51
300,0.34,-196.18,22.94,62.61
400,-2.02,-245.70,22.94,67.62
500,1.22,-272.99,22.94,50.39
600,-2.15,-322.50,22.94,55.37
700,-1.61,-336.49,24.07,24.84
800,2.62,-377.37,24.07,21.20
900,-0.67,-395.12,24.07,-5.57
1000,2.75,-458.64,24.07,13.42
2000,2.11,-966.67,25.19,76.25
3000,0.44,-1371.79,25.19,36.15
4000,-0.92,-1756.88,25.19,-23.96
5000,-2.28,-2258.26,25.19,32.20
6000,-2.17,-2793.97,25.19,122.71
7000,0.66,-3139.51,25.19,23.03
8000,-5.06,-3537.54,26.32,-24.15
9000,1.28,-3950.54,26.32,-56.37
10000,1.18,-4427.08,26.32,-25.04
