episode,epReward,cumReward,cumRegret,empRegret
10,0.53,1.04,3.11,3.41
20,0.03,2.02,7.11,6.87
30,-1.84,-4.03,11.56,17.37
40,-0.32,-10.09,16.00,27.86
50,0.32,-12.40,20.44,34.62
60,1.22,-13.20,24.89,39.86
70,-0.11,-10.11,29.78,41.22
80,0.41,0.79,34.78,34.77
90,-0.03,-5.94,38.78,45.94
100,-1.71,-6.42,43.44,50.86
200,-1.43,-11.10,86.11,99.99
300,-0.68,-14.52,130.56,147.85
400,-0.89,-3.22,175.56,181.00
500,2.65,-5.73,219.11,227.95
600,-2.07,17.24,263.11,249.42
700,-3.69,6.44,307.11,304.67
800,1.45,-13.82,352.11,369.38
900,1.41,-49.21,396.56,449.21
1000,-0.74,-47.24,441.00,491.69
2000,0.72,-25.48,885.44,914.36
3000,4.26,-53.24,1329.89,1386.57
4000,-2.05,-54.37,1773.89,1832.14
5000,2.13,-122.49,2218.33,2344.72
6000,-1.37,-93.07,2663.33,2759.73
7000,0.07,-125.46,3107.78,3236.57
8000,1.63,-40.30,3552.22,3595.85
9000,0.09,22.49,3996.67,3977.51
10000,-0.03,-29.49,4441.22,4473.94
