episode,epReward,cumReward,cumRegret,empRegret
10,0.00,-2.20,5.56,6.65
20,1.21,-0.48,7.22,9.36
30,1.47,4.13,7.22,9.20
40,2.98,10.48,7.22,7.30
50,0.43,12.23,7.22,9.99
60,-1.77,16.39,7.22,10.28
70,0.00,18.80,7.22,12.31
80,0.00,21.30,7.22,14.26
90,0.00,24.12,7.22,15.88
100,0.00,24.70,8.22,19.74
200,0.00,67.91,10.22,20.98
300,0.00,112.90,10.22,20.44
400,0.20,152.60,11.56,25.18
500,0.00,189.24,11.56,32.99
600,0.00,236.21,11.56,30.45
700,0.00,297.52,11.56,13.59
800,0.88,352.66,11.56,2.89
900,1.92,393.23,11.56,6.77
1000,1.40,446.04,12.00,-1.59
2000,0.00,794.29,12.67,94.60
3000,0.00,1223.69,12.67,109.65
4000,3.03,1687.86,13.33,89.92
5000,0.00,2102.33,13.33,119.89
6000,-0.16,2524.67,13.33,142.00
7000,0.00,2936.24,13.33,174.87
8000,-0.04,3356.71,13.33,198.84
9000,1.92,3817.16,13.33,182.84
10000,3.07,4278.13,14.00,166.32
