episode,epReward,cumReward,cumRegret,empRegret
10,0.84,0.55,3.89,3.89
20,0.00,3.67,6.89,5.22
30,2.73,12.82,7.33,0.52
40,0.01,11.63,7.78,6.15
50,0.00,13.85,9.11,8.37
60,0.00,19.71,9.11,6.95
70,0.00,26.11,10.22,5.00
80,0.00,31.91,10.67,3.65
90,0.00,35.96,10.67,4.04
100,1.01,41.65,10.67,2.79
200,0.00,77.26,13.33,11.63
300,1.06,120.36,13.33,12.98
400,0.72,164.13,14.33,13.65
500,0.00,204.96,16.33,17.26
600,-0.54,238.86,16.33,27.81
700,1.86,297.60,16.33,13.51
800,-0.58,339.40,17.00,16.16
900,0.00,386.44,17.00,13.56
1000,0.00,432.17,17.00,12.27
2000,0.00,884.15,17.00,4.74
3000,0.47,1324.10,19.33,9.24
4000,0.00,1705.27,21.33,72.51
5000,2.43,2145.39,21.33,76.83
6000,0.00,2570.58,22.00,96.09
7000,0.00,3000.64,22.67,110.47
8000,0.00,3434.79,23.67,120.76
9000,0.00,3911.30,23.67,88.70
10000,0.00,4348.59,23.67,95.86
