episode,epReward,cumReward,cumRegret,empRegret
10,0.00,-2.78,2.89,7.23
20,0.00,3.10,6.89,5.78
30,-1.42,7.05,10.22,6.28
40,0.00,6.64,13.33,11.14
50,0.97,9.88,16.33,12.34
60,0.61,21.53,16.33,5.14
70,-0.14,25.02,16.33,6.10
80,-0.14,26.94,16.78,8.61
90,0.00,32.00,16.78,8.00
100,0.24,32.87,17.22,11.58
200,1.23,71.74,20.22,17.15
300,0.84,111.55,21.22,21.78
400,0.00,154.38,21.22,23.40
500,1.23,224.31,21.22,-2.09
600,0.36,263.16,21.22,3.50
700,0.00,317.68,22.22,-6.57
800,1.71,369.38,22.22,-13.83
900,1.50,427.59,22.22,-27.59
1000,-1.28,475.90,22.22,-31.46
2000,0.22,936.67,22.22,-47.78
3000,0.00,1341.14,23.56,-7.81
4000,0.00,1812.50,24.56,-34.72
5000,0.73,2240.65,27.22,-18.42
6000,-0.02,2638.64,28.22,28.03
7000,0.00,3054.86,29.22,56.25
8000,2.06,3479.45,29.89,76.11
9000,0.13,3904.40,29.89,95.60
10000,1.92,4325.02,30.89,119.42
