episode,epReward,cumReward,cumRegret,empRegret
10,0.00,-3.84,3.67,8.28
20,0.79,0.69,7.00,8.20
30,-1.32,-2.24,8.33,15.57
40,-0.16,0.61,8.78,17.17
50,0.00,6.93,9.44,15.29
60,0.00,8.51,10.11,18.15
70,0.00,8.57,10.56,22.54
80,0.36,14.98,10.56,20.57
90,0.00,18.34,11.56,21.66
100,0.00,20.91,13.22,23.53
200,2.19,58.79,16.22,30.10
300,0.90,117.07,16.67,16.27
400,0.00,142.50,17.67,35.27
500,0.00,182.59,18.33,39.63
600,0.27,212.47,19.00,54.19
700,0.14,236.26,20.00,74.85
800,0.00,291.14,20.00,64.42
900,0.00,331.62,21.00,68.38
1000,0.00,366.70,21.00,77.74
2000,0.00,829.51,23.00,59.38
3000,0.00,1241.07,23.00,92.26
4000,0.00,1642.91,23.00,134.87
5000,-2.53,2087.31,23.00,134.91
6000,0.00,2530.93,23.00,135.73
7000,0.00,2925.38,23.67,185.73
8000,0.64,3381.78,23.67,173.77
9000,1.10,3816.86,23.67,183.14
10000,0.00,4245.22,24.33,199.22
