episode,epReward,cumReward,cumRegret,empRegret
10,0.81,-1.94,3.89,6.38
20,0.00,-2.76,6.00,11.65
30,0.83,-2.62,7.67,15.95
40,0.00,-0.44,10.33,18.22
50,0.00,2.00,11.00,20.22
60,0.38,8.79,11.00,17.88
70,0.60,10.19,11.67,20.92
80,0.00,9.61,11.67,25.95
90,0.00,11.63,11.67,28.37
100,0.58,14.49,12.67,29.96
200,0.00,50.67,18.33,38.22
300,0.93,89.45,19.22,43.88
400,1.73,135.91,20.56,41.86
500,-0.78,176.91,20.56,45.31
600,1.86,230.79,20.56,35.88
700,2.09,287.26,20.56,23.85
800,1.14,341.42,20.56,14.13
900,-1.82,387.35,20.56,12.65
1000,0.29,428.48,20.56,15.96
2000,0.94,818.17,21.56,70.71
3000,0.88,1224.50,21.56,108.83
4000,-1.72,1670.18,22.56,107.60
5000,0.00,2106.46,22.56,115.76
6000,-0.90,2561.95,22.56,104.72
7000,1.83,3017.69,22.56,93.42
8000,0.00,3510.13,22.56,45.43
9000,0.00,3974.49,22.56,25.51
10000,1.00,4407.87,22.56,36.58
