episode,epReward,cumReward,cumRegret,empRegret
10,0.62,0.91,4.56,3.53
20,-2.78,2.77,8.56,6.11
30,-0.33,1.40,13.33,11.93
40,0.00,5.85,17.89,11.93
50,-1.16,10.08,21.56,12.14
60,0.96,18.19,22.56,8.48
70,0.58,20.87,22.56,10.24
80,-0.72,21.16,22.56,14.39
90,0.00,24.96,22.56,15.04
100,1.63,32.27,22.56,12.18
200,0.00,73.18,25.89,15.71
300,1.01,103.47,25.89,29.86
400,0.41,137.38,25.89,40.39
500,0.00,180.59,25.89,41.64
600,-1.67,203.68,25.89,62.99
700,1.25,230.61,25.89,80.50
800,0.00,285.01,25.89,70.55
900,0.40,327.25,25.89,72.75
1000,0.00,370.64,25.89,73.81
2000,0.00,802.48,26.89,86.40
3000,0.00,1217.81,29.89,115.53
4000,1.28,1649.01,29.89,128.77
5000,0.00,2076.08,30.89,146.14
6000,1.78,2504.68,30.89,161.99
7000,-1.43,2972.64,31.56,138.47
8000,1.30,3296.14,31.56,259.41
9000,0.00,3761.27,32.56,238.73
10000,0.00,4239.18,32.56,205.26
