episode,epReward,cumReward,cumRegret,empRegret
10,1.19,3.10,2.67,1.34
20,0.61,6.78,6.44,2.11
30,-1.30,-0.94,10.22,14.28
40,0.00,2.33,13.56,15.45
50,0.00,0.31,16.56,21.91
60,0.11,0.93,18.00,25.73
70,0.00,6.41,19.44,24.71
80,0.00,10.01,20.44,25.54
90,0.00,14.53,20.44,25.47
100,0.00,12.89,20.89,31.56
200,-0.09,66.43,22.56,22.46
300,1.60,107.52,22.56,25.82
400,-0.13,147.74,22.56,30.03
500,0.90,182.01,22.56,40.22
600,-0.98,251.88,22.56,14.78
700,-0.77,286.77,22.56,24.35
800,1.21,337.45,22.56,18.10
900,0.00,376.40,23.56,23.60
1000,-1.07,424.54,23.56,19.90
2000,0.00,865.25,25.22,23.63
3000,0.69,1310.45,26.22,22.88
4000,0.15,1744.06,27.89,33.72
5000,-0.64,2177.27,27.89,44.95
6000,-1.43,2601.97,27.89,64.70
7000,0.00,3064.54,28.56,46.57
8000,0.00,3497.47,28.56,58.08
9000,-0.39,3978.54,29.56,21.46
10000,0.00,4446.41,29.56,-1.96
