episode,epReward,cumReward,cumRegret,empRegret
10,0.00,2.54,2.56,1.90
20,1.06,9.04,5.22,-0.15
30,-0.26,9.36,7.00,3.97
40,2.01,10.94,9.33,6.83
50,0.43,9.15,12.00,13.08
60,0.00,14.18,12.67,12.49
70,0.00,12.00,14.78,19.11
80,0.00,17.68,15.89,17.88
90,0.00,27.43,16.33,12.57
100,1.96,37.16,16.33,7.28
200,2.06,73.51,18.89,15.37
300,0.24,104.21,18.89,29.12
400,0.00,135.58,20.89,42.20
500,0.46,172.04,20.89,50.18
600,1.77,215.96,20.89,50.70
700,-1.37,243.90,20.89,67.21
800,0.00,283.97,21.89,71.59
900,0.12,316.31,21.89,83.69
1000,0.00,358.13,21.89,86.32
2000,1.47,795.20,25.22,93.69
3000,0.01,1254.10,25.22,79.24
4000,0.00,1686.16,27.22,91.62
5000,0.00,2106.05,27.22,116.17
6000,0.00,2536.84,28.22,129.82
7000,0.00,2983.93,28.22,127.18
8000,0.00,3411.61,28.22,143.95
9000,1.21,3819.63,28.89,180.37
10000,1.48,4252.26,28.89,192.18
