episode,epReward,cumReward,cumRegret,empRegret
10,-1.01,-0.23,4.78,4.68
20,3.04,6.96,5.67,1.93
30,2.77,13.07,8.33,0.26
40,-1.07,10.78,9.67,7.00
50,0.00,14.05,11.00,8.18
60,0.24,14.13,14.22,12.54
70,1.41,14.46,16.56,16.65
80,0.00,16.93,16.56,18.62
90,2.52,23.38,16.56,16.62
100,2.14,28.59,16.56,15.85
200,0.68,58.20,17.56,30.69
300,3.46,104.73,20.56,28.60
400,1.86,136.55,21.56,41.23
500,0.00,176.18,21.56,46.04
600,0.00,226.27,21.56,40.40
700,0.00,287.18,21.56,23.93
800,0.00,335.24,22.56,20.31
900,0.89,387.55,22.56,12.45
1000,1.83,434.39,22.56,10.06
2000,0.00,872.82,23.56,16.07
3000,0.00,1313.42,24.22,19.91
4000,0.00,1739.71,25.22,38.07
5000,0.00,2188.66,25.89,33.56
6000,1.27,2596.82,25.89,69.85
7000,1.64,3047.38,25.89,63.73
8000,1.00,3531.77,25.89,23.79
9000,0.66,3991.04,25.89,8.96
10000,0.93,4374.81,25.89,69.63
