episode,epReward,cumReward,cumRegret,empRegret
10,1.18,4.97,2.56,-0.52
20,-0.94,4.95,3.56,3.94
30,0.00,7.79,4.22,5.54
40,0.00,8.71,5.56,9.07
50,0.00,7.53,6.44,14.69
60,0.06,16.27,6.89,10.39
70,0.00,25.46,6.89,5.65
80,0.00,30.32,7.89,5.23
90,0.66,31.31,7.89,8.69
100,-0.54,34.25,7.89,10.19
200,0.00,80.85,10.67,8.04
300,1.57,136.70,11.33,-3.37
400,-1.00,180.52,12.33,-2.75
500,-1.18,230.88,14.00,-8.65
600,0.00,283.67,15.33,-17.00
700,0.52,328.30,16.00,-17.19
800,0.00,360.13,16.00,-4.58
900,1.38,401.17,16.00,-1.17
1000,0.51,435.96,16.00,8.49
2000,-0.49,924.77,16.00,-35.88
3000,0.00,1348.06,17.00,-14.73
4000,1.79,1774.10,18.00,3.68
5000,1.03,2231.35,18.00,-9.13
6000,-0.58,2664.55,19.00,2.11
7000,2.08,3077.64,19.00,33.47
8000,0.00,3497.37,19.67,58.18
9000,1.42,3928.06,21.33,71.94
10000,1.52,4396.55,21.33,47.89
