episode,epReward,cumReward,cumRegret,empRegret
10,0.00,-2.69,4.56,7.14
20,0.00,-4.71,10.33,13.60
30,0.00,-1.75,11.00,15.08
40,0.00,-1.75,13.00,19.52
50,0.00,2.81,13.00,19.42
60,0.00,3.60,15.67,23.07
70,0.81,5.72,16.33,25.39
80,0.00,6.16,17.00,29.39
90,0.00,10.09,17.00,29.91
100,0.00,11.62,17.67,32.83
200,0.00,41.19,21.78,47.70
300,0.00,84.80,22.78,48.54
400,0.00,122.26,22.78,55.52
500,0.00,173.51,22.78,48.71
600,0.72,238.42,22.78,28.24
700,0.00,289.40,22.78,21.71
800,-0.48,333.40,22.78,22.15
900,0.00,363.95,22.78,36.05
1000,0.00,397.55,24.78,46.90
2000,0.00,853.28,24.78,35.61
3000,0.00,1296.26,24.78,37.08
4000,0.86,1803.02,24.78,-25.24
5000,2.68,2232.00,24.78,-9.78
6000,0.00,2664.89,24.78,1.78
7000,0.00,3164.34,25.22,-53.23
8000,0.00,3618.87,25.22,-63.32
9000,0.00,4056.45,25.22,-56.45
10000,0.34,4552.34,25.22,-107.90
