episode,epReward,cumReward,cumRegret,empRegret
10,1.37,6.33,2.78,-1.88
20,0.00,6.28,3.89,2.61
30,3.16,13.80,4.56,-0.46
40,0.00,17.61,4.56,0.17
50,0.00,22.35,4.56,-0.13
60,0.00,22.30,5.00,4.37
70,0.00,25.76,5.00,5.35
80,0.00,32.50,5.00,3.05
90,2.57,38.74,5.00,1.26
100,0.00,42.29,6.00,2.16
200,1.66,79.17,7.33,9.72
300,0.65,115.71,8.00,17.63
400,1.62,158.11,8.44,19.67
500,-0.65,204.63,9.44,17.59
600,-0.10,255.08,9.44,11.59
700,0.00,303.89,9.44,7.22
800,0.00,352.73,9.44,2.82
900,0.00,395.53,9.44,4.47
1000,0.99,444.48,10.44,-0.03
2000,0.00,910.44,11.11,-21.55
3000,0.00,1380.78,11.56,-47.45
4000,0.00,1838.22,11.56,-60.44
5000,0.00,2271.16,12.22,-48.94
6000,0.00,2677.49,13.89,-10.83
7000,0.71,3085.14,14.56,25.97
8000,1.23,3539.07,15.56,16.48
9000,0.00,4000.58,15.56,-0.58
10000,1.92,4381.75,15.56,62.69
