episode,epReward,cumReward,cumRegret,empRegret
10,0.00,-2.11,3.33,6.56
20,1.79,-0.32,5.67,9.21
30,0.00,0.96,6.33,12.37
40,0.27,2.48,6.33,15.30
50,0.00,7.54,8.00,14.68
60,0.00,9.51,9.67,17.16
70,0.58,13.83,9.67,17.29
80,1.28,19.21,9.67,16.34
90,-0.28,21.70,9.67,18.30
100,0.00,26.87,9.67,17.57
200,0.00,64.18,12.67,24.71
300,0.00,98.63,13.67,34.70
400,0.00,138.72,13.67,39.06
500,0.00,188.34,13.67,33.88
600,0.00,238.67,14.11,28.00
700,0.00,291.27,14.56,19.85
800,0.00,339.46,14.56,16.09
900,0.00,392.68,14.56,7.32
1000,0.00,430.73,14.56,13.72
2000,0.00,848.25,14.56,40.64
3000,0.00,1279.05,14.56,54.29
4000,0.00,1699.69,14.56,78.08
5000,0.00,2119.19,14.56,103.04
6000,0.00,2594.34,14.56,72.33
7000,0.00,3066.09,14.56,45.02
8000,-0.35,3545.29,15.22,10.26
9000,1.26,3986.18,15.89,13.82
10000,0.00,4441.98,15.89,2.47
