episode,epReward,cumReward,cumRegret,empRegret
10,-0.28,-5.04,4.78,9.49
20,-1.14,-1.93,8.33,10.82
30,0.55,-1.50,13.33,14.83
40,3.20,-3.50,17.33,21.28
50,1.42,1.57,21.00,20.66
60,3.22,7.80,22.33,18.87
70,-1.21,17.12,22.78,13.99
80,1.43,29.78,24.11,5.78
90,-1.19,32.27,25.00,7.73
100,1.00,42.07,25.00,2.38
200,1.72,81.41,26.00,7.48
300,1.55,144.04,26.00,-10.70
400,0.99,204.95,27.00,-27.18
500,-0.38,256.98,27.00,-34.76
600,0.74,299.38,28.67,-32.71
700,-0.89,323.35,28.67,-12.24
800,0.39,378.40,29.67,-22.85
900,0.98,437.45,29.67,-37.45
1000,1.05,478.78,29.67,-34.34
2000,-1.75,904.08,30.33,-15.19
3000,2.52,1351.79,32.33,-18.46
4000,-2.06,1763.00,32.33,14.77
5000,2.06,2212.02,32.33,10.20
6000,-0.24,2653.74,32.33,12.93
7000,1.38,3117.49,32.33,-6.38
8000,1.11,3607.38,32.33,-51.83
9000,-2.35,4051.00,32.33,-51.00
10000,1.78,4542.73,32.33,-98.28
