episode,epReward,cumReward,cumRegret,empRegret
10,3.46,15.80,20.67,14.42
20,5.62,46.69,24.45,13.75
30,-1.15,84.80,26.76,5.87
40,2.07,123.24,26.76,-2.35
50,3.35,164.70,26.76,-13.60
60,2.35,204.22,26.76,-22.89
70,1.94,237.70,26.76,-26.15
80,1.41,270.80,26.76,-29.04
90,4.09,308.46,26.76,-36.47
100,3.26,339.99,26.76,-37.78
200,4.47,643.58,28.73,-39.17
300,3.36,930.70,31.05,-24.08
400,3.06,1224.81,31.05,-15.98
500,1.43,1501.17,31.05,9.87
600,1.77,1822.20,31.05,-8.95
700,1.50,2132.24,31.05,-16.78
800,1.93,2458.61,31.05,-40.95
900,3.60,2786.94,31.05,-67.07
1000,2.55,3118.23,31.05,-96.15
2000,0.21,6307.03,33.36,-262.88
3000,4.18,9273.33,35.68,-207.11
4000,-0.53,12244.66,37.65,-156.37
5000,4.61,15278.78,39.62,-168.41
6000,4.52,18345.66,39.62,-213.22
7000,1.60,21394.44,41.93,-239.92
8000,5.08,24385.04,41.93,-208.45
9000,1.98,27423.48,41.93,-224.81
10000,1.48,30418.46,41.93,-197.72
