episode,epReward,cumReward,cumRegret,empRegret
10,0.00,-2.00,2.89,6.44
20,0.00,-3.47,4.00,12.36
30,0.00,-1.02,8.00,14.35
40,0.00,0.20,8.67,17.58
50,1.63,2.36,9.33,19.86
60,0.00,4.62,13.33,22.04
70,0.00,9.64,15.00,21.47
80,0.00,15.17,15.00,20.38
90,0.06,20.25,15.00,19.75
100,0.00,30.18,15.00,14.27
200,0.31,84.72,15.00,4.17
300,0.25,136.51,15.00,-3.18
400,1.35,181.90,15.44,-4.13
500,0.00,246.60,15.44,-24.38
600,0.96,293.04,15.44,-26.37
700,0.00,334.58,15.44,-23.47
800,0.00,388.30,15.44,-32.74
900,1.09,426.40,15.44,-26.40
1000,0.00,480.42,15.44,-35.97
2000,0.00,938.04,15.44,-49.15
3000,0.00,1326.90,15.44,6.43
4000,1.83,1766.85,15.44,10.93
5000,0.00,2259.19,16.11,-36.97
6000,0.00,2751.73,16.78,-85.06
7000,1.13,3177.67,16.78,-66.56
8000,0.00,3619.82,16.78,-64.27
9000,0.00,4018.48,16.78,-18.48
10000,3.00,4484.81,16.78,-40.37
