episode,epReward,cumReward,cumRegret,empRegret
10,7.44,15.25,24.02,29.57
20,7.16,59.65,25.94,30.00
30,6.16,111.41,25.94,23.06
40,5.91,157.81,25.94,21.48
50,3.13,204.92,25.94,19.20
60,5.05,251.35,25.94,17.60
70,6.37,293.80,25.94,19.97
80,6.54,342.04,25.94,16.55
90,5.58,388.33,25.94,15.08
100,3.76,434.01,25.94,14.23
200,3.03,859.59,25.94,36.88
300,5.60,1308.84,25.94,35.86
400,2.93,1787.75,25.94,5.19
500,4.40,2243.21,25.94,-2.03
600,4.97,2667.06,25.94,22.35
700,6.21,3099.63,25.94,38.02
800,7.39,3561.47,25.94,24.41
900,4.90,4016.56,25.94,17.56
1000,6.34,4475.81,25.94,6.54
2000,3.84,8977.33,26.46,-12.62
3000,5.62,13489.46,26.46,-42.40
4000,4.36,17940.73,26.46,-11.31
5000,4.99,22411.52,26.46,0.26
6000,2.33,26884.86,26.46,9.27
7000,3.60,31310.25,26.46,66.24
8000,4.92,35779.65,26.46,79.19
9000,4.65,40241.70,26.46,99.49
10000,4.95,44660.61,26.46,162.94
