episode,epReward,cumReward,cumRegret,empRegret
10,3.85,29.62,7.34,4.45
20,3.81,68.65,7.34,-0.52
30,3.48,103.76,7.34,-1.56
40,5.09,139.33,7.34,-3.06
50,3.41,174.31,7.34,-3.97
60,2.31,207.83,7.34,-3.42
70,5.12,228.65,7.34,9.82
80,4.50,276.03,7.34,-3.48
90,1.16,298.30,7.34,8.31
100,1.07,326.29,7.34,14.39
200,1.73,669.41,7.34,11.95
300,5.33,1018.99,10.29,3.05
400,2.56,1360.49,10.29,2.23
500,4.52,1704.92,10.29,-1.51
600,3.19,2053.87,10.29,-9.78
700,2.19,2395.20,10.29,-10.43
800,4.83,2719.65,13.99,5.80
900,3.28,3076.15,13.99,-10.02
1000,4.47,3417.30,13.99,-10.49
2000,4.04,6893.06,13.99,-79.44
3000,6.72,10293.93,13.99,-73.49
4000,3.02,13693.99,16.57,-66.74
5000,8.30,17136.95,16.57,-102.89
6000,3.08,20553.72,16.57,-112.85
7000,4.33,23879.73,16.57,-32.04
8000,4.59,27298.17,16.57,-43.67
9000,4.15,30576.71,16.57,84.60
10000,1.79,33964.10,16.57,104.03
