episode,epReward,cumReward,cumRegret,empRegret
10,5.18,31.07,0.00,-1.13
20,1.53,48.13,1.06,11.76
30,1.05,85.45,1.95,4.40
40,3.98,116.40,3.45,3.40
50,4.40,150.57,3.75,-0.83
60,4.09,176.83,3.75,2.86
70,1.92,195.79,4.05,13.85
80,-0.34,218.21,4.35,21.38
90,2.74,242.40,7.00,27.14
100,0.73,268.98,7.00,30.50
200,1.93,546.04,11.09,52.94
300,2.24,858.07,11.39,40.39
400,1.86,1161.41,11.99,36.53
500,5.85,1465.93,11.99,31.50
600,2.97,1752.46,12.29,44.46
700,5.33,2077.34,12.29,19.07
800,1.48,2369.96,12.29,25.93
900,3.20,2712.38,12.29,-17.00
1000,0.69,3002.08,15.78,-7.22
2000,4.98,5980.20,16.38,9.52
3000,-0.06,9011.10,19.03,-26.52
4000,4.39,12018.55,19.03,-39.11
5000,4.79,14998.23,19.63,-23.93
6000,2.27,18079.05,19.63,-109.88
7000,2.84,21110.06,23.12,-146.04
8000,2.71,24060.04,23.12,-101.15
9000,2.26,27045.95,23.12,-92.20
10000,0.54,30020.79,23.12,-72.18
