episode,epReward,cumReward,cumRegret,empRegret
10,-0.90,1.23,2.89,3.21
20,1.21,1.02,7.22,7.87
30,-0.14,-0.07,11.00,13.40
40,0.21,1.12,15.89,16.66
50,2.13,4.01,18.67,18.22
60,0.00,17.46,21.11,9.20
70,0.50,26.31,22.11,4.81
80,-0.45,28.71,22.11,6.84
90,-1.45,34.05,22.78,5.95
100,-0.90,42.91,22.78,1.53
200,0.19,103.23,22.78,-14.34
300,1.09,134.14,22.78,-0.81
400,0.23,164.16,22.78,13.62
500,0.93,199.63,22.78,22.59
600,1.31,230.61,23.44,36.06
700,0.41,287.59,23.44,23.52
800,0.69,307.53,23.44,48.02
900,0.47,352.45,23.44,47.55
1000,0.90,387.41,23.44,57.04
2000,-2.11,751.02,24.11,137.86
3000,0.90,1210.98,24.78,122.36
4000,0.53,1636.47,24.78,141.31
5000,0.15,2023.09,25.44,199.13
6000,0.69,2441.88,25.44,224.79
7000,1.60,2973.34,25.44,137.77
8000,-0.28,3377.32,25.44,178.23
9000,0.93,3798.07,25.44,201.93
10000,1.14,4231.75,25.44,212.69
