episode,epReward,cumReward,cumRegret,empRegret
10,-1.29,4.99,4.00,-0.54
20,1.51,0.85,8.44,8.04
30,-0.22,2.93,12.67,10.41
40,-0.03,0.76,17.11,17.02
50,-0.05,0.91,21.11,21.31
60,2.17,-2.30,25.11,28.96
70,-0.45,5.28,29.56,25.83
80,1.09,14.40,33.56,21.15
90,0.73,6.63,37.56,33.37
100,-1.38,6.91,41.56,37.53
200,0.17,6.37,85.11,82.52
300,1.94,-10.34,128.67,143.67
400,0.36,-13.72,172.22,191.50
500,0.06,-27.19,216.22,249.42
600,0.69,-37.40,260.67,304.07
700,0.71,-41.18,304.67,352.29
800,1.05,-68.69,349.11,424.24
900,-2.12,-75.08,392.22,475.08
1000,0.91,-54.48,436.67,498.93
2000,2.10,31.37,880.56,857.52
3000,-0.13,73.28,1323.11,1260.05
4000,1.68,77.14,1766.33,1700.63
5000,-1.86,34.23,2210.78,2187.99
6000,1.12,-9.25,2655.22,2675.91
7000,3.62,-15.45,3099.67,3126.56
8000,-0.55,48.79,3544.11,3506.76
9000,1.76,28.50,3988.56,3971.50
10000,0.23,69.30,4433.00,4375.15
