episode,epReward,cumReward,cumRegret,empRegret
10,0.77,6.69,15.22,19.74
20,2.66,31.91,18.37,20.95
30,1.43,56.30,18.37,22.99
40,2.46,78.44,19.95,27.27
50,2.12,106.68,19.95,25.46
60,3.41,132.44,21.53,26.14
70,4.33,156.89,21.53,28.11
80,2.77,187.58,21.53,23.85
90,2.17,213.98,21.53,23.88
100,7.31,237.09,24.21,27.19
200,1.48,496.42,24.21,32.16
300,3.31,752.32,25.79,40.54
400,2.17,1023.26,25.79,33.89
500,4.30,1290.31,25.79,31.13
600,1.88,1568.79,25.79,16.93
700,5.33,1829.51,27.37,20.51
800,3.77,2095.54,27.37,18.77
900,2.78,2394.53,28.94,-15.94
1000,2.26,2656.71,28.94,-13.83
2000,3.87,5243.41,32.10,42.35
3000,1.08,7919.56,33.68,9.08
4000,3.58,10526.84,33.68,44.69
5000,6.22,13225.19,33.68,-10.78
6000,0.42,15761.55,33.68,95.73
7000,5.59,18364.73,33.68,135.43
8000,1.52,21046.23,33.68,96.81
9000,1.48,23715.67,36.89,70.25
10000,1.74,26454.12,36.89,-25.32
