episode,epReward,cumReward,cumRegret,empRegret
10,0.67,1.11,2.00,3.33
20,0.00,5.59,3.33,3.30
30,0.00,8.59,3.33,4.75
40,0.55,16.11,4.33,1.67
50,0.00,15.73,5.33,6.50
60,1.72,19.57,5.33,7.10
70,0.00,21.08,5.33,10.04
80,0.04,25.79,5.33,9.77
90,0.00,32.44,5.33,7.56
100,0.00,38.27,5.33,6.17
200,0.00,71.28,6.00,17.61
300,1.20,114.52,7.67,18.81
400,0.00,148.97,8.67,28.80
500,0.00,175.76,9.33,46.46
600,1.67,212.78,11.67,53.89
700,0.00,244.81,11.67,66.30
800,0.00,289.15,12.67,66.40
900,0.00,332.78,12.67,67.22
1000,0.64,368.19,12.67,76.26
2000,0.00,853.24,14.78,35.65
3000,0.00,1290.37,14.78,42.96
4000,0.00,1735.95,15.44,41.83
5000,1.60,2192.41,15.89,29.81
6000,0.00,2633.36,15.89,33.31
7000,0.00,3091.65,15.89,19.46
8000,0.00,3589.02,15.89,-33.46
9000,1.50,4066.64,16.56,-66.64
10000,0.77,4522.51,16.56,-78.07
