episode,epReward,cumReward,cumRegret,empRegret
10,2.73,12.44,3.78,-7.99
20,0.34,11.85,8.00,-2.97
30,1.57,23.93,12.44,-10.59
40,0.14,19.35,16.89,-1.57
50,1.33,19.53,21.33,2.70
60,3.35,21.11,26.00,5.56
70,0.41,15.25,30.00,15.86
80,-1.15,24.04,34.44,11.52
90,1.16,29.91,38.44,10.09
100,0.51,30.73,42.89,13.72
200,0.60,9.51,87.00,79.38
300,1.14,16.15,131.56,117.18
400,-0.05,18.13,176.22,159.65
500,-0.90,6.99,220.22,215.23
600,-2.33,-0.61,264.22,267.27
700,-0.97,-8.82,308.67,319.93
800,-1.88,4.87,353.11,350.69
900,0.08,-1.15,397.11,401.15
1000,-0.37,18.04,441.11,426.41
2000,-0.71,59.08,880.67,829.81
3000,-0.91,96.29,1323.33,1237.05
4000,-3.01,55.61,1767.78,1722.17
5000,-2.22,28.91,2212.22,2193.31
6000,0.38,74.27,2656.67,2592.40
7000,-0.39,148.70,3101.11,2962.41
8000,-1.97,136.63,3545.11,3418.92
9000,-0.27,181.32,3989.56,3818.68
10000,-1.54,242.42,4434.00,4202.03
