episode,epReward,cumReward,cumRegret,empRegret
10,-0.79,-3.87,8.05,7.00
20,-2.48,-19.69,17.01,25.95
30,-2.56,-23.06,23.18,32.46
40,-2.06,-25.00,26.09,37.53
50,-1.13,-28.09,29.09,43.76
60,2.16,-24.03,34.11,42.83
70,-5.78,-38.47,40.20,60.41
80,-0.28,-44.52,44.49,69.60
90,-4.49,-51.37,47.90,79.58
100,0.90,-51.89,51.22,83.24
200,2.20,-61.31,83.99,124.00
300,-0.30,-80.94,117.83,174.97
400,-1.17,-78.78,150.86,204.15
500,-2.26,-86.14,184.12,242.85
600,3.15,-58.85,212.84,246.91
700,1.08,-58.97,240.13,278.37
800,-2.59,-87.65,267.58,338.38
900,-1.56,-90.91,294.87,372.99
1000,3.83,-79.75,327.18,393.17
2000,2.47,-57.54,625.02,684.39
3000,0.97,-105.11,937.31,1045.38
4000,1.35,-138.71,1245.75,1392.40
5000,0.46,-80.89,1553.59,1647.99
6000,3.04,-43.90,1851.45,1924.43
7000,-3.13,32.52,2153.63,2161.43
8000,-0.12,62.88,2466.08,2444.49
9000,0.84,188.05,2768.43,2632.74
10000,0.48,135.94,3078.42,2998.28
