episode,epReward,cumReward,cumRegret,empRegret
10,6.05,25.75,17.00,22.68
20,4.37,70.49,17.00,26.37
30,5.80,116.56,17.00,28.74
40,5.67,175.04,17.00,18.69
50,6.15,210.96,22.80,31.20
60,5.08,264.61,22.80,25.97
70,5.90,308.69,22.80,30.32
80,5.25,356.81,22.80,30.63
90,8.59,413.45,22.80,22.42
100,4.56,458.34,22.80,25.97
200,4.32,931.29,22.80,37.33
300,-0.30,1419.55,22.80,33.37
400,3.18,1897.53,22.80,39.70
500,5.18,2359.00,22.80,62.53
600,8.04,2859.92,22.80,45.93
700,4.67,3357.51,25.70,32.64
800,7.12,3841.43,25.70,33.03
900,5.54,4311.58,25.70,47.18
1000,6.43,4768.02,25.70,75.06
2000,5.61,9509.70,25.70,176.44
3000,5.55,14393.24,29.10,135.97
4000,1.86,19185.80,29.10,186.49
5000,0.60,24066.34,32.00,149.02
6000,10.13,29017.47,34.90,40.96
7000,7.44,33942.76,38.30,-41.26
8000,4.41,38755.40,38.30,-10.83
9000,4.13,43598.23,38.30,-10.58
10000,4.60,48363.11,38.30,67.61
