episode,epReward,cumReward,cumRegret,empRegret
10,0.84,-14.20,2.29,-7.69
20,-5.42,-46.61,2.93,2.82
30,-0.46,-61.03,4.43,-4.66
40,-4.80,-90.46,6.20,2.88
50,-4.24,-127.32,8.17,17.85
60,-2.42,-148.18,9.35,16.81
70,-1.71,-172.02,9.99,18.76
80,-4.22,-199.58,10.63,24.43
90,-2.88,-219.76,11.10,22.71
100,-0.94,-243.32,11.82,24.38
200,2.38,-448.63,18.28,10.75
300,-3.32,-661.79,25.10,4.97
400,-6.16,-874.16,31.48,-1.61
500,-2.26,-1105.52,37.42,10.81
600,0.05,-1323.45,43.40,9.80
700,-0.88,-1538.80,50.03,6.22
800,-2.59,-1755.75,56.33,4.22
900,-5.71,-1969.67,62.99,-0.80
1000,-0.16,-2195.68,69.21,6.27
2000,-0.81,-4448.32,131.02,69.51
3000,0.88,-6694.80,193.70,126.59
4000,-3.59,-8893.99,255.51,136.38
5000,-0.49,-11167.50,319.01,220.48
6000,-0.94,-13494.22,382.93,357.80
7000,-2.79,-15787.28,446.13,461.45
8000,-1.79,-17919.98,506.71,404.75
9000,-6.65,-20276.11,569.52,571.47
10000,-0.97,-22567.41,632.65,673.36
