episode,epReward,cumReward,cumRegret,empRegret
10,0.46,-0.68,2.89,5.12
20,0.00,0.84,6.67,8.05
30,0.00,2.46,8.33,10.87
40,1.87,9.93,9.00,7.85
50,0.00,12.41,9.00,9.81
60,0.00,11.17,9.00,15.50
70,0.84,17.12,9.00,13.99
80,2.23,22.77,9.67,12.79
90,-1.00,26.99,9.67,13.01
100,0.29,29.97,10.67,14.48
200,0.00,66.03,11.67,22.86
300,1.02,106.38,11.67,26.96
400,0.00,169.41,11.67,8.37
500,0.00,216.67,12.67,5.56
600,0.84,258.07,12.67,8.60
700,0.00,284.14,12.67,26.97
800,0.00,330.64,12.67,24.92
900,0.00,390.17,13.11,9.83
1000,0.00,423.32,13.11,21.13
2000,0.00,830.30,13.11,58.59
3000,0.00,1276.89,15.11,56.44
4000,0.00,1743.06,16.44,34.72
5000,0.00,2186.19,16.44,36.03
6000,-0.10,2660.98,16.44,5.68
7000,2.67,3098.48,17.11,12.63
8000,1.02,3525.15,17.11,30.41
9000,2.68,3944.87,17.11,55.13
10000,0.00,4353.25,18.11,91.19
