episode,epReward,cumReward,cumRegret,empRegret
10,-0.23,-19.83,10.90,6.58
20,0.84,-40.07,19.32,13.58
30,-1.80,-63.48,27.81,23.74
40,2.46,-83.92,36.13,30.94
50,-1.99,-96.84,39.47,30.61
60,-3.41,-110.94,43.05,31.45
70,-4.70,-132.57,46.16,39.84
80,-3.71,-141.59,47.59,35.61
90,0.14,-165.01,50.21,45.79
100,-1.51,-176.59,52.12,44.12
200,-1.53,-328.22,73.17,63.28
300,-2.20,-475.37,91.05,77.96
400,-0.99,-598.26,108.52,68.38
500,-5.40,-750.83,129.23,88.48
600,-5.24,-885.46,144.49,90.64
700,2.78,-1021.59,158.32,94.31
800,-4.00,-1181.65,171.68,121.90
900,-0.15,-1345.67,191.23,153.45
1000,0.11,-1481.24,203.15,156.55
2000,-0.56,-2960.20,362.43,310.81
3000,-1.77,-4400.80,513.61,426.73
4000,1.12,-5855.43,671.46,556.67
5000,-3.83,-7205.76,818.34,582.31
6000,-1.70,-8687.73,975.71,739.58
7000,-4.60,-10136.27,1130.23,863.43
8000,-2.76,-11739.84,1295.71,1142.31
9000,-1.20,-13244.47,1463.57,1322.25
10000,-2.67,-14712.26,1624.28,1465.35
