episode,epReward,cumReward,cumRegret,empRegret
10,1.06,0.75,3.11,3.70
20,0.00,-0.21,4.78,9.10
30,0.00,-0.21,8.11,13.54
40,0.00,3.03,10.11,14.75
50,0.00,2.90,10.11,19.32
60,0.00,3.09,10.56,23.58
70,0.00,4.46,10.56,26.66
80,-0.71,6.97,11.22,28.59
90,0.00,8.57,11.22,31.43
100,0.00,13.08,12.22,31.37
200,3.92,65.27,14.89,23.62
300,0.00,112.03,14.89,21.30
400,0.00,160.25,14.89,17.53
500,0.00,198.79,15.56,23.43
600,0.00,251.83,15.56,14.83
700,0.18,288.21,15.56,22.90
800,0.00,325.03,15.56,30.53
900,0.00,357.54,16.22,42.46
1000,0.00,415.68,16.22,28.76
2000,0.00,872.07,17.33,16.82
3000,0.00,1292.30,17.33,41.04
4000,0.83,1768.71,17.78,9.07
5000,1.52,2237.33,17.78,-15.11
6000,1.51,2698.01,18.44,-31.34
7000,0.00,3184.95,18.44,-73.84
8000,0.00,3648.93,18.44,-93.37
9000,0.00,4081.59,18.44,-81.59
10000,-0.26,4519.34,18.44,-74.90
