episode,epReward,cumReward,cumRegret,empRegret
10,5.16,44.92,2.10,2.65
20,5.59,91.33,2.10,3.81
30,4.01,141.23,2.10,1.49
40,7.25,189.18,2.10,1.11
50,2.50,225.45,2.10,12.40
60,4.65,272.58,2.10,12.85
70,3.94,311.19,2.10,21.81
80,3.89,355.14,2.10,25.43
90,6.32,409.08,2.10,19.06
100,2.90,451.94,2.10,23.77
200,2.77,909.00,2.10,42.42
300,6.32,1384.14,4.97,42.99
400,8.61,1878.55,12.76,24.29
500,6.49,2350.92,12.76,27.62
600,5.63,2820.09,12.76,34.17
700,4.91,3310.84,18.49,19.12
800,6.65,3801.28,18.49,4.40
900,3.10,4289.93,18.49,-8.55
1000,7.67,4770.18,21.35,-13.09
2000,4.51,9456.43,28.90,57.75
3000,4.20,14131.01,28.90,140.26
4000,2.10,18922.59,28.90,105.77
5000,7.57,23623.32,28.90,162.14
6000,6.63,28338.42,28.90,204.12
7000,6.61,33081.11,28.90,218.52
8000,3.68,37782.30,33.59,274.42
9000,4.48,42529.74,33.59,284.07
10000,3.74,47295.97,33.59,274.94
