episode,epReward,cumReward,cumRegret,empRegret
10,0.81,6.07,4.22,-1.63
20,-1.78,7.86,8.89,1.03
30,0.23,8.27,13.11,5.06
40,-0.42,8.45,17.56,9.33
50,2.01,11.19,21.56,11.04
60,-1.86,9.16,26.22,17.51
70,1.24,18.06,30.67,13.05
80,0.93,23.81,34.22,11.75
90,-2.97,13.63,37.78,26.37
100,-0.80,10.12,41.33,34.32
200,1.17,2.59,81.67,86.30
300,0.84,-5.72,125.78,139.06
400,-0.42,-6.32,170.44,184.10
500,0.33,-17.38,214.89,239.60
600,2.64,-9.50,258.89,276.17
700,1.42,-2.89,303.89,314.00
800,3.28,3.29,348.33,352.26
900,1.30,-2.16,392.78,402.16
1000,-0.36,-18.49,437.22,462.94
2000,-2.25,-22.54,881.56,911.43
3000,-0.31,-31.52,1326.00,1364.86
4000,0.17,-77.54,1770.44,1855.32
5000,1.55,-119.53,2214.44,2341.75
6000,2.78,-108.36,2658.89,2775.02
7000,-0.60,-109.02,3103.33,3220.13
8000,-0.67,-73.67,3547.78,3629.23
9000,1.59,-5.46,3992.78,4005.46
10000,0.80,-15.09,4437.22,4459.53
