episode,epReward,cumReward,cumRegret,empRegret
10,0.00,-1.36,4.00,5.80
20,3.78,0.48,5.67,8.41
30,0.00,3.94,7.00,9.40
40,-0.03,8.33,7.00,9.45
50,0.00,9.72,7.00,12.50
60,2.97,14.24,7.67,12.43
70,0.00,18.80,7.67,12.32
80,1.91,23.59,7.67,11.96
90,0.00,25.62,7.67,14.38
100,-0.45,27.38,7.67,17.07
200,0.50,45.08,8.67,43.81
300,0.00,91.32,9.33,42.02
400,1.72,142.46,9.33,35.32
500,0.00,180.15,9.33,42.07
600,0.24,236.95,9.33,29.71
700,1.47,282.26,10.00,28.85
800,1.14,340.85,10.00,14.71
900,0.00,392.50,11.00,7.50
1000,0.00,428.70,11.00,15.74
2000,-0.20,912.34,12.89,-23.45
3000,0.35,1350.91,12.89,-17.57
4000,1.50,1782.27,12.89,-4.49
5000,1.93,2276.92,12.89,-54.70
6000,0.04,2736.53,12.89,-69.86
7000,0.00,3224.96,12.89,-113.85
8000,1.74,3694.48,15.22,-138.93
9000,0.00,4117.48,15.22,-117.48
10000,1.50,4594.14,15.89,-149.69
