episode,epReward,cumReward,cumRegret,empRegret
10,-1.19,7.48,4.44,-3.04
20,0.39,9.16,8.00,-0.28
30,0.79,5.65,12.44,7.68
40,-1.31,-3.98,16.89,21.76
50,2.36,-1.09,20.89,23.31
60,-0.64,5.17,25.33,21.49
70,0.83,10.34,29.78,20.77
80,-2.41,2.51,34.22,33.05
90,2.24,7.34,38.67,32.66
100,1.48,15.31,43.11,29.13
200,-1.47,5.36,87.78,83.53
300,-2.06,-2.69,132.33,136.02
400,-1.34,-6.27,176.33,184.04
500,1.87,8.17,219.89,214.05
600,3.34,-19.99,264.11,286.65
700,-0.29,-38.28,307.67,349.39
800,1.49,-38.23,352.11,393.79
900,-1.09,-70.54,395.67,470.54
1000,0.31,-78.70,440.11,523.15
2000,-2.29,-90.93,884.78,979.81
3000,1.06,-157.21,1328.33,1490.54
4000,-0.08,-97.19,1772.78,1874.97
5000,1.43,-0.39,2216.11,2222.61
6000,3.98,-40.98,2660.56,2707.65
7000,3.93,-46.79,3105.00,3157.91
8000,-2.83,-126.84,3549.44,3682.39
9000,-0.27,-205.62,3993.44,4205.62
10000,-0.26,-164.24,4437.89,4608.68
