episode,epReward,cumReward,cumRegret,empRegret
10,0.00,-3.74,4.44,8.18
20,1.11,2.25,6.11,6.63
30,0.00,10.42,6.11,2.91
40,3.43,16.41,7.11,1.37
50,0.00,21.82,7.11,0.40
60,0.00,27.52,7.11,-0.86
70,0.00,26.99,7.11,4.12
80,1.71,34.04,7.11,1.51
90,0.00,40.12,7.78,-0.12
100,0.61,44.35,7.78,0.10
200,0.00,88.77,11.11,0.12
300,0.77,128.54,11.78,4.79
400,-0.09,172.57,11.78,5.20
500,1.15,212.53,11.78,9.69
600,0.93,246.98,12.78,19.69
700,1.18,289.21,12.78,21.90
800,0.73,324.79,12.78,30.77
900,0.00,373.74,13.44,26.26
1000,0.27,410.41,13.44,34.04
2000,1.26,851.92,15.44,36.97
3000,0.28,1277.84,16.44,55.50
4000,0.00,1705.76,17.11,72.02
5000,0.86,2153.45,17.11,68.77
6000,-0.15,2576.75,17.78,89.91
7000,-0.56,3043.79,17.78,67.32
8000,1.11,3426.05,18.44,129.50
9000,1.01,3856.42,18.44,143.58
10000,0.00,4278.99,18.44,165.45
