episode,epReward,cumReward,cumRegret,empRegret
10,-1.10,-2.74,6.00,-1.92
20,-1.36,-11.69,9.39,2.37
30,2.02,-11.61,10.70,-2.38
40,-1.51,-15.95,12.32,-2.70
50,-0.79,-22.94,12.32,-0.37
60,1.01,-26.17,12.32,-1.80
70,1.24,-32.48,13.19,-0.16
80,-4.32,-46.91,15.28,9.61
90,-0.23,-48.01,15.28,6.05
100,-1.77,-58.87,16.16,12.25
200,-0.32,-138.02,19.08,44.78
300,1.04,-214.04,19.08,74.18
400,2.84,-242.39,22.80,55.91
500,-2.10,-269.55,22.80,36.45
600,-0.63,-333.33,22.80,53.60
700,-2.57,-364.78,22.80,38.44
800,0.07,-435.16,22.80,62.19
900,0.17,-476.55,22.80,56.97
1000,-1.54,-537.44,22.80,71.23
2000,-0.07,-933.62,24.89,1.21
3000,-2.65,-1450.05,25.32,51.42
4000,-1.65,-1926.07,25.76,61.24
5000,0.95,-2433.53,27.38,102.49
6000,2.01,-2943.23,27.38,145.99
7000,-2.09,-3289.93,27.38,26.48
8000,-0.26,-3707.70,27.38,-21.96
9000,-2.01,-4269.01,27.38,73.14
10000,1.53,-4715.23,27.38,53.16
