episode,epReward,cumReward,cumRegret,empRegret
10,0.93,1.44,4.78,3.00
20,0.00,7.60,6.44,1.29
30,0.07,9.89,8.78,3.45
40,0.00,12.75,8.78,5.03
50,0.00,15.66,8.78,6.56
60,0.00,15.00,9.44,11.67
70,0.00,18.89,9.44,12.22
80,0.29,21.49,9.44,14.07
90,0.00,25.35,9.44,14.65
100,0.00,30.08,9.44,14.36
200,4.10,59.72,10.44,29.17
300,0.00,101.68,11.11,31.66
400,0.00,153.82,11.11,23.96
500,0.64,196.98,11.11,25.24
600,0.70,237.81,11.11,28.86
700,2.62,264.24,11.11,46.87
800,0.00,319.11,11.11,36.45
900,0.00,352.97,11.11,47.03
1000,0.00,413.79,11.11,30.65
2000,0.00,877.25,11.11,11.63
3000,1.68,1322.61,13.22,10.73
4000,0.00,1728.49,13.89,49.29
5000,0.00,2167.60,14.33,54.62
6000,1.22,2577.88,15.00,88.79
7000,0.00,3044.69,15.00,66.43
8000,1.70,3507.17,16.00,48.39
9000,0.00,3910.31,16.00,89.69
10000,0.00,4359.82,16.00,84.63
