episode,epReward,cumReward,cumRegret,empRegret
10,0.00,-2.73,4.67,7.18
20,0.00,-2.41,8.67,11.30
30,2.03,-0.38,10.33,13.72
40,2.91,3.47,11.00,14.31
50,0.59,5.93,11.00,16.29
60,0.09,11.59,11.00,15.08
70,0.00,17.15,11.00,13.96
80,1.50,21.29,11.00,14.27
90,0.00,25.65,11.00,14.35
100,0.00,26.89,11.00,17.56
200,0.00,55.11,12.00,33.77
300,2.70,105.26,13.00,28.07
400,2.09,149.47,13.00,28.31
500,-0.02,198.73,13.00,23.49
600,0.37,254.00,14.00,12.67
700,0.93,292.73,14.00,18.38
800,0.00,335.89,14.44,19.67
900,1.85,379.16,14.44,20.84
1000,1.43,431.12,15.11,13.32
2000,0.31,902.49,15.56,-13.60
3000,0.00,1394.14,15.56,-60.81
4000,1.71,1834.17,15.56,-56.39
5000,0.00,2235.58,16.22,-13.36
6000,0.91,2687.48,16.22,-20.81
7000,0.00,3113.96,16.22,-2.85
8000,0.93,3635.17,16.22,-79.61
9000,-0.21,4043.76,16.22,-43.76
10000,-0.17,4454.47,16.22,-10.03
