episode,epReward,cumReward,cumRegret,empRegret
10,0.00,1.11,3.00,3.34
20,0.00,2.73,5.67,6.16
30,0.00,5.76,6.33,7.57
40,0.00,8.72,8.33,9.06
50,0.00,12.21,8.33,10.01
60,1.21,13.08,8.33,13.58
70,1.95,18.88,9.67,12.23
80,1.51,24.49,9.67,11.06
90,1.54,28.04,9.67,11.96
100,0.29,31.57,9.67,12.87
200,0.00,61.74,10.78,27.15
300,0.00,105.64,10.78,27.69
400,1.59,151.61,11.78,26.17
500,0.86,194.94,12.78,27.29
600,0.00,249.88,13.78,16.78
700,0.00,292.09,13.78,19.02
800,0.00,329.88,13.78,25.68
900,0.00,376.70,13.78,23.30
1000,0.17,421.11,13.78,23.33
2000,0.00,848.12,14.89,40.77
3000,3.73,1312.17,16.89,21.16
4000,1.57,1761.52,16.89,16.25
5000,0.00,2190.11,16.89,32.11
6000,2.15,2648.68,17.33,17.98
7000,0.00,3084.47,17.33,26.64
8000,0.00,3513.79,17.33,41.77
9000,2.09,3959.79,17.33,40.21
10000,0.89,4424.72,17.33,19.72
