episode,epReward,cumReward,cumRegret,empRegret
10,0.78,18.71,7.78,11.96
20,7.65,45.21,8.86,16.13
30,3.17,74.19,9.08,17.82
40,2.98,114.98,9.30,7.71
50,4.90,145.74,10.39,7.62
60,1.12,165.67,10.61,18.37
70,2.04,193.43,10.61,21.28
80,7.30,224.95,10.83,20.43
90,3.25,266.07,10.83,9.99
100,2.29,287.65,10.83,19.09
200,2.60,593.98,12.66,19.49
300,4.40,888.28,12.66,31.91
400,4.70,1181.46,12.66,45.46
500,4.09,1502.74,12.88,30.91
600,2.27,1809.60,12.88,30.79
700,5.57,2122.27,12.88,24.84
800,4.18,2430.73,12.88,23.11
900,4.21,2746.73,12.88,13.85
1000,4.09,3018.07,12.88,49.24
2000,3.21,6160.12,16.14,-25.50
3000,5.31,9193.18,16.14,8.75
4000,0.58,12299.43,17.22,-30.19
5000,2.43,15368.81,17.22,-32.26
6000,-0.15,18400.09,17.22,3.77
7000,0.41,21514.22,17.22,-43.05
8000,4.80,24641.17,17.22,-102.69
9000,0.91,27650.62,17.22,-44.83
10000,5.40,30592.21,17.22,80.89
