episode,epReward,cumReward,cumRegret,empRegret
10,-2.55,5.18,2.43,2.17
20,-2.14,5.08,6.37,9.62
30,2.05,5.40,10.74,16.65
40,1.44,4.95,12.07,24.45
50,2.45,17.33,12.60,19.42
60,1.12,20.71,13.84,23.39
70,4.51,41.56,14.37,9.88
80,2.27,52.86,15.66,5.93
90,0.33,45.81,16.61,20.34
100,0.46,47.22,16.93,26.28
200,1.39,92.90,19.80,54.10
300,-5.35,169.16,22.55,51.33
400,1.00,219.03,26.59,74.96
500,2.19,277.48,30.59,90.01
600,1.49,360.98,33.67,80.01
700,-1.85,420.89,37.06,93.60
800,2.68,464.03,42.16,123.95
900,-1.71,585.57,45.24,75.90
1000,-1.55,644.17,49.98,90.81
2000,-2.66,1314.15,86.89,155.80
3000,1.87,2057.90,122.54,147.03
4000,2.43,2791.85,155.66,148.06
5000,4.43,3563.11,188.98,111.77
6000,-0.47,4361.22,223.37,48.63
7000,-0.65,5040.71,261.12,104.12
8000,-0.26,5639.52,299.64,240.30
9000,2.40,6345.84,333.92,268.95
10000,1.88,7152.60,369.80,197.17
