episode,epReward,cumReward,cumRegret,empRegret
10,0.00,-2.63,4.78,7.07
20,0.00,-0.26,5.78,9.15
30,0.00,0.64,7.78,12.69
40,1.36,7.55,9.11,10.23
50,0.00,15.36,9.11,6.86
60,-0.27,17.25,10.11,9.42
70,0.00,23.37,10.11,7.74
80,0.00,26.00,11.11,9.56
90,1.75,33.93,11.11,6.07
100,0.93,44.82,11.56,-0.38
200,0.00,89.65,11.56,-0.77
300,0.00,134.68,11.56,-1.34
400,1.83,182.24,11.56,-4.46
500,0.00,226.32,12.56,-4.10
600,0.00,263.71,12.56,2.95
700,0.38,315.98,12.56,-4.87
800,0.00,371.56,12.56,-16.00
900,0.00,421.90,12.56,-21.90
1000,0.00,465.85,13.56,-21.41
2000,0.00,901.05,13.56,-12.17
3000,2.62,1381.97,15.22,-48.63
4000,0.00,1836.37,15.89,-58.59
5000,-0.07,2218.94,15.89,3.28
6000,0.62,2659.00,15.89,7.67
7000,-0.75,3081.66,15.89,29.45
8000,0.77,3549.66,16.56,5.89
9000,-1.87,4031.32,17.56,-31.32
10000,0.00,4429.16,18.67,15.28
