episode,epReward,cumReward,cumRegret,empRegret
10,-3.70,-18.04,12.75,8.96
20,0.81,-25.49,18.68,7.34
30,1.18,-30.49,18.68,3.27
40,-1.44,-32.62,22.47,-3.67
50,-1.87,-46.29,22.47,0.92
60,-3.66,-63.55,22.47,9.10
70,-1.04,-76.28,22.47,12.76
80,0.63,-86.87,22.47,14.28
90,-2.21,-100.35,22.47,18.68
100,-2.67,-109.83,23.39,19.09
200,0.64,-261.83,78.60,80.34
300,-1.45,-428.17,148.54,155.94
400,-1.47,-609.11,211.12,246.13
500,-3.64,-776.14,271.85,322.41
600,-1.26,-923.18,334.43,378.71
700,0.16,-1052.68,395.16,417.47
800,-2.39,-1163.81,447.62,437.85
900,0.67,-1313.14,503.75,496.43
1000,-3.70,-1464.13,568.17,556.68
2000,-1.62,-2962.45,1189.32,1147.55
3000,0.89,-4578.52,1798.52,1856.17
4000,1.45,-6048.37,2419.68,2418.56
5000,-4.23,-7659.29,3016.28,3122.03
6000,-1.70,-9141.56,3636.52,3696.85
7000,-4.44,-10653.14,4285.28,4300.98
8000,-0.38,-12222.38,4909.20,4962.77
9000,-4.39,-13731.39,5528.52,5564.33
10000,-1.59,-15336.62,6145.07,6262.12
