episode,epReward,cumReward,cumRegret,empRegret
10,1.55,10.33,3.11,-5.88
20,-4.26,-0.85,5.78,9.74
30,1.19,1.93,6.89,11.40
40,1.19,3.46,8.33,14.32
50,0.33,7.68,8.78,14.55
60,1.42,10.48,11.22,16.19
70,1.83,12.56,11.22,18.55
80,0.07,19.73,11.22,15.82
90,-1.45,21.26,11.22,18.74
100,0.73,26.34,11.22,18.10
200,0.60,62.89,11.22,26.00
300,-1.24,97.98,11.22,35.36
400,0.25,129.57,13.22,48.21
500,-2.23,176.72,13.22,45.50
600,1.17,220.13,13.22,46.54
700,2.49,264.44,13.22,46.67
800,1.21,316.51,13.22,39.05
900,-0.08,352.02,13.22,47.98
1000,-0.20,402.39,14.22,42.06
2000,-1.22,873.04,14.22,15.85
3000,-1.61,1379.47,15.89,-46.14
4000,-0.31,1736.80,15.89,40.98
5000,3.31,2190.26,15.89,31.96
6000,0.39,2584.74,15.89,81.93
7000,1.79,2990.16,15.89,120.95
8000,1.53,3355.13,17.56,200.43
9000,0.19,3839.50,17.56,160.50
10000,1.20,4261.56,18.22,182.88
