episode,epReward,cumReward,cumRegret,empRegret
10,-0.36,-1.31,10.10,14.15
20,1.68,19.66,11.80,6.02
30,-1.57,29.76,15.79,8.76
40,1.18,36.96,17.88,14.40
50,0.44,41.86,21.14,22.34
60,2.53,58.85,21.47,18.19
70,0.73,67.85,22.11,22.03
80,3.56,80.57,22.43,22.16
90,1.30,97.03,22.43,18.53
100,3.03,106.93,22.76,21.47
200,1.38,233.01,28.07,23.79
300,-0.79,372.04,31.46,13.17
400,-0.66,479.41,36.13,34.20
500,0.43,571.35,40.32,70.66
600,4.60,695.45,44.35,74.97
700,3.78,848.93,48.34,49.89
800,1.43,968.43,51.72,58.79
900,0.69,1075.02,56.72,80.61
1000,2.20,1200.13,60.58,83.90
2000,1.15,2474.91,98.81,93.14
3000,2.08,3693.73,135.19,158.35
4000,0.31,4852.95,171.92,283.15
5000,4.60,6098.74,207.70,321.39
6000,2.00,7328.51,243.47,375.64
7000,-0.14,8572.08,279.24,416.09
8000,4.95,9947.88,314.05,324.32
9000,1.07,11153.73,348.49,402.50
10000,-0.56,12386.79,380.88,453.46
