episode,epReward,cumReward,cumRegret,empRegret
10,0.88,6.36,4.33,-1.91
20,0.00,-0.47,7.67,9.35
30,0.46,3.50,12.22,9.84
40,0.85,3.52,15.33,14.26
50,1.50,11.57,20.00,10.65
60,1.20,7.93,23.11,18.73
70,1.16,9.47,27.11,21.64
80,-1.14,11.43,31.11,24.13
90,-0.37,11.61,35.56,28.39
100,0.59,20.37,39.56,24.08
200,0.50,-12.92,83.11,101.81
300,0.77,-12.31,123.78,145.65
400,1.93,-13.92,167.44,191.70
500,2.72,-38.17,211.44,260.39
600,-0.20,-53.68,255.89,320.34
700,-1.15,-60.98,300.00,372.09
800,0.12,-88.59,345.00,444.14
900,-0.89,-79.62,389.44,479.62
1000,0.22,-90.74,433.89,535.18
2000,2.10,-68.80,878.33,957.69
3000,-1.44,-88.24,1322.78,1421.58
4000,-1.11,-126.56,1767.22,1904.34
5000,-0.13,-167.86,2211.67,2390.09
6000,-1.34,-243.04,2656.11,2909.70
7000,-1.23,-330.10,3100.56,3441.21
8000,-1.09,-424.00,3545.00,3979.55
9000,-1.07,-420.81,3989.44,4420.81
10000,-1.40,-468.66,4433.89,4913.10
