episode,epReward,cumReward,cumRegret,empRegret
10,0.00,1.02,3.78,3.42
20,0.00,-0.03,5.89,8.92
30,0.00,1.95,8.89,11.39
40,0.00,2.03,10.22,15.74
50,0.00,7.25,12.22,14.97
60,0.00,9.75,14.89,16.91
70,0.00,13.14,15.56,17.97
80,1.96,19.07,16.89,16.48
90,0.00,20.26,19.89,19.74
100,0.00,23.00,21.22,21.44
200,0.00,63.47,22.89,25.42
300,1.14,92.74,23.89,40.59
400,0.00,141.25,23.89,36.52
500,-0.47,180.42,23.89,41.80
600,0.00,240.37,24.89,26.30
700,0.04,291.69,24.89,19.42
800,0.00,324.83,24.89,30.73
900,0.00,359.84,25.89,40.16
1000,-0.61,399.77,25.89,44.67
2000,0.00,852.64,25.89,36.24
3000,0.17,1303.30,28.33,30.03
4000,0.00,1726.82,28.33,50.96
5000,0.00,2185.12,28.33,37.11
6000,0.00,2645.67,28.33,21.00
7000,-1.80,3104.48,28.33,6.63
8000,0.94,3562.78,28.33,-7.22
9000,0.00,3986.50,28.33,13.50
10000,0.00,4434.55,28.33,9.89
