episode,epReward,cumReward,cumRegret,empRegret
10,0.00,1.40,4.22,3.04
20,0.27,-5.47,9.00,14.35
30,0.57,2.37,13.00,10.96
40,-0.21,-7.46,16.78,25.24
50,-1.74,-7.14,20.78,29.36
60,1.74,-4.63,23.00,31.29
70,-0.86,1.80,26.11,29.31
80,0.64,-1.28,29.22,36.83
90,1.31,-5.91,33.22,45.91
100,-5.21,-14.38,36.56,58.82
200,-0.74,26.73,79.00,62.16
300,2.57,-2.67,122.56,136.00
400,-0.66,13.54,166.67,164.24
500,1.67,10.23,210.67,211.99
600,-1.95,39.28,255.22,227.38
700,0.43,52.21,300.22,258.90
800,0.93,61.84,344.67,293.72
900,0.34,38.88,389.11,361.12
1000,0.47,13.29,433.56,431.16
2000,-2.18,43.67,878.67,845.22
3000,-0.74,96.49,1323.11,1236.84
4000,2.09,94.94,1767.22,1682.83
5000,0.36,85.50,2211.22,2136.72
6000,0.77,121.48,2655.67,2545.18
7000,-0.11,190.42,3099.33,2920.69
8000,-1.64,165.62,3543.78,3389.93
9000,-0.13,98.81,3987.78,3901.19
10000,3.00,157.76,4432.22,4286.69
