episode,epReward,cumReward,cumRegret,empRegret
10,-2.63,5.78,11.72,18.26
20,1.32,30.40,14.31,17.68
30,3.54,62.78,15.52,9.35
40,-0.16,87.20,17.58,8.97
50,3.77,104.62,18.91,15.59
60,2.92,135.21,19.26,9.04
70,2.40,165.21,19.62,3.09
80,2.11,178.79,19.97,13.55
90,3.23,206.14,20.32,10.24
100,0.80,233.90,20.79,6.52
200,4.42,463.14,27.32,17.70
300,1.15,645.50,32.96,75.77
400,1.92,874.12,37.23,87.56
500,1.01,1118.70,40.52,83.41
600,3.06,1352.69,44.40,89.85
700,4.55,1580.85,49.80,102.11
800,4.45,1826.12,54.15,97.26
900,4.58,2082.81,57.79,80.98
1000,0.46,2318.75,61.20,85.47
2000,-0.68,4644.63,105.50,163.82
3000,1.84,7049.26,145.34,163.41
4000,0.86,9478.72,184.58,138.17
5000,4.84,11843.92,221.24,177.19
6000,4.70,14127.86,264.48,297.48
7000,0.18,16467.86,303.26,361.70
8000,1.92,18785.00,342.16,448.78
9000,5.46,21227.77,382.22,410.23
10000,5.80,23476.51,426.17,565.71
