episode,epReward,cumReward,cumRegret,empRegret
10,-1.36,40.84,4.80,-3.46
20,4.57,79.14,4.80,-4.37
30,3.17,124.71,4.80,-12.57
40,4.04,165.42,4.80,-15.90
50,4.41,203.11,4.80,-16.21
60,5.91,245.71,4.80,-21.43
70,1.28,278.69,6.56,-17.03
80,3.93,319.25,9.21,-20.21
90,3.49,355.96,10.09,-19.53
100,2.19,389.34,10.09,-15.54
200,0.51,755.70,18.02,-8.09
300,5.28,1142.59,25.14,-21.18
400,0.60,1513.39,25.14,-18.17
500,2.93,1858.78,26.02,10.24
600,3.89,2213.87,26.90,28.95
700,6.13,2593.77,31.37,22.86
800,5.77,2968.75,31.37,21.68
900,6.38,3367.45,32.25,-3.22
1000,4.99,3761.52,32.25,-23.48
2000,1.71,7490.43,37.60,-14.35
3000,1.34,11287.11,37.60,-72.99
4000,1.69,15112.71,42.13,-160.56
5000,1.75,18828.35,43.01,-138.15
6000,6.38,22509.27,43.01,-81.03
7000,2.32,26239.35,43.01,-73.07
8000,4.63,29986.07,43.01,-81.76
9000,3.74,33683.27,43.01,-40.92
10000,5.11,37363.63,43.89,16.76
