episode,epReward,cumReward,cumRegret,empRegret
10,3.41,11.22,13.29,22.00
20,1.65,28.39,23.65,38.06
30,3.32,50.50,28.14,49.18
40,2.03,76.76,31.89,56.15
50,4.84,117.61,33.28,48.53
60,6.36,158.19,34.66,41.18
70,2.66,184.47,36.05,48.12
80,4.32,228.09,37.44,37.73
90,2.73,262.54,37.44,36.50
100,7.55,303.10,37.44,29.17
200,2.68,650.65,42.58,13.91
300,4.96,995.45,42.58,1.37
400,4.29,1309.93,46.83,19.17
500,4.87,1630.43,48.21,30.95
600,4.25,1957.33,50.58,36.32
700,4.38,2296.85,50.58,29.08
800,2.54,2604.91,50.58,53.30
900,1.92,2921.02,50.58,69.47
1000,2.41,3263.68,55.93,59.08
2000,1.53,6541.66,60.67,103.86
3000,4.05,9732.67,60.67,235.61
4000,1.60,13113.84,60.67,177.20
5000,2.90,16443.05,60.67,170.75
6000,2.07,19789.82,62.55,146.74
7000,3.36,22974.57,62.55,284.75
8000,2.24,26307.89,62.55,274.18
9000,2.34,29656.58,62.55,248.26
10000,4.64,33084.63,62.55,142.97
