episode,epReward,cumReward,cumRegret,empRegret
10,0.70,31.23,11.95,7.10
20,5.32,71.67,11.95,5.01
30,4.69,112.70,16.25,2.32
40,2.87,147.49,16.25,5.87
50,1.86,180.86,16.25,10.83
60,3.72,219.10,16.25,10.93
70,0.88,257.78,16.25,10.59
80,5.70,309.97,16.25,-3.26
90,3.47,341.95,16.25,3.10
100,2.70,374.32,16.25,9.06
200,4.42,751.56,16.25,15.21
300,1.13,1105.27,16.25,44.88
400,3.65,1493.48,21.60,40.05
500,5.51,1887.31,21.60,29.61
600,5.22,2282.15,21.60,18.15
700,4.77,2658.10,25.03,25.59
800,6.57,3047.85,25.03,19.23
900,4.45,3424.88,25.03,25.58
1000,1.30,3816.92,25.03,16.92
2000,3.75,7651.26,25.03,16.42
3000,0.73,11535.88,25.03,-34.36
4000,6.05,15476.23,25.03,-140.88
5000,0.17,19243.91,25.03,-74.71
6000,5.07,23121.85,25.03,-118.82
7000,6.16,26934.66,25.03,-97.78
8000,2.90,30781.29,25.03,-110.57
9000,2.31,34642.41,25.03,-137.85
10000,4.39,38436.08,25.03,-97.68
