episode,epReward,cumReward,cumRegret,empRegret
10,-0.68,5.28,4.67,-0.84
20,-1.08,3.90,8.67,4.99
30,0.65,0.60,13.33,12.73
40,3.35,1.09,18.00,16.69
50,-0.58,7.03,22.44,15.19
60,-1.14,-0.65,26.44,27.32
70,0.34,7.97,30.44,23.14
80,-0.28,14.62,34.89,20.93
90,-1.51,9.58,39.33,30.42
100,-4.71,-5.30,43.78,49.74
200,2.84,-31.38,86.00,120.27
300,0.75,-15.68,128.22,149.02
400,0.40,19.77,172.78,158.01
500,1.44,29.15,216.78,193.08
600,2.84,28.90,261.22,237.77
700,-2.02,5.00,305.22,306.11
800,-0.30,5.12,348.78,350.44
900,-0.05,-13.18,393.00,413.18
1000,-2.39,-23.65,436.56,468.09
2000,-1.31,-28.73,878.33,917.61
3000,-0.99,-82.09,1322.78,1415.42
4000,0.36,-42.64,1767.22,1820.42
5000,-0.46,-4.55,2211.67,2226.77
6000,0.66,48.81,2656.11,2617.86
7000,2.86,124.83,3101.11,2986.28
8000,-3.30,132.95,3545.56,3422.61
9000,0.32,172.93,3990.00,3827.07
10000,-0.68,209.47,4435.00,4234.98
