episode,epReward,cumReward,cumRegret,empRegret
10,0.00,-3.38,4.22,7.82
20,0.30,-2.77,8.89,11.66
30,0.00,3.20,8.89,10.13
40,0.00,6.40,9.89,11.38
50,0.00,11.31,9.89,10.92
60,0.00,13.93,9.89,12.74
70,0.00,19.54,10.56,11.57
80,0.00,27.98,10.56,7.58
90,0.00,31.25,10.56,8.75
100,0.00,33.00,10.56,11.45
200,2.41,73.92,11.56,14.96
300,0.00,118.07,13.56,15.27
400,0.99,154.25,14.56,23.53
500,0.00,195.08,14.56,27.15
600,0.00,236.79,14.56,29.88
700,2.78,278.49,15.56,32.63
800,0.00,331.54,16.22,24.02
900,0.00,383.90,16.22,16.10
1000,2.69,434.79,17.22,9.66
2000,0.00,887.14,17.89,1.75
3000,0.00,1354.92,18.33,-21.59
4000,0.73,1783.03,18.33,-5.26
5000,0.00,2196.23,18.33,26.00
6000,0.00,2615.48,19.00,51.19
7000,0.00,3096.69,19.00,14.42
8000,0.45,3531.52,19.00,24.04
9000,0.00,3993.23,19.00,6.77
10000,1.51,4413.74,19.00,30.70
