episode,epReward,cumReward,cumRegret,empRegret
10,-1.59,5.55,3.11,-1.11
20,0.59,7.81,7.11,1.08
30,-0.74,7.37,10.67,5.96
40,1.19,5.82,14.22,11.96
50,3.22,9.87,18.89,12.35
60,-0.49,8.78,22.00,17.88
70,-1.31,17.72,26.44,13.39
80,1.64,26.17,30.44,9.38
90,-0.78,25.87,34.44,14.13
100,1.91,24.27,38.78,20.17
200,0.70,20.73,82.89,68.16
300,1.22,31.18,126.33,102.16
400,-4.37,8.37,170.56,169.41
500,1.17,-12.09,214.11,234.31
600,-0.19,-1.42,256.56,268.09
700,-0.62,-7.56,301.11,318.67
800,3.45,-6.83,345.67,362.38
900,0.89,3.58,390.11,396.42
1000,-1.16,-28.85,434.56,473.30
2000,1.22,21.77,879.56,867.12
3000,1.46,76.51,1323.56,1256.82
4000,-1.77,30.09,1768.56,1747.68
5000,0.92,38.78,2213.00,2183.45
6000,-2.42,82.91,2657.00,2583.76
7000,-2.64,197.69,3101.44,2913.42
8000,0.30,182.86,3545.89,3372.69
9000,-2.17,190.78,3990.44,3809.22
10000,-1.76,115.97,4434.89,4328.47
