episode,epReward,cumReward,cumRegret,empRegret
10,-1.72,6.57,11.96,11.95
20,3.29,30.70,11.96,6.33
30,1.50,44.82,15.18,10.73
40,3.14,66.32,16.91,7.74
50,6.08,94.81,20.12,-2.23
60,4.77,121.56,21.60,-10.46
70,1.29,140.35,23.34,-10.74
80,2.80,154.04,26.55,-5.91
90,-1.03,161.54,29.15,5.10
100,4.07,183.45,31.75,1.70
200,2.07,346.18,64.43,24.14
300,0.53,527.53,100.83,27.95
400,-2.25,686.26,141.56,54.37
500,1.55,816.55,184.29,109.24
600,1.03,983.32,226.42,127.62
700,1.83,1124.13,266.54,171.97
800,1.42,1276.47,303.81,204.79
900,2.65,1411.37,339.34,255.05
1000,0.63,1544.51,378.35,307.06
2000,-1.34,2923.43,762.28,779.71
3000,1.71,4341.73,1158.35,1212.98
4000,1.82,5739.14,1530.16,1667.15
5000,1.77,7197.09,1913.23,2060.77
6000,1.95,8720.73,2284.17,2388.70
7000,-1.59,10210.14,2649.04,2750.86
8000,2.24,11738.83,3050.31,3073.74
9000,1.34,13189.22,3423.85,3474.93
10000,-1.02,14531.89,3824.25,3983.82
