episode,epReward,cumReward,cumRegret,empRegret
10,4.79,46.70,0.00,-1.21
20,5.34,94.94,0.00,-3.96
30,7.47,148.07,1.67,-11.60
40,3.90,195.66,4.90,-13.70
50,2.81,232.36,9.80,-4.90
60,2.10,272.15,9.80,0.79
70,6.45,318.98,14.20,-0.55
80,3.97,356.16,17.55,7.76
90,5.83,400.79,17.55,8.62
100,5.27,440.66,17.55,14.25
200,5.47,871.22,29.26,38.58
300,3.97,1323.68,33.57,41.04
400,3.48,1789.56,40.29,30.06
500,4.07,2243.39,40.29,31.13
600,2.96,2676.59,40.29,52.83
700,2.23,3125.55,40.29,58.78
800,5.73,3592.75,40.29,46.49
900,4.61,4058.81,40.29,35.33
1000,5.59,4494.30,40.29,54.74
2000,4.01,8983.09,41.97,115.00
3000,4.13,13521.63,46.28,125.51
4000,2.17,18085.06,46.28,111.13
5000,7.09,22609.24,46.28,135.99
6000,3.96,27182.90,46.28,111.37
7000,2.22,31702.75,46.28,140.57
8000,3.51,36176.82,46.28,215.55
9000,4.84,40762.24,46.28,179.17
10000,5.85,45436.42,46.28,54.04
