episode,epReward,cumReward,cumRegret,empRegret
10,1.48,-0.35,3.65,5.67
20,0.32,-10.08,7.18,20.73
30,1.61,-4.89,7.18,20.86
40,1.37,-1.46,7.18,22.76
50,-0.98,-0.99,7.18,27.61
60,-0.84,1.74,7.18,30.21
70,-0.95,2.46,11.35,34.81
80,1.43,0.49,15.11,42.11
90,-3.08,4.09,15.11,43.83
100,-0.95,10.89,15.11,42.36
200,0.06,79.87,16.36,26.62
300,0.65,130.38,17.61,29.35
400,3.94,156.18,17.61,56.80
500,-0.17,191.38,17.61,74.85
600,2.10,247.03,17.61,72.45
700,0.74,336.95,17.61,35.77
800,2.08,386.64,17.61,39.32
900,3.28,476.26,17.61,2.95
1000,1.20,506.18,17.61,26.28
2000,0.33,1004.28,21.78,60.64
3000,-0.46,1533.95,23.67,63.42
4000,2.19,2038.73,23.67,91.10
5000,-0.44,2555.89,23.67,106.41
6000,-0.01,3031.86,23.67,162.88
7000,0.62,3607.80,24.92,119.41
8000,1.23,4112.99,25.96,146.67
9000,3.81,4749.59,25.96,42.53
10000,-0.82,5306.21,27.21,18.37
