episode,epReward,cumReward,cumRegret,empRegret
10,1.72,5.03,3.78,-0.58
20,0.00,3.94,8.33,4.94
30,0.51,4.64,12.78,8.70
40,-2.24,-5.13,17.22,22.91
50,0.57,2.63,21.67,19.60
60,1.77,2.66,25.67,24.01
70,-1.52,-4.40,30.11,35.51
80,2.64,-1.01,32.78,36.56
90,-2.40,2.95,36.33,37.05
100,-2.40,-1.90,40.56,46.34
200,2.38,-9.87,81.00,98.76
300,-0.20,-1.17,124.11,134.51
400,0.98,20.74,167.67,157.04
500,1.94,51.54,210.33,170.68
600,0.69,29.15,255.00,237.51
700,-1.71,39.99,299.00,271.12
800,-1.83,15.55,344.00,340.01
900,1.18,23.66,389.00,376.34
1000,0.64,31.38,433.44,413.06
2000,0.23,-59.65,877.00,948.54
3000,0.45,-94.98,1321.44,1428.31
4000,-0.28,-192.32,1766.44,1970.10
5000,-0.93,-217.09,2210.44,2439.31
6000,-1.54,-140.07,2655.11,2806.74
7000,1.47,-158.41,3099.11,3269.52
8000,-1.12,-146.87,3543.56,3702.42
9000,-0.88,-151.45,3988.00,4151.45
10000,1.22,-160.52,4432.44,4604.96
