episode,epReward,cumReward,cumRegret,empRegret
10,0.00,-3.86,2.33,8.30
20,2.27,0.14,5.00,8.75
30,0.00,3.25,5.67,10.08
40,1.43,6.19,7.33,11.59
50,1.63,12.36,8.00,9.87
60,0.00,14.70,8.00,11.97
70,0.00,18.84,8.00,12.27
80,0.00,19.41,8.67,16.15
90,0.00,23.89,8.67,16.11
100,0.00,31.58,8.67,12.87
200,0.00,74.70,10.33,14.19
300,0.00,106.90,12.00,26.43
400,1.67,146.28,12.44,31.49
500,1.39,187.54,13.11,34.68
600,1.32,234.78,14.11,31.88
700,1.54,268.35,14.11,42.76
800,0.00,311.44,14.11,44.11
900,-0.54,347.33,14.11,52.67
1000,0.01,390.99,14.56,53.46
2000,0.00,854.19,16.56,34.70
3000,0.00,1340.15,16.56,-6.82
4000,2.11,1755.69,16.56,22.08
5000,1.03,2184.63,16.56,37.59
6000,0.00,2633.72,17.22,32.94
7000,0.00,3078.30,17.22,32.81
8000,0.00,3510.11,17.22,45.45
9000,0.59,3890.76,17.22,109.24
10000,0.90,4365.10,17.22,79.34
