episode,epReward,cumReward,cumRegret,empRegret
10,-1.56,-6.67,2.59,8.26
20,-4.87,-6.13,3.50,9.31
30,2.24,-5.92,4.29,10.69
40,0.66,-3.55,4.74,9.91
50,-0.26,-12.11,5.20,20.06
60,-2.98,-10.19,5.20,19.73
70,-2.93,-5.96,5.20,17.08
80,-2.81,-4.75,5.20,17.47
90,1.57,-2.08,6.11,16.38
100,-0.28,-2.62,8.30,18.51
200,-0.15,8.91,15.47,22.88
300,-2.35,30.74,18.75,16.94
400,-1.64,34.65,18.75,28.93
500,-0.12,29.87,18.75,49.61
600,-0.11,56.04,18.75,39.33
700,-0.44,73.33,18.75,37.94
800,2.74,89.20,18.75,37.96
900,0.15,82.93,18.75,60.12
1000,-0.41,48.34,18.75,110.61
2000,1.81,267.22,18.75,50.68
3000,0.10,490.57,19.20,-13.72
4000,-0.57,657.48,20.45,-21.68
5000,-1.02,950.17,22.15,-155.42
6000,3.10,1120.93,22.94,-167.23
7000,-1.17,1217.00,23.39,-104.35
8000,-1.68,1397.13,23.39,-125.53
9000,0.71,1636.46,25.59,-205.91
10000,-0.58,1780.86,25.59,-191.36
