episode,epReward,cumReward,cumRegret,empRegret
10,0.00,-4.88,2.67,9.32
20,0.00,-4.88,5.00,13.77
30,0.00,-4.88,9.67,18.21
40,0.00,-2.55,12.33,20.33
50,0.00,-1.74,14.67,23.96
60,0.00,5.44,16.00,21.23
70,1.23,8.27,16.67,22.84
80,2.58,10.84,17.33,24.71
90,0.00,15.09,17.33,24.91
100,0.00,16.05,17.33,28.39
200,0.00,44.07,28.67,44.82
300,0.00,88.38,30.00,44.95
400,0.00,134.05,30.00,43.73
500,2.25,187.82,30.00,34.40
600,1.63,227.46,30.44,39.20
700,0.00,281.23,30.44,29.88
800,0.00,317.23,30.44,38.33
900,0.00,344.88,30.44,55.12
1000,0.00,382.54,31.44,61.90
2000,0.00,864.35,32.44,24.54
3000,1.02,1333.92,34.44,-0.59
4000,2.72,1811.31,34.44,-33.53
5000,0.64,2273.79,34.44,-51.57
6000,0.13,2670.33,34.44,-3.66
7000,0.00,3155.00,34.44,-43.88
8000,1.44,3584.86,34.44,-29.31
9000,0.00,4044.27,34.44,-44.27
10000,0.00,4485.94,34.44,-41.50
