episode,epReward,cumReward,cumRegret,empRegret
10,2.14,18.70,1.70,5.73
20,5.57,37.57,3.16,11.30
30,-0.45,53.19,3.51,20.11
40,0.89,74.19,4.03,23.54
50,4.27,90.58,4.57,31.58
60,4.47,118.47,5.00,28.13
70,3.14,143.94,5.52,27.09
80,1.37,161.48,6.06,33.98
90,3.01,175.30,7.60,44.60
100,1.78,205.27,8.90,39.06
200,2.14,442.88,16.26,45.78
300,3.68,697.24,19.15,35.74
400,3.58,906.41,21.45,70.90
500,4.92,1159.87,22.34,61.77
600,3.56,1383.40,23.50,82.57
700,2.49,1634.38,26.09,75.92
800,2.64,1837.55,28.35,117.07
900,6.03,2087.28,29.24,111.67
1000,4.26,2348.06,31.57,95.21
2000,0.19,4713.01,41.97,173.55
3000,0.91,7143.23,52.18,186.60
4000,1.83,9562.95,64.65,210.16
5000,3.00,12097.16,74.84,119.23
6000,3.35,14546.15,83.53,113.51
7000,5.14,16963.36,92.27,139.58
8000,0.17,19397.47,101.23,148.75
9000,3.19,21849.21,110.02,140.28
10000,6.30,24306.72,118.37,126.05
