episode,epReward,cumReward,cumRegret,empRegret
10,-0.59,-2.14,12.23,14.09
20,-1.00,3.16,18.11,20.73
30,-1.99,6.94,24.58,28.90
40,2.27,27.47,30.66,20.32
50,0.50,29.98,36.15,29.76
60,0.34,39.69,41.35,32.00
70,-0.21,40.07,46.90,43.57
80,0.48,42.00,53.84,53.59
90,1.03,43.06,58.47,64.47
100,-0.25,55.64,60.60,63.84
200,3.89,129.98,97.56,108.98
300,0.63,283.78,101.98,74.65
400,3.12,389.99,105.68,87.93
500,2.95,505.82,110.85,91.58
600,0.53,637.94,116.47,78.93
700,1.70,755.45,120.85,80.91
800,-1.33,826.58,125.91,129.25
900,1.86,929.55,131.11,145.77
1000,-0.24,1071.64,135.22,123.15
2000,2.88,2060.73,181.27,328.85
3000,2.65,3142.07,228.22,442.30
4000,4.03,4337.14,274.60,442.02
5000,0.40,5457.43,322.64,516.52
6000,1.32,6618.17,366.17,550.58
7000,2.32,7746.24,411.33,617.30
8000,-0.63,8921.72,457.73,636.61
9000,2.80,10091.38,500.96,661.74
10000,1.91,11197.20,548.73,750.72
