episode,epReward,cumReward,cumRegret,empRegret
10,-1.33,1.79,3.33,2.65
20,-2.11,-0.61,7.11,9.49
30,0.97,9.54,11.11,3.79
40,1.02,8.33,15.89,9.45
50,1.46,9.74,19.89,12.48
60,-2.50,7.65,25.89,19.02
70,-3.47,3.95,29.44,27.16
80,0.66,7.68,33.44,27.88
90,0.27,8.44,37.00,31.56
100,2.39,4.40,41.00,40.04
200,1.10,-2.95,84.67,91.84
300,-0.32,-5.65,128.78,138.98
400,-0.43,-11.38,172.56,189.16
500,-1.64,-37.54,217.00,259.76
600,-2.74,-28.93,261.56,295.60
700,-3.47,-59.11,306.00,370.22
800,1.30,-33.88,350.00,389.44
900,-2.05,-65.80,394.00,465.80
1000,0.66,-33.01,438.44,477.46
2000,-2.07,38.79,881.56,850.10
3000,0.95,78.31,1326.11,1255.02
4000,1.76,52.94,1770.67,1724.84
5000,-0.33,12.84,2215.11,2209.38
6000,-2.16,-10.58,2659.56,2677.24
7000,-1.16,13.50,3104.56,3097.61
8000,-0.37,-38.53,3549.00,3594.08
9000,-2.27,8.22,3993.00,3991.78
10000,2.20,65.53,4437.44,4378.91
