episode,epReward,cumReward,cumRegret,empRegret
10,-1.67,2.09,6.99,4.95
20,0.63,-13.51,23.98,27.58
30,1.99,-4.99,35.96,26.09
40,3.31,-17.70,56.18,45.83
50,-3.93,-25.75,73.66,60.92
60,1.28,-29.03,85.15,71.24
70,1.76,-39.16,101.12,88.40
80,-2.27,-51.77,121.59,108.05
90,-1.60,-52.64,134.57,115.95
100,-3.89,-68.41,150.55,138.75
200,-4.28,-167.28,296.16,307.97
300,-3.17,-294.55,451.44,505.59
400,0.57,-381.57,612.71,662.95
500,0.03,-444.22,765.00,795.94
600,-0.46,-544.41,921.77,966.48
700,-0.51,-572.67,1059.10,1065.09
800,-5.65,-647.03,1203.90,1209.80
900,-1.68,-746.50,1352.50,1379.61
1000,-0.57,-813.49,1495.81,1516.95
2000,-5.48,-1695.02,2985.57,3101.94
3000,0.41,-2553.95,4518.92,4664.32
4000,-4.60,-3352.13,6056.76,6165.96
5000,1.39,-4113.89,7537.73,7631.18
6000,-6.19,-4907.39,9041.14,9128.14
7000,2.96,-5727.85,10528.10,10652.05
8000,-2.42,-6583.07,12040.50,12210.73
9000,-2.56,-7304.92,13524.46,13636.05
10000,2.63,-8094.79,14997.94,15129.37
