episode,epReward,cumReward,cumRegret,empRegret
10,1.02,1.03,4.33,3.41
20,0.00,0.76,8.56,8.13
30,2.98,2.83,12.22,10.50
40,-1.32,1.98,12.89,15.80
50,1.11,5.31,14.67,16.92
60,1.47,13.91,14.67,12.76
70,-1.18,21.30,16.33,9.81
80,0.10,27.24,16.33,8.31
90,-0.49,34.00,16.33,6.00
100,0.20,39.61,17.33,4.84
200,0.67,82.83,18.33,6.06
300,-0.51,131.97,20.33,1.36
400,1.64,181.66,21.33,-3.88
500,-0.19,215.33,21.33,6.90
600,1.45,253.53,21.33,13.13
700,0.45,266.72,21.33,44.39
800,1.46,322.70,21.33,32.85
900,0.45,362.58,21.33,37.42
1000,1.52,416.87,21.33,27.57
2000,-0.70,853.49,22.67,35.40
3000,-0.71,1304.46,22.67,28.87
4000,0.75,1663.66,22.67,114.12
5000,-0.71,2084.16,22.67,138.06
6000,-1.30,2455.95,22.67,210.71
7000,-0.52,2890.33,22.67,220.78
8000,1.08,3300.42,22.67,255.14
9000,1.18,3749.13,22.67,250.87
10000,3.64,4271.52,22.67,172.92
