episode,epReward,cumReward,cumRegret,empRegret
10,-2.26,0.59,5.22,3.85
20,0.53,5.89,7.67,2.99
30,1.46,11.80,9.22,1.53
40,0.99,19.99,9.67,-2.21
50,0.84,23.12,9.67,-0.90
60,0.25,28.11,10.11,-1.44
70,-1.65,32.46,10.78,-1.35
80,-1.35,31.10,10.78,4.45
90,1.90,32.26,10.78,7.74
100,2.31,35.01,11.44,9.43
200,0.24,86.72,11.44,2.17
300,-0.78,125.87,12.44,7.47
400,2.09,184.33,13.44,-6.55
500,-0.56,221.75,13.44,0.48
600,0.10,265.37,14.44,1.30
700,2.71,313.42,14.44,-2.31
800,1.17,366.84,14.44,-11.28
900,0.48,388.97,14.44,11.03
1000,-0.20,447.01,14.44,-2.56
2000,0.16,945.60,16.78,-56.72
3000,-0.81,1351.77,16.78,-18.44
4000,-0.36,1794.80,17.78,-17.02
5000,-1.21,2266.62,17.78,-44.40
6000,0.48,2655.69,17.78,10.98
7000,-2.58,2992.11,18.78,119.00
8000,-0.20,3327.12,18.78,228.44
9000,0.05,3737.04,18.78,262.96
10000,-0.47,4156.23,18.78,288.21
