episode,epReward,cumReward,cumRegret,empRegret
10,0.09,-6.34,6.87,15.10
20,-1.84,0.15,9.34,17.37
30,-3.01,12.39,11.80,13.89
40,3.51,26.29,11.80,8.75
50,1.04,31.87,13.83,11.93
60,1.46,49.16,13.83,3.41
70,2.16,54.33,15.47,6.99
80,3.07,69.21,15.47,0.87
90,2.07,86.00,17.12,-7.16
100,0.56,93.99,19.58,-6.39
200,1.13,175.81,38.05,-0.60
300,0.58,226.32,46.27,36.49
400,3.29,317.91,51.21,32.50
500,-0.81,401.49,54.88,36.51
600,-2.27,453.62,56.52,71.99
700,0.22,501.11,58.17,112.10
800,-0.52,585.01,58.17,115.80
900,-0.62,657.64,58.17,130.77
1000,0.87,735.07,59.81,140.95
2000,1.05,1623.84,64.74,128.19
3000,0.02,2468.10,64.74,159.94
4000,-0.22,3265.15,64.74,238.90
5000,-0.60,4183.38,64.74,196.68
6000,0.37,4946.44,64.74,309.64
7000,0.01,5856.39,66.77,275.70
8000,0.88,6773.93,66.77,234.18
9000,0.87,7623.35,68.42,260.77
10000,1.33,8511.85,70.06,248.28
