episode,epReward,cumReward,cumRegret,empRegret
10,1.71,2.62,4.11,1.83
20,0.67,-1.35,8.67,10.24
30,1.91,5.22,12.00,8.12
40,2.87,13.87,13.56,3.91
50,-0.17,19.60,13.56,2.62
60,0.81,22.78,14.00,3.88
70,-0.41,28.47,14.00,2.65
80,0.65,37.58,14.00,-2.02
90,-0.99,40.12,15.11,-0.12
100,-2.78,40.57,15.56,3.87
200,-1.10,62.48,15.56,26.41
300,0.85,92.80,15.56,40.53
400,1.45,149.13,16.56,28.64
500,-1.18,213.91,16.56,8.31
600,0.27,241.33,16.56,25.34
700,0.47,269.75,16.56,41.36
800,2.96,326.98,16.56,28.57
900,-0.15,388.84,16.56,11.16
1000,-0.40,446.45,16.56,-2.01
2000,0.24,890.22,18.22,-1.33
3000,2.46,1370.02,18.22,-36.69
4000,0.88,1796.92,18.22,-19.14
5000,0.99,2224.61,18.89,-2.39
6000,1.13,2685.46,18.89,-18.79
7000,0.46,3185.05,20.22,-73.94
8000,1.97,3655.00,20.22,-99.44
9000,1.05,4098.51,20.22,-98.51
10000,2.09,4523.47,20.22,-79.03
