episode,epReward,cumReward,cumRegret,empRegret
10,0.00,-2.25,3.56,6.70
20,0.00,-2.96,5.89,11.85
30,1.76,-0.57,7.56,13.90
40,0.00,0.35,7.56,17.43
50,0.00,3.67,9.56,18.56
60,0.25,8.40,9.56,18.26
70,2.00,11.70,10.22,19.41
80,0.00,15.47,10.22,20.08
90,0.00,19.55,10.22,20.45
100,0.00,22.72,11.22,21.72
200,-0.36,57.47,16.78,31.42
300,0.00,90.92,17.78,42.41
400,0.00,129.75,17.78,48.02
500,0.00,175.17,17.78,47.05
600,0.91,228.85,17.78,37.82
700,0.00,273.07,17.78,38.04
800,0.00,334.94,17.78,20.62
900,0.00,384.62,18.22,15.38
1000,0.28,423.31,18.22,21.13
2000,0.00,882.89,18.22,6.00
3000,3.59,1325.62,18.22,7.71
4000,0.00,1769.07,18.89,8.71
5000,0.00,2207.19,18.89,15.03
6000,0.00,2667.03,18.89,-0.37
7000,0.00,3142.17,18.89,-31.06
8000,0.00,3573.97,18.89,-18.41
9000,0.00,3987.00,19.56,13.00
10000,0.00,4413.45,19.56,31.00
