episode,epReward,cumReward,cumRegret,empRegret
10,0.83,-28.13,16.47,27.58
20,-0.38,-36.64,21.44,35.54
30,0.45,-41.55,24.40,39.89
40,-2.02,-48.92,29.66,46.71
50,-2.05,-57.41,33.82,54.65
60,0.29,-70.80,36.77,67.48
70,0.29,-75.80,41.39,71.93
80,-2.70,-73.80,47.43,69.38
90,-0.86,-82.37,51.37,77.39
100,0.13,-82.38,55.65,76.85
200,3.70,-98.45,97.82,87.39
300,1.29,-147.86,133.48,131.28
400,-3.36,-192.07,170.52,169.96
500,-1.22,-223.71,211.96,196.06
600,3.30,-267.76,254.14,234.59
700,-0.81,-337.84,292.99,299.14
800,0.33,-379.75,337.05,335.52
900,-3.37,-463.43,373.51,413.68
1000,-1.31,-528.93,411.07,473.65
2000,-0.33,-893.33,835.89,782.76
3000,-3.07,-1395.62,1235.10,1229.78
4000,-0.23,-1726.91,1675.72,1505.78
5000,-3.34,-2141.51,2114.62,1865.10
6000,-2.37,-2546.81,2536.13,2215.11
7000,1.20,-2930.56,2966.20,2543.58
8000,3.21,-3348.05,3392.32,2905.79
9000,-0.74,-3828.19,3796.82,3330.64
10000,-2.80,-4371.90,4215.58,3819.07
