episode,epReward,cumReward,cumRegret,empRegret
10,1.22,-1.95,4.00,6.40
20,0.00,0.66,5.78,8.23
30,0.00,0.52,9.44,12.81
40,0.00,-0.33,12.44,18.11
50,0.00,0.50,16.44,21.73
60,0.00,3.19,19.11,23.48
70,0.00,5.93,19.78,25.18
80,0.00,7.24,20.78,28.31
90,0.15,11.20,22.11,28.80
100,0.00,11.20,24.78,33.25
200,2.40,50.31,30.44,38.58
300,0.00,80.00,30.44,53.34
400,-0.13,130.94,30.44,46.84
500,0.00,175.83,30.44,46.39
600,0.00,216.45,30.44,50.21
700,1.92,260.20,30.44,50.91
800,0.00,312.22,30.44,43.33
900,0.00,352.61,30.44,47.39
1000,0.00,399.34,30.44,45.10
2000,0.00,826.56,30.44,62.33
3000,0.00,1303.15,30.44,30.19
4000,2.29,1720.37,30.44,57.41
5000,0.00,2155.24,30.44,66.98
6000,0.00,2621.82,30.44,44.84
7000,1.69,3055.97,30.44,55.14
8000,0.00,3494.11,30.44,61.45
9000,2.18,3934.89,30.44,65.11
10000,0.00,4392.02,30.44,52.42
