episode,epReward,cumReward,cumRegret,empRegret
10,2.32,-15.91,9.04,5.19
20,-1.06,-29.80,13.66,8.34
30,-1.07,-50.86,18.27,18.67
40,-8.59,-66.88,22.90,23.96
50,-0.11,-82.61,28.95,28.96
60,-1.09,-102.20,33.15,37.83
70,-1.71,-118.36,37.76,43.25
80,1.97,-131.90,41.35,46.07
90,-3.68,-148.21,48.37,51.65
100,0.70,-145.83,51.96,38.54
200,2.92,-303.40,92.16,88.82
300,-1.10,-450.60,124.45,128.73
400,0.08,-597.00,162.18,167.84
500,1.53,-731.28,199.30,194.84
600,1.20,-876.14,239.45,232.41
700,-4.09,-992.09,277.77,241.07
800,-2.47,-1138.51,315.49,280.19
900,0.69,-1306.62,359.87,341.02
1000,-2.08,-1460.85,399.42,387.96
2000,-4.78,-2823.84,771.26,678.06
3000,-6.08,-4277.34,1150.34,1058.67
4000,1.88,-5680.07,1524.43,1388.50
5000,-1.46,-7171.18,1909.39,1806.73
6000,-0.77,-8602.49,2292.12,2165.14
7000,-1.98,-9986.18,2671.82,2475.94
8000,-0.30,-11556.23,3061.62,2973.10
9000,-1.62,-12970.78,3428.63,3314.76
10000,-1.03,-14371.57,3801.08,3642.66
