episode,epReward,cumReward,cumRegret,empRegret
10,5.61,44.46,4.35,7.64
20,6.01,103.34,4.35,0.86
30,3.76,151.04,4.35,5.27
40,6.68,196.61,4.35,11.80
50,5.24,246.51,4.35,14.00
60,5.49,302.47,4.35,10.13
70,5.00,347.82,4.35,16.89
80,2.10,402.73,4.35,14.07
90,4.96,453.54,4.35,15.36
100,8.14,502.47,4.35,18.54
200,5.74,1028.87,4.35,13.14
300,3.57,1563.16,4.35,-0.14
400,6.22,2076.00,4.35,8.03
500,5.06,2617.90,4.35,-12.87
600,4.65,3128.44,5.61,-2.40
700,5.85,3647.27,5.61,-0.22
800,4.69,4156.00,5.61,12.05
900,5.31,4693.00,5.61,-3.93
1000,5.41,5207.76,5.61,2.31
2000,5.17,10452.78,8.70,-32.64
3000,5.40,15686.80,8.70,-56.59
4000,4.93,20894.56,9.97,-54.28
5000,5.35,26096.60,9.97,-46.25
6000,2.49,31278.92,9.97,-18.50
7000,5.43,36552.21,11.23,-81.72
8000,5.24,41858.65,14.01,-178.10
9000,5.51,46973.81,15.28,-83.19
10000,9.36,52209.60,15.28,-108.90
