episode,epReward,cumReward,cumRegret,empRegret
10,0.00,0.32,3.78,4.12
20,-1.83,4.25,7.78,4.63
30,1.81,3.55,12.33,9.79
40,-0.22,-2.61,16.00,20.39
50,0.37,0.97,19.56,21.26
60,1.64,9.42,23.56,17.25
70,-1.01,6.91,26.67,24.20
80,-0.85,5.08,29.78,30.47
90,-0.91,8.71,34.44,31.29
100,0.63,9.41,37.11,35.04
200,-0.96,-3.07,77.33,91.96
300,1.14,-20.34,122.33,153.67
400,-0.75,12.59,166.00,165.18
500,0.90,12.71,210.00,209.52
600,-1.20,29.94,255.00,236.73
700,-3.67,19.95,299.56,291.16
800,0.27,31.53,344.00,324.02
900,-0.06,65.52,388.44,334.48
1000,2.41,45.32,432.89,399.13
2000,-1.01,89.56,877.33,799.33
3000,-0.18,110.97,1321.78,1222.37
4000,0.90,129.61,1766.22,1648.17
5000,-0.68,191.05,2210.67,2031.17
6000,0.04,255.31,2655.11,2411.36
7000,1.71,139.72,3099.56,2971.39
8000,0.58,212.79,3544.00,3342.76
9000,-0.96,259.77,3988.44,3740.23
10000,-0.02,186.02,4432.89,4258.42
