episode,epReward,cumReward,cumRegret,empRegret
10,0.59,7.97,3.56,-3.52
20,0.77,10.11,7.56,-1.22
30,0.15,1.25,12.00,12.08
40,-0.42,-5.42,16.00,23.20
50,1.36,-3.18,21.00,25.40
60,-0.19,-9.02,25.67,35.69
70,-0.61,-11.02,30.11,42.13
80,0.00,-17.42,34.67,52.97
90,0.21,-23.92,39.11,63.92
100,0.07,-32.79,43.11,77.23
200,1.07,-51.05,87.11,139.94
300,1.33,-53.33,126.89,186.66
400,-0.34,-44.89,170.00,222.67
500,-2.89,-59.31,214.44,281.54
600,0.20,-38.66,258.89,305.32
700,-1.36,-37.90,303.33,349.02
800,0.52,-39.35,347.78,394.90
900,-1.96,-44.42,392.22,444.42
1000,-2.28,-48.14,436.67,492.59
2000,1.70,-111.93,881.67,1000.81
3000,0.61,-172.89,1326.11,1506.22
4000,-1.10,-110.03,1770.56,1887.80
5000,-1.32,-156.36,2215.56,2378.58
6000,-0.84,-92.90,2660.00,2759.56
7000,2.54,-73.22,3104.44,3184.33
8000,0.46,-139.60,3548.44,3695.15
9000,0.70,-32.18,3992.89,4032.18
10000,-0.48,30.20,4437.33,4414.25
