episode,epReward,cumReward,cumRegret,empRegret
10,0.00,-5.52,3.89,9.97
20,0.00,-0.56,7.67,9.45
30,0.00,0.70,7.67,12.63
40,0.00,9.35,8.33,8.43
50,-1.41,11.84,8.33,10.39
60,0.00,15.05,8.33,11.62
70,0.09,16.23,8.33,14.89
80,0.00,20.26,8.33,15.29
90,0.00,21.80,9.33,18.20
100,0.00,26.33,9.33,18.11
200,0.00,67.60,11.00,21.29
300,0.86,122.36,11.67,10.97
400,0.00,183.54,11.67,-5.76
500,0.00,231.24,11.67,-9.02
600,-0.16,281.77,11.67,-15.10
700,3.92,329.34,11.67,-18.23
800,0.00,381.27,11.67,-25.71
900,1.69,431.55,12.33,-31.55
1000,0.00,481.25,12.33,-36.80
2000,0.00,890.06,14.00,-1.17
3000,0.00,1296.80,14.67,36.53
4000,0.00,1720.50,15.11,57.28
5000,2.09,2183.41,15.78,38.81
6000,0.00,2646.22,17.22,20.45
7000,0.00,3081.74,17.22,29.38
8000,1.89,3526.41,17.22,29.14
9000,0.00,4003.50,18.22,-3.50
10000,0.00,4448.17,18.22,-3.72
