episode,epReward,cumReward,cumRegret,empRegret
10,-1.20,-0.19,3.67,4.64
20,0.42,11.08,5.89,-2.19
30,0.02,14.77,7.00,-1.44
40,0.05,15.30,7.67,2.47
50,0.50,18.04,9.00,4.19
60,2.88,23.29,9.00,3.37
70,0.00,26.29,10.67,4.82
80,0.00,34.87,11.67,0.69
90,1.08,41.56,11.67,-1.56
100,1.55,50.42,11.67,-5.98
200,-0.07,94.32,14.00,-5.43
300,-1.86,145.53,14.00,-12.20
400,-0.24,170.45,14.00,7.32
500,1.17,208.91,14.00,13.31
600,0.25,250.30,15.00,16.37
700,0.18,310.67,16.00,0.44
800,0.47,350.58,16.00,4.97
900,-0.09,411.63,16.67,-11.63
1000,-1.26,469.76,16.67,-25.32
2000,0.37,953.20,17.33,-64.31
3000,-2.68,1466.90,18.00,-133.57
4000,0.57,1874.14,18.00,-96.36
5000,2.63,2319.24,19.00,-97.02
6000,2.88,2793.20,19.00,-126.53
7000,0.57,3228.35,19.67,-117.24
8000,-0.72,3668.93,20.67,-113.37
9000,0.52,4173.80,21.67,-173.80
10000,0.56,4541.36,21.67,-96.91
