episode,epReward,cumReward,cumRegret,empRegret
10,-1.09,23.34,10.19,12.84
20,4.87,65.48,10.19,6.88
30,0.25,99.18,10.19,9.37
40,4.72,130.54,10.19,14.19
50,1.97,165.22,10.19,15.69
60,2.81,195.05,10.19,22.04
70,4.34,237.51,10.19,15.77
80,1.02,274.17,10.19,15.29
90,3.95,307.87,10.19,17.77
100,3.04,342.41,10.19,19.41
200,3.74,694.12,10.19,29.52
300,3.81,1041.15,10.19,44.32
400,1.38,1405.75,10.19,41.53
500,3.19,1740.20,10.19,68.90
600,2.31,2095.87,10.19,75.06
700,1.94,2467.84,12.76,64.91
800,2.20,2832.74,14.72,61.82
900,1.69,3194.98,14.72,61.41
1000,3.83,3581.39,14.72,36.82
2000,2.37,7176.80,16.68,59.62
3000,5.38,10741.29,21.21,113.34
4000,4.30,14256.33,21.21,216.51
5000,1.43,17911.15,21.21,179.90
6000,6.10,21544.50,21.21,164.75
7000,2.40,25213.36,21.21,114.10
8000,4.72,28785.86,21.21,159.81
9000,3.75,32348.85,21.21,215.03
10000,5.85,35968.67,21.21,213.42
