episode,epReward,cumReward,cumRegret,empRegret
10,0.76,1.00,3.33,3.44
20,-0.58,-0.17,7.78,9.06
30,1.52,-1.84,12.56,15.17
40,-5.11,-12.03,15.67,29.81
50,-0.63,-11.57,19.89,33.79
60,-3.56,-11.89,23.89,38.55
70,-1.72,-10.91,28.33,42.02
80,3.02,-6.41,32.33,41.96
90,0.70,-13.21,36.33,53.21
100,-0.15,-14.03,40.44,58.47
200,-0.92,21.48,53.44,67.41
300,0.40,65.62,56.89,67.71
400,1.82,109.84,57.56,67.94
500,-1.24,139.95,57.56,82.28
600,1.11,181.78,57.56,84.88
700,0.26,215.68,58.56,95.43
800,0.21,259.74,58.56,95.81
900,-1.67,303.03,58.56,96.97
1000,-0.98,358.05,58.56,86.39
2000,-1.68,755.37,60.89,133.52
3000,-0.23,1211.96,61.89,121.38
4000,1.43,1697.54,62.89,80.24
5000,-1.17,2121.21,62.89,101.01
6000,0.67,2617.92,62.89,48.74
7000,-0.16,2995.65,62.89,115.46
8000,-0.84,3417.54,62.89,138.02
9000,1.19,3953.38,62.89,46.62
10000,1.01,4361.83,62.89,82.62
