episode,epReward,cumReward,cumRegret,empRegret
10,-2.02,4.85,3.33,-0.41
20,0.76,2.37,6.89,6.52
30,-0.31,1.01,12.00,12.32
40,2.02,5.64,14.89,12.14
50,0.87,2.76,19.22,19.46
60,0.00,11.38,22.44,15.29
70,0.64,14.34,26.44,16.77
80,-0.97,14.96,30.78,20.59
90,-0.58,16.72,33.67,23.28
100,0.65,16.30,35.00,28.14
200,0.54,4.19,73.22,84.69
300,-0.94,12.56,109.33,120.78
400,1.17,18.91,147.33,158.87
500,0.47,24.85,181.00,197.37
600,-0.63,41.18,215.89,225.49
700,-0.12,58.89,255.22,252.22
800,1.67,64.12,292.89,291.43
900,2.25,49.48,334.00,350.52
1000,1.11,47.05,372.22,397.39
2000,-1.75,96.63,768.33,792.26
3000,2.08,129.26,1161.89,1204.07
4000,-1.36,174.72,1535.22,1603.06
5000,-0.21,252.69,1914.89,1969.54
6000,0.48,240.43,2305.78,2426.24
7000,-1.87,316.59,2696.89,2794.52
8000,0.00,359.60,3091.22,3195.96
9000,2.17,348.87,3482.22,3651.13
10000,0.00,417.46,3865.89,4026.98
