episode,epReward,cumReward,cumRegret,empRegret
10,-1.80,3.74,4.11,0.70
20,-1.78,6.00,7.56,2.89
30,-0.53,3.31,13.00,10.02
40,1.60,5.47,17.00,12.30
50,0.00,8.41,22.22,13.81
60,0.13,7.98,25.89,18.69
70,1.84,18.10,29.44,13.01
80,0.00,20.55,33.44,15.01
90,0.00,17.20,37.44,22.80
100,0.84,18.67,41.89,25.78
200,0.17,30.39,78.78,58.49
300,0.58,40.23,120.11,93.11
400,-0.27,50.77,164.89,127.01
500,0.36,77.12,202.78,145.10
600,-0.63,87.44,237.22,179.23
700,2.27,97.88,278.67,213.23
800,-0.89,106.13,314.33,249.43
900,0.23,103.43,355.11,296.57
1000,0.00,126.89,392.78,317.55
2000,1.93,165.52,786.33,723.37
3000,1.08,223.75,1173.11,1109.58
4000,-0.20,295.80,1555.33,1481.98
5000,0.60,368.37,1945.89,1853.85
6000,0.00,361.79,2358.22,2304.88
7000,0.01,416.14,2760.67,2694.97
8000,2.39,401.27,3138.44,3154.28
9000,2.81,462.54,3535.22,3537.46
10000,-0.93,478.40,3925.00,3966.05
