episode,epReward,cumReward,cumRegret,empRegret
10,-0.51,-4.51,5.00,8.95
20,0.03,-2.96,7.22,11.85
30,-1.38,-1.39,10.44,14.73
40,0.00,-4.25,12.67,22.03
50,0.35,-5.98,16.22,28.20
60,0.00,-4.03,20.00,30.70
70,0.00,-1.66,25.11,32.77
80,-1.45,-2.46,28.67,38.02
90,1.12,2.66,33.89,37.34
100,2.97,0.52,39.22,43.92
200,0.00,-2.64,75.67,91.52
300,-0.73,8.16,114.22,125.17
400,0.41,8.00,155.78,169.78
500,0.29,18.91,197.33,203.31
600,2.16,28.30,234.78,238.37
700,-0.11,46.39,272.00,264.72
800,0.35,45.67,307.11,309.88
900,0.03,50.86,348.11,349.14
1000,-0.59,46.45,389.33,397.99
2000,-2.04,102.85,784.56,786.04
3000,0.26,172.43,1178.11,1160.91
4000,0.76,255.84,1553.44,1521.94
5000,1.98,344.23,1943.00,1877.99
6000,-1.00,344.93,2336.44,2321.73
7000,0.00,378.65,2733.78,2732.46
8000,0.80,388.82,3131.67,3166.74
9000,0.00,439.92,3522.78,3560.08
10000,-0.46,492.05,3904.67,3952.40
