episode,epReward,cumReward,cumRegret,empRegret
10,0.95,1.41,4.11,3.04
20,-2.19,3.18,7.89,5.71
30,-1.20,4.00,11.22,9.33
40,0.34,0.36,14.56,17.42
50,0.93,3.54,17.89,18.68
60,0.00,0.59,20.78,26.08
70,0.21,6.32,26.44,24.79
80,0.00,8.90,32.44,26.65
90,0.00,5.86,37.56,34.14
100,0.66,17.07,42.33,27.38
200,0.64,16.49,79.00,72.40
300,-0.20,-0.29,120.67,133.63
400,-0.58,-13.84,151.67,191.62
500,0.00,-30.11,194.22,252.34
600,-0.20,-17.36,232.56,284.03
700,-0.66,-14.49,272.78,325.60
800,0.00,-8.64,312.78,364.20
900,-1.12,-8.51,346.11,408.51
1000,0.88,-9.73,387.67,454.17
2000,0.00,7.90,768.78,880.98
3000,-0.20,45.83,1160.33,1287.51
4000,0.14,102.33,1556.44,1675.45
5000,0.00,187.91,1936.67,2034.31
6000,0.00,225.69,2324.33,2440.98
7000,-0.63,263.03,2731.89,2848.08
8000,1.41,336.63,3095.89,3218.93
9000,0.53,370.18,3485.22,3629.82
10000,0.00,297.30,3874.33,4147.14
