episode,epReward,cumReward,cumRegret,empRegret
10,0.00,6.24,5.00,-1.80
20,1.05,4.61,8.78,4.28
30,0.18,6.11,12.22,7.23
40,0.01,10.18,14.89,7.60
50,-0.06,14.61,19.89,7.61
60,-0.79,16.63,24.44,10.04
70,0.28,15.40,27.56,15.71
80,0.00,9.27,31.78,26.29
90,-0.59,8.74,36.89,31.26
100,-1.16,8.97,42.78,35.48
200,2.72,1.95,78.56,86.94
300,1.49,2.09,115.00,131.24
400,0.45,8.02,154.56,169.76
500,-1.64,31.86,193.44,190.37
600,-0.74,47.21,229.22,219.46
700,-1.77,66.63,267.67,244.48
800,0.00,65.94,309.89,289.62
900,-1.09,74.05,345.11,325.95
1000,-1.14,90.78,385.78,353.67
2000,-1.51,119.40,778.33,769.49
3000,0.19,216.90,1169.11,1116.43
4000,0.00,269.93,1570.78,1507.84
5000,0.00,318.83,1954.56,1903.39
6000,-1.42,345.54,2331.89,2321.13
7000,-0.94,371.28,2715.78,2739.83
8000,-1.72,396.81,3129.33,3158.75
9000,0.58,480.22,3506.11,3519.78
10000,0.56,579.38,3893.78,3865.07
