episode,epReward,cumReward,cumRegret,empRegret
10,-4.35,-13.17,11.25,9.70
20,-5.20,-29.02,25.22,22.08
30,-0.57,-44.78,36.82,34.37
40,-0.40,-67.78,48.70,53.90
50,-5.44,-96.60,61.30,79.25
60,-4.46,-113.70,73.06,92.88
70,-1.95,-133.55,86.70,109.26
80,-2.61,-148.22,101.87,120.46
90,-1.26,-165.47,113.83,134.24
100,-1.64,-191.07,124.94,156.37
200,-2.99,-385.98,248.48,316.58
300,-2.17,-539.06,367.67,434.96
400,-0.76,-681.97,495.22,543.17
500,-3.72,-884.66,605.63,711.16
600,-3.02,-1031.60,725.11,823.40
700,-3.46,-1192.18,843.40,949.28
800,-1.26,-1362.44,951.78,1084.84
900,-4.89,-1528.38,1066.05,1216.08
1000,-1.29,-1712.73,1200.19,1365.73
2000,-1.17,-3237.51,2411.08,2543.51
3000,-0.10,-4820.46,3664.29,3779.46
4000,0.42,-6483.51,4863.48,5095.51
5000,1.69,-7925.49,6081.87,6190.50
6000,-2.47,-9504.90,7304.38,7422.90
7000,1.47,-11042.27,8550.24,8613.28
8000,-2.87,-12631.49,9829.73,9855.49
9000,-1.42,-14163.69,11079.48,11040.69
10000,0.01,-15641.21,12334.73,12171.21
