episode,epReward,cumReward,cumRegret,empRegret
10,-3.66,-29.98,49.94,46.57
20,-0.92,-51.33,84.79,84.51
30,-1.58,-98.37,146.97,148.16
40,-2.03,-128.73,187.52,195.10
50,-4.69,-138.04,218.01,221.01
60,-3.48,-181.83,275.39,281.40
70,2.30,-216.06,325.03,332.22
80,-0.59,-231.71,368.60,364.47
90,-1.39,-247.97,405.98,397.32
100,-1.36,-265.26,431.38,431.21
200,-1.05,-533.96,876.25,865.85
300,-3.38,-868.52,1373.52,1366.35
400,-3.95,-1176.52,1858.08,1840.30
500,-6.02,-1472.99,2353.44,2302.71
600,-2.71,-1722.94,2748.95,2718.61
700,-2.54,-2001.76,3191.76,3163.38
800,-3.77,-2223.22,3612.23,3550.78
900,-4.33,-2503.62,4066.26,3997.12
1000,-0.72,-2764.83,4512.83,4424.28
2000,-7.17,-5582.49,9026.83,8901.39
3000,-7.35,-8402.40,13556.29,13380.75
4000,-2.58,-11389.31,18238.22,18027.12
5000,-5.93,-14127.71,22664.66,22424.96
6000,-8.76,-16988.54,27287.97,26945.25
7000,-2.17,-19917.91,31902.34,31534.06
8000,-1.89,-22962.41,36549.77,36238.01
9000,-2.31,-25943.99,41174.57,40879.04
10000,-3.81,-28830.05,45708.58,45424.56
