episode,epReward,cumReward,cumRegret,empRegret
10,0.00,-3.39,4.00,7.83
20,-0.47,-1.40,8.22,10.29
30,0.00,2.29,11.67,11.04
40,-0.63,-4.07,16.11,21.84
50,0.00,-3.53,18.89,25.75
60,-0.09,-0.75,21.67,27.42
70,1.35,5.76,24.78,25.35
80,0.62,3.29,30.78,32.27
90,3.06,4.90,33.78,35.10
100,0.00,7.51,38.56,36.93
200,-0.41,19.34,80.33,69.55
300,0.00,24.65,123.00,108.68
400,-0.25,28.80,164.22,148.97
500,0.26,32.89,199.00,189.33
600,1.10,45.97,238.67,220.70
700,1.61,67.99,274.89,243.12
800,1.87,65.06,311.11,290.49
900,0.00,84.71,353.56,315.29
1000,0.58,114.40,391.67,330.05
2000,0.50,140.25,767.89,748.64
3000,0.16,217.57,1162.00,1115.76
4000,-0.26,305.60,1554.33,1472.17
5000,0.00,319.16,1942.33,1903.06
6000,-0.72,404.25,2318.67,2262.42
7000,-0.77,427.56,2717.44,2683.55
8000,0.21,493.65,3098.89,3061.91
9000,0.00,531.83,3484.33,3468.17
10000,0.12,661.83,3877.33,3782.61
