episode,epReward,cumReward,cumRegret,empRegret
10,-0.29,2.56,3.33,1.88
20,0.52,1.33,7.78,7.56
30,0.00,-4.28,12.44,17.61
40,-0.33,2.48,16.22,15.30
50,0.50,1.20,19.89,21.02
60,0.31,8.92,23.22,17.75
70,0.00,9.58,27.56,21.53
80,-0.28,7.68,32.78,27.87
90,-2.77,3.40,38.67,36.60
100,0.00,3.73,42.56,40.72
200,0.32,1.11,83.89,87.78
300,0.00,8.35,118.00,124.99
400,1.80,2.74,160.33,175.04
500,1.94,4.44,201.44,217.78
600,2.02,-2.11,239.67,268.77
700,1.16,6.48,281.00,304.64
800,-0.11,31.83,322.78,323.73
900,1.64,51.09,357.00,348.91
1000,-0.54,59.67,398.67,384.77
2000,1.06,151.84,788.44,737.05
3000,0.09,193.26,1177.56,1140.07
4000,1.63,324.08,1548.33,1453.70
5000,0.00,398.24,1942.89,1823.98
6000,3.29,408.82,2333.78,2257.84
7000,0.74,440.64,2722.00,2670.48
8000,0.00,513.02,3127.11,3042.54
9000,0.00,579.01,3519.22,3420.99
10000,0.00,658.44,3902.78,3786.01
