episode,epReward,cumReward,cumRegret,empRegret
10,0.00,-0.10,4.67,4.55
20,0.69,-0.36,7.89,9.25
30,-0.96,2.79,11.22,10.54
40,-1.11,5.84,15.44,11.94
50,-3.30,2.34,17.67,19.89
60,0.08,4.11,21.56,22.55
70,0.54,2.19,24.89,28.92
80,0.00,2.17,27.56,33.39
90,0.00,6.17,31.89,33.83
100,0.94,2.00,37.33,42.44
200,-0.79,-11.02,80.00,99.91
300,-0.03,-20.40,115.33,153.73
400,-0.31,-41.74,153.89,219.52
500,0.00,-36.87,194.11,259.09
600,0.94,-35.70,233.11,302.37
700,1.28,-36.10,272.22,347.21
800,0.19,-29.61,313.00,385.16
900,0.06,-15.01,356.22,415.01
1000,0.00,-1.18,396.11,445.62
2000,0.53,68.30,793.89,820.59
3000,-1.93,90.91,1187.78,1242.43
4000,-1.86,173.07,1572.89,1604.70
5000,0.93,294.10,1960.22,1928.12
6000,0.16,326.53,2349.22,2340.14
7000,0.14,379.74,2728.89,2731.37
8000,-0.35,381.10,3111.00,3174.45
9000,0.00,489.29,3493.89,3510.71
10000,0.00,518.34,3864.78,3926.10
