episode,epReward,cumReward,cumRegret,empRegret
10,0.11,0.84,2.44,3.60
20,0.00,1.01,5.78,7.88
30,-0.57,-5.75,9.89,19.08
40,-1.40,-13.30,14.78,31.07
50,0.59,-17.66,18.00,39.88
60,0.98,-18.28,21.67,44.94
70,0.39,-16.37,25.11,47.48
80,0.47,-10.39,30.00,45.94
90,0.00,-10.17,35.00,50.17
100,-1.68,-14.48,38.33,58.93
200,0.00,-15.03,76.56,103.92
300,1.09,-17.97,118.56,151.31
400,0.00,-17.86,162.67,195.64
500,-0.25,12.83,194.11,209.39
600,0.56,7.63,230.67,259.04
700,1.68,12.90,273.67,298.21
800,-0.89,5.57,309.78,349.99
900,0.00,29.08,350.33,370.92
1000,0.64,24.33,386.22,420.12
2000,0.00,97.76,773.44,791.13
3000,0.83,192.13,1139.67,1141.20
4000,0.00,280.11,1522.22,1497.66
5000,-0.74,294.30,1922.11,1927.92
6000,0.00,390.23,2312.56,2276.44
7000,-2.43,434.88,2695.00,2676.23
8000,0.00,474.46,3073.67,3081.10
9000,0.00,494.34,3477.44,3505.66
10000,-0.79,584.15,3873.44,3860.29
