episode,epReward,cumReward,cumRegret,empRegret
10,2.43,18.47,44.38,51.83
20,3.19,33.28,93.48,107.34
30,-0.39,63.34,145.85,147.59
40,-2.52,97.09,188.45,184.15
50,4.56,106.56,234.28,244.98
60,-3.61,120.40,279.71,301.45
70,2.07,158.60,310.07,333.56
80,4.07,186.84,351.97,375.63
90,3.03,210.67,396.16,422.10
100,1.24,220.22,451.41,482.86
200,0.94,504.15,890.57,902.02
300,-2.61,749.70,1336.97,1359.55
400,5.96,1008.38,1765.02,1803.96
500,5.10,1238.28,2211.76,2277.15
600,6.35,1537.50,2641.39,2681.01
700,2.65,1737.04,3093.00,3184.56
800,2.71,1994.28,3527.55,3630.40
900,-1.91,2268.24,3957.54,4059.53
1000,-0.64,2477.73,4460.82,4553.12
2000,3.63,5210.63,8854.10,8851.07
3000,4.83,7921.62,13083.48,13170.94
4000,-1.16,10564.63,17504.52,17558.79
5000,2.25,13317.26,21802.05,21837.01
6000,4.03,15963.87,26204.03,26221.26
7000,5.87,18640.84,30525.55,30575.15
8000,-2.22,21318.35,34916.78,34928.48
9000,6.51,23765.85,39388.46,39511.84
10000,7.55,26394.10,43845.47,43914.45
