episode,epReward,cumReward,cumRegret,empRegret
10,5.15,24.66,23.59,17.06
20,-1.85,41.80,45.67,41.64
30,3.27,61.97,70.69,63.19
40,4.00,87.69,84.47,79.19
50,-2.80,97.00,112.83,111.59
60,1.73,108.10,133.46,142.21
70,1.41,123.82,155.86,168.21
80,5.48,150.79,169.98,182.96
90,1.81,172.16,187.75,203.30
100,3.52,186.18,211.46,231.00
200,-1.03,377.85,402.76,456.52
300,6.41,583.08,598.03,668.47
400,4.37,803.19,791.67,865.54
500,-0.95,1054.29,967.75,1031.62
600,-0.21,1275.79,1137.68,1227.31
700,-0.04,1511.30,1321.72,1408.97
800,0.68,1728.47,1515.94,1608.99
900,3.74,1915.05,1713.62,1839.59
1000,4.81,2158.64,1906.61,2013.18
2000,6.68,4496.79,3711.46,3846.85
3000,4.03,6743.68,5571.38,5771.78
4000,0.29,8943.51,7470.74,7743.77
5000,3.65,11330.38,9333.16,9528.73
6000,3.39,13602.22,11193.32,11428.71
7000,-3.36,16014.90,13050.94,13187.85
8000,2.29,18391.56,14897.61,14983.01
9000,3.68,20743.49,16741.24,16802.90
10000,-0.12,23075.48,18607.75,18642.74
