episode,epReward,cumReward,cumRegret,empRegret
10,0.00,-5.62,3.22,10.06
20,0.15,-2.51,4.56,11.39
30,0.00,0.19,6.56,13.14
40,0.00,2.53,6.56,15.25
50,0.00,2.79,6.56,19.43
60,1.39,11.62,6.56,15.05
70,0.00,13.85,6.56,17.26
80,0.00,17.59,6.56,17.96
90,0.40,20.28,7.56,19.72
100,0.00,27.28,7.56,17.17
200,-0.20,60.38,9.56,28.51
300,0.68,86.67,11.56,46.66
400,0.00,119.29,14.22,58.48
500,1.24,162.92,15.22,59.30
600,0.00,210.63,16.22,56.04
700,0.51,269.06,16.22,42.05
800,0.00,309.40,16.89,46.16
900,0.00,369.68,16.89,30.32
1000,0.00,403.96,16.89,40.48
2000,0.00,868.87,19.22,20.02
3000,0.00,1360.74,20.33,-27.41
4000,0.19,1785.92,20.33,-8.14
5000,0.00,2228.89,20.33,-6.67
6000,0.00,2692.84,21.00,-26.17
7000,1.96,3156.80,21.00,-45.69
8000,1.75,3587.88,21.00,-32.32
9000,0.77,4018.66,21.00,-18.66
10000,0.57,4479.78,21.00,-35.33
