episode,epReward,cumReward,cumRegret,empRegret
10,0.84,6.17,9.94,8.27
20,-0.51,25.04,15.39,3.84
30,-1.72,33.61,16.42,9.71
40,1.19,53.07,16.42,4.70
50,0.75,62.17,16.42,10.04
60,0.64,76.27,16.42,10.37
70,-0.76,77.40,16.42,23.68
80,5.19,98.93,16.42,16.59
90,-1.71,106.02,16.42,23.95
100,2.40,114.58,16.42,29.83
200,-2.23,240.86,20.21,47.95
300,-0.64,392.69,21.55,40.53
400,5.61,538.44,22.89,39.19
500,-0.63,680.03,24.23,42.00
600,2.21,822.91,26.90,43.53
700,3.89,963.97,26.90,46.88
800,2.77,1118.42,26.90,36.83
900,4.15,1288.36,26.90,11.30
1000,2.91,1424.09,26.90,19.97
2000,-0.90,2852.23,30.27,35.90
3000,1.05,4400.85,30.27,-68.67
4000,2.24,5828.92,30.27,-52.68
5000,3.79,7284.87,30.27,-64.57
6000,1.08,8757.85,30.27,-93.49
7000,1.80,10172.43,30.27,-64.00
8000,3.78,11730.71,30.27,-178.22
9000,2.29,13234.03,31.61,-237.48
10000,0.38,14613.41,31.61,-172.80
