episode,epReward,cumReward,cumRegret,empRegret
10,3.66,15.48,11.17,4.41
20,-2.48,34.09,13.00,5.69
30,2.80,42.24,13.00,17.43
40,1.20,54.76,13.00,24.80
50,1.76,66.93,13.00,32.52
60,0.86,87.58,13.00,31.76
70,1.54,114.77,13.00,24.46
80,-0.05,129.96,13.00,29.17
90,3.59,152.44,14.83,26.57
100,4.09,174.30,14.83,24.60
200,1.59,362.41,16.66,35.40
300,-0.57,527.86,18.49,68.85
400,-0.78,723.48,18.49,72.14
500,-0.14,941.28,18.49,53.24
600,0.91,1133.59,21.63,59.83
700,4.94,1329.50,21.63,62.82
800,1.36,1535.95,21.63,55.28
900,0.49,1736.30,21.63,53.83
1000,1.00,1955.25,21.63,33.79
2000,3.67,4018.83,21.63,-40.76
3000,2.96,5983.06,23.46,-15.95
4000,-1.02,8000.94,23.46,-44.80
5000,3.43,10098.66,23.46,-153.48
6000,3.28,12062.07,23.46,-127.85
7000,2.72,14022.43,23.46,-99.18
8000,2.10,15938.82,23.46,-26.53
9000,2.32,17994.70,23.46,-93.37
10000,0.24,19988.67,23.46,-98.31
