episode,epReward,cumReward,cumRegret,empRegret
10,1.09,8.50,5.92,10.44
20,-1.73,12.59,8.00,25.29
30,4.09,28.75,9.36,28.07
40,3.13,55.23,9.46,20.54
50,2.02,91.89,10.68,2.81
60,3.17,113.46,12.54,0.18
70,1.49,137.82,13.15,-5.23
80,2.05,165.59,13.20,-14.06
90,0.61,185.64,13.20,-15.17
100,4.80,209.71,13.20,-20.30
200,0.77,396.64,14.93,-17.82
300,1.68,603.34,15.03,-35.11
400,1.30,797.42,15.03,-39.78
500,3.39,988.69,15.64,-41.64
600,-1.30,1202.85,15.75,-66.39
700,1.69,1412.28,15.80,-86.41
800,0.26,1588.06,15.86,-72.78
900,3.94,1810.53,15.91,-105.84
1000,0.86,2012.34,16.12,-118.23
2000,2.58,3921.19,18.26,-132.99
3000,2.23,5756.56,18.79,-74.26
4000,3.56,7724.28,19.06,-147.87
5000,-2.01,9656.67,19.17,-186.17
6000,4.06,11554.27,19.38,-189.67
7000,2.19,13395.19,19.59,-136.48
8000,1.94,15209.95,19.91,-57.15
9000,5.41,17050.42,19.97,-3.51
10000,3.34,18915.67,20.18,25.34
