episode,epReward,cumReward,cumRegret,empRegret
10,-0.23,7.19,4.00,-2.74
20,-1.89,1.66,8.44,7.23
30,-0.23,-7.93,13.44,21.27
40,-1.16,-4.95,17.89,22.73
50,-0.42,-6.37,22.33,28.59
60,-1.06,-5.74,26.78,32.40
70,-4.22,-9.21,30.78,40.32
80,-0.35,-5.37,35.22,40.93
90,2.21,-4.11,39.67,44.11
100,-0.03,1.55,44.11,42.89
200,-3.15,43.17,87.00,45.72
300,2.24,33.45,131.00,99.89
400,-0.40,38.40,174.11,139.38
500,-1.09,37.99,217.67,184.23
600,-3.32,26.78,262.22,239.89
700,4.90,62.84,306.22,248.27
800,-1.35,66.53,349.78,289.03
900,-2.20,81.81,394.22,318.19
1000,-1.38,101.00,438.67,343.45
2000,-0.61,80.31,882.22,808.58
3000,2.29,119.93,1326.89,1213.41
4000,2.91,125.20,1770.44,1652.58
5000,3.20,137.56,2213.67,2084.66
6000,-0.66,168.44,2656.33,2498.23
7000,1.39,140.11,3101.33,2971.00
8000,-1.62,191.02,3545.78,3364.54
9000,-0.83,197.68,3990.22,3802.32
10000,0.73,132.29,4433.78,4312.16
