episode,epReward,cumReward,cumRegret,empRegret
10,0.00,-1.85,2.56,6.30
20,1.08,-0.54,5.33,9.42
30,0.00,3.17,6.89,10.16
40,0.00,8.59,8.56,9.18
50,0.00,13.12,8.56,9.10
60,0.00,17.41,8.56,9.26
70,0.00,21.87,8.56,9.24
80,-0.73,25.06,8.56,10.49
90,0.00,26.05,8.56,13.95
100,0.00,27.38,9.22,17.06
200,0.00,77.86,10.22,11.03
300,2.46,113.56,11.67,19.77
400,0.08,151.84,13.67,25.94
500,0.00,189.03,13.67,33.20
600,2.25,235.87,13.67,30.79
700,1.38,279.24,13.67,31.87
800,0.00,340.54,13.67,15.02
900,0.00,387.24,16.00,12.76
1000,0.00,427.83,16.67,16.62
2000,0.00,866.92,17.67,21.97
3000,0.76,1325.40,18.67,7.93
4000,1.28,1733.57,19.67,44.21
5000,0.00,2164.87,19.67,57.35
6000,0.00,2637.90,19.67,28.77
7000,0.05,3085.79,21.00,25.32
8000,0.71,3494.21,21.00,61.35
9000,0.76,3947.77,21.00,52.23
10000,-0.01,4371.08,21.00,73.37
