episode,epReward,cumReward,cumRegret,empRegret
10,1.20,-0.51,1.56,4.95
20,0.00,-1.35,4.44,10.24
30,0.00,2.35,5.78,10.99
40,0.00,7.12,5.78,10.66
50,0.00,10.87,6.78,11.35
60,0.00,13.05,7.78,13.62
70,0.00,17.50,7.78,13.62
80,0.00,20.29,7.78,15.26
90,0.00,22.18,7.78,17.82
100,0.00,27.92,7.78,16.53
200,0.00,60.34,9.78,28.55
300,1.75,113.94,10.44,19.40
400,1.44,155.21,12.11,22.57
500,1.67,191.48,12.11,30.75
600,2.17,228.11,12.11,38.56
700,0.00,275.05,14.11,36.06
800,0.76,336.64,15.11,18.92
900,0.04,387.25,15.11,12.75
1000,0.00,441.63,15.11,2.82
2000,2.39,905.51,16.11,-16.62
3000,2.54,1362.02,17.22,-28.69
4000,1.11,1820.84,17.22,-43.06
5000,0.00,2277.86,17.89,-55.64
6000,0.00,2691.24,18.56,-24.57
7000,-0.09,3080.73,18.56,30.38
8000,0.00,3519.14,20.56,36.41
9000,0.00,3961.41,20.56,38.59
10000,0.00,4376.36,20.56,68.08
