episode,epReward,cumReward,cumRegret,empRegret
10,0.35,3.77,4.22,0.67
20,0.38,6.10,8.22,2.79
30,0.77,3.89,12.00,9.45
40,-1.08,10.81,15.44,6.97
50,-0.63,13.11,18.56,9.11
60,-4.35,19.45,19.89,7.22
70,2.73,23.58,21.22,7.53
80,1.58,27.71,23.67,7.84
90,-1.21,24.91,25.44,15.09
100,-0.22,29.08,27.33,15.37
200,1.12,56.34,29.44,32.55
300,1.33,98.20,29.44,35.13
400,2.20,133.15,30.11,44.63
500,-1.19,161.58,30.11,60.64
600,3.11,207.64,30.11,59.03
700,-1.48,247.13,30.11,63.98
800,0.66,292.94,30.11,62.61
900,-0.59,339.45,30.11,60.55
1000,2.25,378.00,30.11,66.44
2000,-0.48,849.75,32.11,39.14
3000,-0.59,1298.97,32.11,34.37
4000,1.53,1726.91,32.78,50.87
5000,2.99,2139.19,33.78,83.03
6000,1.40,2624.22,34.78,42.45
7000,1.30,3129.04,34.78,-17.93
8000,1.48,3534.58,35.44,20.98
9000,-1.54,4075.11,35.44,-75.11
10000,0.25,4490.11,35.44,-45.67
