episode,epReward,cumReward,cumRegret,empRegret
10,-1.56,-1.85,4.11,6.29
20,1.14,-3.43,6.33,12.32
30,0.00,-4.34,10.44,17.67
40,0.00,2.00,13.11,15.78
50,0.00,6.10,13.11,16.12
60,0.00,6.66,13.11,20.00
70,0.72,15.70,13.11,15.41
80,0.00,18.50,13.11,17.06
90,0.49,21.36,13.11,18.64
100,0.44,27.15,13.11,17.30
200,0.00,72.77,13.11,16.12
300,1.21,117.65,13.11,15.69
400,0.00,167.96,13.11,9.81
500,0.00,202.62,14.11,19.60
600,0.00,238.22,14.11,28.45
700,-0.11,287.56,14.11,23.55
800,0.00,328.05,14.11,27.50
900,-0.74,361.56,14.11,38.44
1000,1.98,411.46,15.11,32.99
2000,1.32,893.27,17.11,-4.38
3000,0.00,1394.61,17.11,-61.28
4000,0.00,1810.19,17.78,-32.42
5000,0.00,2236.93,17.78,-14.70
6000,0.00,2701.01,17.78,-34.34
7000,0.00,3130.85,19.78,-19.74
8000,-0.24,3577.58,19.78,-22.02
9000,1.14,3971.63,19.78,28.37
10000,0.00,4386.78,19.78,57.66
