episode,epReward,cumReward,cumRegret,empRegret
10,-1.54,-9.49,6.65,6.87
20,0.11,-11.52,7.83,6.29
30,-0.35,-14.40,11.97,6.55
40,-1.69,-24.21,15.89,13.73
50,0.10,-28.47,19.50,15.38
60,-1.62,-33.65,22.97,17.93
70,0.41,-33.67,26.23,15.34
80,1.36,-30.42,30.08,9.47
90,-1.97,-23.94,33.78,0.37
100,1.11,-24.04,37.48,-2.15
200,0.68,-88.42,74.36,36.04
300,-0.39,-153.82,112.43,75.26
400,0.37,-228.78,149.61,124.02
500,4.30,-297.76,187.15,166.81
600,0.17,-337.23,224.17,180.09
700,-1.19,-396.96,260.82,213.63
800,-4.21,-490.49,297.83,280.98
900,-2.21,-562.67,334.11,326.96
1000,-2.63,-614.74,371.73,352.85
2000,-2.94,-1313.56,741.70,789.77
3000,-2.44,-2095.88,1110.77,1310.19
4000,1.72,-2737.75,1480.58,1690.17
5000,-2.43,-3298.70,1850.39,1989.22
6000,-3.33,-3954.74,2220.27,2383.36
7000,-2.71,-4694.31,2590.15,2861.03
8000,-3.57,-5267.26,2960.11,3172.09
9000,-0.66,-5843.82,3329.92,3486.76
10000,2.93,-6416.91,3700.10,3797.95
