episode,epReward,cumReward,cumRegret,empRegret
10,-0.58,16.91,1.44,-10.15
20,2.61,18.58,4.21,-5.06
30,0.44,24.88,5.71,-4.60
40,1.75,34.39,7.22,-7.34
50,-1.97,23.59,8.73,10.22
60,2.45,29.12,10.23,11.45
70,1.86,39.25,11.74,8.08
80,2.23,50.36,13.24,3.74
90,0.32,50.63,14.75,10.23
100,-2.00,48.86,16.25,18.75
200,2.19,111.89,32.83,23.34
300,1.27,160.55,47.72,42.30
400,1.80,209.27,62.77,61.20
500,2.49,259.84,79.22,78.24
600,0.72,289.79,94.19,115.91
700,3.53,345.28,109.25,128.03
800,2.82,413.90,124.30,127.03
900,1.05,441.38,139.21,167.16
1000,-0.31,512.86,154.11,163.30
2000,1.87,1130.01,303.87,222.31
3000,-0.91,1702.36,454.26,326.12
4000,0.99,2177.96,604.74,526.68
5000,3.87,2729.02,755.22,651.78
6000,1.89,3225.30,907.36,831.67
7000,0.55,3704.92,1057.91,1028.20
8000,0.82,4235.49,1208.39,1173.79
9000,1.74,4742.05,1358.87,1343.39
10000,1.48,5270.21,1509.41,1491.39
