episode,epReward,cumReward,cumRegret,empRegret
10,3.88,41.31,2.70,-4.70
20,3.79,81.42,2.70,-8.20
30,4.58,116.29,2.70,-6.45
40,4.46,147.38,6.20,-0.93
50,3.64,184.27,6.20,-1.21
60,2.64,215.18,6.20,4.50
70,4.77,253.29,6.20,2.99
80,3.52,285.95,6.20,6.95
90,5.40,322.46,6.20,7.05
100,6.14,354.00,6.20,12.13
200,4.54,750.06,6.20,-17.81
300,0.63,1128.71,6.20,-30.34
400,7.19,1530.45,6.20,-65.95
500,5.35,1883.88,6.20,-53.26
600,4.10,2243.67,6.20,-46.92
700,7.43,2603.92,6.20,-41.04
800,3.69,2964.49,6.20,-35.49
900,1.54,3333.13,6.20,-38.01
1000,3.74,3703.85,9.70,-42.60
2000,0.81,7318.19,9.70,4.31
3000,1.34,11003.36,16.07,-19.60
4000,1.69,14674.20,16.07,-29.19
5000,3.11,18389.41,16.07,-83.14
6000,2.66,22098.56,16.07,-131.04
7000,4.04,25818.52,16.07,-189.75
8000,4.94,29490.01,16.07,-199.98
9000,3.18,33262.87,16.07,-311.58
10000,3.53,36947.56,16.07,-335.02
