episode,epReward,cumReward,cumRegret,empRegret
10,-0.49,9.13,5.20,9.82
20,2.27,34.55,6.71,3.36
30,3.80,45.97,9.31,10.90
40,0.57,65.08,12.83,10.74
50,1.79,81.12,14.51,13.67
60,1.30,100.39,16.20,13.35
70,2.07,114.39,17.89,18.31
80,-0.36,130.97,19.57,20.69
90,3.01,150.84,21.26,19.77
100,3.02,171.36,22.95,18.21
200,0.66,335.93,40.90,43.21
300,0.55,502.30,61.01,66.41
400,4.58,687.40,77.88,70.87
500,2.03,873.05,94.74,74.78
600,-1.37,1074.63,111.61,62.77
700,3.18,1259.47,128.48,67.50
800,3.71,1438.27,145.35,78.26
900,-1.23,1618.58,162.21,87.53
1000,0.84,1785.33,180.84,110.34
2000,-0.70,3358.52,349.51,432.82
3000,0.94,5213.43,518.18,473.59
4000,-2.21,6953.26,686.86,629.42
5000,1.27,8649.15,856.61,829.20
6000,1.45,10346.57,1027.45,1027.46
7000,-1.71,12021.45,1196.12,1248.25
8000,2.20,13704.16,1364.80,1461.21
9000,2.24,15349.28,1534.55,1711.76
10000,3.06,16966.25,1704.97,1990.46
