episode,epReward,cumReward,cumRegret,empRegret
10,0.00,-1.31,6.11,5.76
20,-0.10,3.31,7.00,5.58
30,1.73,10.87,7.44,2.46
40,0.00,15.02,8.44,2.76
50,0.00,17.29,9.44,4.93
60,0.65,20.67,9.44,6.00
70,-0.22,31.68,9.44,-0.57
80,0.00,35.99,9.44,-0.43
90,0.00,40.54,10.44,-0.54
100,0.00,42.47,10.44,1.97
200,0.00,92.34,11.11,-3.45
300,1.28,120.96,11.11,12.37
400,0.00,172.72,11.11,5.06
500,0.00,213.71,11.78,8.51
600,0.71,265.43,11.78,1.23
700,0.00,315.77,11.78,-4.66
800,0.00,344.82,11.78,10.74
900,0.00,386.25,12.44,13.75
1000,1.33,423.87,12.44,20.58
2000,0.00,925.99,12.44,-37.10
3000,0.00,1336.82,15.11,-3.49
4000,0.00,1761.41,16.11,16.37
5000,1.37,2170.93,17.22,51.30
6000,1.78,2652.59,17.89,14.08
7000,2.35,3080.45,18.89,30.66
8000,0.61,3498.72,18.89,56.84
9000,0.90,3934.26,18.89,65.74
10000,0.00,4382.62,18.89,61.83
