episode,epReward,cumReward,cumRegret,empRegret
10,2.85,1.09,3.22,3.35
20,0.77,6.47,3.22,2.42
30,0.00,11.68,3.89,1.65
40,0.00,13.02,6.00,4.75
50,-0.96,13.62,6.00,8.60
60,2.42,19.62,6.00,7.05
70,0.00,25.06,6.44,6.05
80,2.01,30.82,7.11,4.73
90,0.00,33.96,7.11,6.04
100,0.80,39.08,7.11,5.36
200,0.00,91.29,8.11,-2.40
300,0.90,114.12,8.11,19.22
400,0.00,163.48,8.78,14.30
500,3.23,205.73,9.78,16.49
600,0.00,275.62,11.44,-8.95
700,0.00,322.80,11.44,-11.69
800,0.00,366.19,11.44,-10.63
900,1.46,408.98,11.44,-8.98
1000,0.00,451.30,11.44,-6.86
2000,3.16,906.17,13.56,-17.28
3000,0.00,1351.94,15.22,-18.61
4000,0.00,1778.92,15.22,-1.14
5000,0.00,2238.40,15.22,-16.18
6000,0.00,2706.06,15.89,-39.39
7000,0.94,3135.43,16.89,-24.32
8000,1.86,3592.13,16.89,-36.57
9000,0.00,4036.68,16.89,-36.68
10000,0.00,4536.40,16.89,-91.95
