episode,epReward,cumReward,cumRegret,empRegret
10,-0.57,-1.25,9.63,7.90
20,-2.73,-4.57,9.87,17.88
30,0.74,-6.77,9.87,26.72
40,-0.61,-9.99,11.68,36.60
50,-1.46,-6.27,11.68,39.53
60,0.28,6.55,11.68,33.37
70,1.70,4.11,14.73,42.46
80,2.33,3.68,15.62,49.55
90,1.82,6.74,17.94,53.14
100,-2.08,1.54,17.94,64.98
200,1.43,60.12,20.63,72.93
300,-1.64,108.07,21.53,91.51
400,3.33,154.38,22.43,111.73
500,0.20,212.25,23.32,120.38
600,-1.52,283.39,25.41,115.77
700,0.29,386.49,25.41,79.20
800,-3.23,453.34,26.30,78.87
900,1.22,529.56,26.30,69.18
1000,-1.10,601.06,26.30,64.20
2000,0.83,1267.49,27.20,63.03
3000,1.14,1934.00,28.10,61.78
4000,-0.24,2615.80,28.10,45.24
5000,0.28,3220.26,28.10,106.04
6000,0.96,3946.62,28.99,44.94
7000,2.86,4707.54,28.99,-50.72
8000,0.61,5488.98,31.08,-166.90
9000,-1.43,6103.23,31.08,-115.90
10000,2.99,6792.16,31.97,-139.56
