episode,epReward,cumReward,cumRegret,empRegret
10,1.73,8.02,9.18,24.71
20,1.92,34.23,18.97,31.23
30,3.32,62.80,25.42,35.40
40,-0.49,82.07,32.71,48.87
50,2.52,106.33,40.03,57.35
60,1.57,128.53,47.28,67.87
70,3.12,160.81,53.61,68.33
80,2.15,182.25,59.29,79.63
90,1.70,214.75,63.88,79.86
100,1.36,245.78,70.89,81.57
200,4.49,567.79,88.51,86.91
300,3.90,926.45,90.12,55.59
400,5.76,1247.52,91.83,61.87
500,4.36,1568.04,93.71,68.69
600,2.33,1891.46,95.50,72.62
700,4.12,2237.29,97.03,54.14
800,0.10,2551.06,99.18,67.71
900,5.09,2855.24,101.15,90.88
1000,1.62,3203.25,103.22,70.21
2000,2.03,6492.03,121.69,54.91
3000,5.34,9709.18,142.22,111.22
4000,1.40,13002.52,165.90,91.35
5000,3.66,16198.53,184.28,168.81
6000,3.16,19420.99,202.66,219.81
7000,5.39,22586.58,223.38,327.69
8000,3.21,25865.18,244.09,322.56
9000,1.04,29103.01,264.72,358.20
10000,6.20,32391.50,284.09,343.17
