episode,epReward,cumReward,cumRegret,empRegret
10,0.00,-4.20,1.78,8.65
20,0.00,-2.92,4.11,11.81
30,-0.34,0.64,5.11,12.69
40,0.00,4.90,5.11,12.88
50,0.00,7.28,6.78,14.94
60,0.00,8.20,6.78,18.47
70,0.47,19.68,6.78,11.43
80,0.00,32.41,6.78,3.15
90,0.00,38.62,7.44,1.38
100,0.89,42.18,7.44,2.27
200,0.00,93.35,8.44,-4.47
300,0.00,127.55,8.44,5.78
400,1.76,174.20,9.44,3.58
500,0.00,205.57,10.44,16.65
600,0.00,241.71,12.11,24.96
700,0.00,284.32,12.11,26.79
800,0.00,336.46,12.11,19.10
900,0.28,376.46,12.11,23.54
1000,1.25,422.77,12.11,21.67
2000,0.00,922.18,14.44,-33.29
3000,0.00,1369.94,15.44,-36.61
4000,0.00,1817.79,17.22,-40.01
5000,2.83,2292.46,19.22,-70.23
6000,0.00,2728.57,19.22,-61.91
7000,0.00,3173.74,19.22,-62.63
8000,1.07,3613.39,19.22,-57.83
9000,1.89,4082.21,19.89,-82.21
10000,0.00,4507.75,19.89,-63.31
