episode,epReward,cumReward,cumRegret,empRegret
10,0.99,5.34,3.33,-0.90
20,0.00,11.16,7.44,-2.28
30,0.25,8.77,10.56,4.57
40,-1.46,11.47,13.44,6.30
50,0.00,6.64,18.22,15.58
60,-2.56,10.67,22.78,16.00
70,-0.14,11.52,25.89,19.59
80,1.24,20.30,29.00,15.25
90,2.50,24.59,30.78,15.41
100,-0.31,28.93,31.22,15.51
200,0.17,87.63,36.00,1.25
300,1.66,138.50,38.44,-5.17
400,3.06,200.78,40.44,-23.00
500,1.48,239.16,40.44,-16.94
600,1.01,311.22,41.44,-44.55
700,1.25,350.80,42.11,-39.68
800,1.36,383.20,42.11,-27.65
900,0.53,428.95,42.78,-28.95
1000,0.90,473.21,42.78,-28.76
2000,0.62,837.63,42.78,51.26
3000,0.78,1250.65,42.78,82.68
4000,2.90,1700.12,44.11,77.66
5000,1.88,2139.33,44.78,82.89
6000,0.40,2539.19,44.78,127.48
7000,-0.47,2989.72,44.78,121.39
8000,2.78,3476.98,44.78,78.57
9000,-0.68,3940.36,44.78,59.64
10000,-1.51,4421.95,44.78,22.50
