episode,epReward,cumReward,cumRegret,empRegret
10,3.64,3.94,2.67,2.02
20,-2.42,12.85,7.86,-0.93
30,1.08,17.73,8.89,0.15
40,-1.48,18.13,8.89,5.70
50,-1.82,29.19,8.89,0.59
60,-1.24,35.51,9.28,0.23
70,-0.51,38.62,9.28,3.08
80,2.60,47.29,9.28,0.37
90,-0.03,45.72,9.67,7.90
100,-1.26,46.57,9.67,13.00
200,1.12,104.73,14.47,14.42
300,-2.27,121.31,15.11,57.42
400,2.14,182.47,15.11,55.83
500,-1.08,211.75,16.32,86.13
600,-1.02,278.81,16.32,78.64
700,-2.45,313.38,16.71,103.65
800,-0.12,389.78,16.71,86.82
900,-1.19,450.31,17.10,85.87
1000,0.62,516.21,18.31,79.54
2000,-1.33,1075.07,21.14,116.43
3000,1.94,1597.65,21.92,189.61
4000,4.32,2118.50,22.74,264.50
5000,1.93,2752.07,23.37,226.69
6000,0.58,3377.58,23.37,196.92
7000,3.23,4020.05,23.37,150.21
8000,-1.02,4684.88,23.37,81.13
9000,0.33,5302.01,24.15,59.75
10000,-0.20,5998.42,24.54,-40.91
