episode,epReward,cumReward,cumRegret,empRegret
10,5.50,41.22,3.86,-6.00
20,3.35,75.11,10.47,-4.68
30,5.68,110.34,12.39,-4.71
40,1.50,142.40,16.57,-1.55
50,8.42,183.03,17.27,-6.97
60,1.01,210.78,19.36,0.49
70,3.58,239.67,19.36,6.82
80,3.89,271.11,23.77,10.59
90,4.02,305.83,23.77,11.09
100,1.79,339.91,23.77,12.21
200,1.31,710.94,25.86,-6.69
300,0.73,1065.58,27.08,-9.20
400,6.48,1429.20,27.08,-20.70
500,4.42,1771.00,27.08,-10.37
600,5.21,2127.50,27.08,-14.75
700,6.16,2492.80,28.30,-27.92
800,4.18,2820.97,33.69,-3.96
900,6.90,3174.08,42.38,-4.95
1000,6.53,3528.85,42.38,-7.59
2000,3.43,7030.44,42.38,12.07
3000,4.09,10480.13,42.38,83.64
4000,2.93,13866.65,45.58,218.38
5000,3.04,17443.57,47.67,162.72
6000,3.59,21027.53,47.67,100.01
7000,5.66,24587.35,47.67,61.45
8000,4.43,28102.28,47.67,67.77
9000,4.21,31588.69,47.67,102.63
10000,5.01,35184.94,51.53,27.63
