episode,epReward,cumReward,cumRegret,empRegret
10,0.00,-1.90,3.22,6.35
20,0.00,-3.22,5.33,12.11
30,-1.41,-0.85,7.67,14.18
40,0.89,3.80,7.67,13.98
50,1.86,8.77,7.67,13.45
60,1.92,17.04,7.67,9.62
70,0.00,22.31,7.67,8.80
80,0.00,22.31,7.67,13.24
90,0.00,26.41,7.67,13.59
100,0.00,30.09,7.67,14.36
200,0.00,68.04,10.67,20.84
300,0.00,116.92,12.33,16.42
400,1.03,148.60,13.33,29.18
500,0.00,198.55,13.33,23.67
600,-0.05,247.48,14.78,19.19
700,2.41,284.93,15.78,26.18
800,0.00,327.24,16.78,28.31
900,0.00,375.57,16.78,24.43
1000,0.00,416.88,16.78,27.57
2000,0.00,796.02,18.44,92.87
3000,0.00,1221.43,19.11,111.90
4000,1.50,1705.76,19.78,72.02
5000,1.61,2139.09,19.78,83.14
6000,0.30,2600.49,20.44,66.18
7000,0.00,3032.59,20.44,78.52
8000,0.76,3473.14,21.11,82.42
9000,0.00,3928.97,21.11,71.03
10000,0.48,4345.67,21.11,98.78
