episode,epReward,cumReward,cumRegret,empRegret
10,3.78,26.46,3.73,-5.13
20,-1.30,44.68,3.73,-2.00
30,1.04,72.83,3.73,-8.81
40,0.85,86.60,3.73,-1.25
50,0.56,94.91,7.24,11.78
60,2.49,126.33,7.24,1.71
70,5.28,157.34,7.24,-7.96
80,0.72,164.08,7.24,6.64
90,0.95,185.80,7.24,6.25
100,3.62,212.14,7.24,1.26
200,3.71,418.98,7.24,7.81
300,3.74,644.69,8.81,-4.51
400,-0.76,860.37,12.32,-6.79
500,4.65,1097.75,12.32,-30.78
600,2.36,1303.25,12.32,-22.88
700,0.57,1500.79,12.32,-7.03
800,4.25,1739.64,12.32,-32.48
900,2.44,1959.61,12.32,-39.06
1000,1.16,2138.97,12.32,-5.02
2000,0.63,4314.83,15.83,-46.94
3000,4.74,6494.73,15.83,-92.89
4000,0.12,8483.30,15.83,52.49
5000,3.30,10623.08,19.34,46.66
6000,-0.42,12714.14,22.48,89.54
7000,2.00,14824.55,22.48,113.08
8000,3.59,16923.39,22.48,148.19
9000,1.20,19074.73,22.48,130.80
10000,3.89,21292.26,22.48,47.21
