episode,epReward,cumReward,cumRegret,empRegret
10,-2.65,-25.01,23.52,37.08
20,4.62,-16.97,31.97,41.10
30,1.94,0.21,31.97,35.98
40,-4.65,9.56,31.97,38.70
50,3.14,23.89,31.97,36.44
60,4.09,49.98,31.97,22.41
70,0.07,52.06,31.97,32.39
80,-3.45,43.41,31.97,53.11
90,2.06,48.01,31.97,60.57
100,1.61,59.18,31.97,61.47
200,1.08,206.51,33.67,34.79
300,-0.34,367.22,33.67,-5.27
400,0.31,480.86,33.67,1.74
500,2.13,611.82,33.67,-8.57
600,-0.13,730.19,33.67,-6.30
700,6.35,863.81,33.67,-19.26
800,1.78,1012.49,33.67,-47.29
900,-1.74,1154.85,33.67,-69.00
1000,0.79,1291.42,33.67,-84.92
2000,-3.04,2571.44,38.78,-158.45
3000,-0.90,3693.48,40.48,-74.00
4000,2.51,4840.66,42.19,-14.68
5000,0.60,6001.15,45.59,31.32
6000,0.42,7214.82,45.59,24.15
7000,2.48,8565.77,45.59,-120.31
8000,-1.45,9830.85,45.59,-178.89
9000,-2.26,10961.76,45.59,-103.32
10000,0.61,12077.68,45.59,-12.73
