episode,epReward,cumReward,cumRegret,empRegret
10,0.00,-0.89,5.11,5.33
20,-1.15,2.81,6.44,6.08
30,0.00,7.98,9.44,5.36
40,0.00,14.56,9.44,3.22
50,0.00,21.72,9.44,0.50
60,0.00,21.80,9.44,4.86
70,0.00,24.80,9.44,6.31
80,2.69,34.76,9.44,0.80
90,0.00,38.41,9.44,1.59
100,0.72,44.78,9.44,-0.34
200,0.00,81.47,9.44,7.42
300,0.77,123.05,10.44,10.29
400,0.00,167.60,11.44,10.18
500,0.00,194.77,12.44,27.46
600,0.00,245.49,12.44,21.18
700,0.00,283.61,12.44,27.50
800,1.25,326.28,12.44,29.28
900,0.00,385.16,12.44,14.84
1000,-0.35,422.39,13.11,22.05
2000,0.00,856.59,14.78,32.30
3000,2.09,1275.39,14.78,57.94
4000,0.00,1778.74,16.78,-0.96
5000,0.00,2219.92,16.78,2.30
6000,0.00,2656.42,16.78,10.24
7000,-1.42,3113.63,17.44,-2.52
8000,-0.70,3513.42,17.44,42.14
9000,0.38,3932.04,18.44,67.96
10000,2.31,4406.95,19.11,37.49
