episode,epReward,cumReward,cumRegret,empRegret
10,0.00,-1.28,3.78,5.72
20,0.00,2.21,4.44,6.68
30,1.26,6.38,4.44,6.95
40,0.16,10.64,6.11,7.14
50,0.00,16.22,6.11,6.00
60,1.14,19.15,6.11,7.52
70,0.00,23.65,6.11,7.46
80,0.00,27.16,6.11,8.39
90,-0.04,30.60,6.11,9.40
100,0.00,38.89,6.11,5.56
200,0.00,78.86,8.56,10.03
300,0.00,113.64,8.56,19.69
400,0.00,160.26,9.56,17.51
500,0.68,211.91,11.22,10.31
600,1.54,259.30,12.22,7.36
700,1.22,291.74,12.22,19.37
800,0.00,335.01,12.22,20.54
900,0.00,385.67,12.22,14.33
1000,0.00,424.91,12.89,19.53
2000,0.00,867.92,13.89,20.97
3000,0.00,1321.38,15.33,11.96
4000,0.00,1783.91,15.33,-6.13
5000,0.00,2240.71,16.33,-18.49
6000,0.00,2703.52,17.00,-36.85
7000,0.00,3143.80,17.44,-32.69
8000,0.60,3597.87,17.89,-42.31
9000,3.65,4057.27,19.89,-57.27
10000,0.00,4536.26,19.89,-91.81
