episode,epReward,cumReward,cumRegret,empRegret
10,3.63,5.89,8.86,19.43
20,2.63,25.89,8.86,24.76
30,-0.34,59.31,8.86,16.66
40,4.78,82.91,8.86,18.38
50,2.84,113.31,8.86,13.29
60,6.34,142.27,8.86,9.65
70,1.62,170.57,8.86,6.68
80,4.97,193.70,8.86,8.88
90,-0.16,215.58,12.24,12.31
100,4.46,244.10,12.24,9.11
200,-0.54,505.42,18.94,1.00
300,0.94,775.59,24.17,-15.95
400,0.12,1011.03,29.71,1.82
500,3.44,1265.64,29.71,0.42
600,2.92,1505.46,31.56,13.82
700,-0.72,1728.02,31.56,44.47
800,2.55,1982.05,35.26,43.66
900,1.28,2246.00,38.60,32.92
1000,3.92,2523.68,38.60,8.45
2000,3.84,5046.58,44.14,17.68
3000,0.44,7529.33,45.99,67.07
4000,7.65,10093.16,49.69,35.37
5000,1.21,12693.66,62.63,-33.00
6000,-0.97,15233.53,66.33,-40.74
7000,6.07,17815.93,73.40,-91.01
8000,7.28,20373.49,73.40,-116.43
9000,1.97,22880.89,76.78,-91.70
10000,2.61,25376.88,76.78,-55.56
