episode,epReward,cumReward,cumRegret,empRegret
10,2.79,27.82,9.98,7.37
20,4.22,63.63,14.85,6.74
30,3.21,105.76,14.85,-0.20
40,3.57,152.53,14.85,-11.79
50,2.52,191.54,14.85,-15.61
60,5.82,226.29,14.85,-15.17
70,2.93,263.89,14.85,-17.58
80,5.66,307.08,14.85,-25.58
90,5.92,338.31,14.85,-21.63
100,3.37,364.79,14.85,-12.93
200,3.27,706.08,14.85,-2.35
300,-0.60,1065.79,14.85,-10.19
400,6.01,1432.96,14.85,-25.49
500,2.62,1793.36,14.85,-34.02
600,4.53,2108.49,14.85,2.71
700,2.83,2432.91,14.85,30.15
800,0.46,2792.36,15.50,22.57
900,3.30,3156.53,15.50,10.27
1000,2.38,3499.52,15.50,19.15
2000,3.27,6978.59,16.15,58.74
3000,4.17,10500.95,17.28,55.04
4000,4.39,14068.81,18.42,5.85
5000,3.86,17448.25,18.42,145.08
6000,2.92,21011.63,18.42,100.36
7000,4.48,24610.05,19.07,20.61
8000,5.56,28070.01,19.07,79.31
9000,4.51,31541.17,19.07,126.82
10000,3.82,35109.09,22.57,77.57
