episode,epReward,cumReward,cumRegret,empRegret
10,0.00,0.07,2.22,4.37
20,-1.11,-1.04,4.00,9.93
30,0.00,-1.00,5.78,14.33
40,0.00,-0.28,7.78,18.06
50,0.00,3.13,10.11,19.09
60,0.00,8.55,11.11,18.12
70,0.10,10.26,11.78,20.85
80,0.00,11.44,14.11,24.11
90,0.00,14.48,14.78,25.52
100,3.10,20.01,15.22,24.44
200,0.00,51.56,16.89,37.33
300,0.00,99.38,16.89,33.95
400,0.00,150.45,16.89,27.33
500,-0.81,184.43,17.89,37.80
600,0.00,246.86,17.89,19.81
700,0.00,292.11,17.89,19.00
800,0.00,319.11,17.89,36.44
900,0.02,368.26,18.89,31.74
1000,0.00,418.34,18.89,26.11
2000,2.11,854.29,19.89,34.59
3000,0.00,1301.96,20.89,31.37
4000,-0.68,1741.70,21.33,36.07
5000,0.00,2173.96,21.33,48.26
6000,0.00,2665.19,21.33,1.48
7000,0.00,3093.16,22.33,17.95
8000,-0.20,3488.37,22.78,67.19
9000,0.00,3908.16,22.78,91.84
10000,2.48,4377.14,22.78,67.30
