episode,epReward,cumReward,cumRegret,empRegret
10,2.16,44.34,3.16,0.49
20,3.04,99.29,3.16,-9.64
30,7.56,145.44,4.24,-10.96
40,4.23,195.42,5.52,-16.12
50,7.28,238.11,7.27,-13.98
60,6.20,292.70,8.54,-23.75
70,2.05,338.96,10.30,-25.17
80,6.80,380.50,10.30,-21.89
90,5.40,431.24,10.30,-27.81
100,4.64,479.93,10.30,-31.67
200,2.75,933.63,11.30,-37.10
300,3.83,1383.25,12.58,-38.46
400,0.73,1850.51,15.75,-57.46
500,5.39,2280.07,15.75,-38.76
600,4.90,2725.47,15.75,-35.90
700,6.66,3154.44,15.75,-16.61
800,4.12,3618.81,15.75,-32.71
900,3.61,4068.97,15.75,-34.61
1000,5.83,4503.05,15.75,-20.42
2000,4.48,8878.15,15.75,87.10
3000,4.92,13351.08,15.75,96.79
4000,1.45,17916.17,15.75,14.32
5000,3.12,22387.43,22.89,25.69
6000,1.88,26837.93,24.77,57.82
7000,6.75,31329.20,24.77,49.17
8000,2.64,35755.82,24.77,105.17
9000,6.97,40327.62,24.77,16.00
10000,5.37,44856.33,24.77,-30.08
