episode,epReward,cumReward,cumRegret,empRegret
10,0.94,2.37,4.11,2.07
20,0.16,3.91,5.44,4.97
30,0.87,8.66,6.89,4.67
40,0.00,10.89,9.00,6.89
50,-1.38,14.19,11.00,8.04
60,-0.13,21.22,12.00,5.45
70,-0.65,20.14,12.44,10.97
80,-0.46,23.02,12.89,12.54
90,0.18,29.72,13.78,10.28
100,0.03,36.92,13.78,7.53
200,0.57,86.27,15.44,2.62
300,0.29,122.83,16.44,10.50
400,1.77,173.60,16.44,4.18
500,2.39,224.74,17.44,-2.52
600,0.86,268.83,19.11,-2.17
700,0.07,314.60,19.11,-3.49
800,1.09,346.35,19.11,9.20
900,1.06,400.27,20.78,-0.27
1000,-0.00,440.63,20.78,3.81
2000,0.82,898.75,23.44,-9.86
3000,-1.20,1250.13,25.11,83.20
4000,-1.55,1691.32,25.11,86.46
5000,0.53,2102.76,25.11,119.47
6000,-0.39,2551.73,25.11,114.94
7000,-0.81,2969.33,25.11,141.78
8000,1.37,3419.84,25.78,135.71
9000,-1.43,3838.10,25.78,161.90
10000,0.08,4306.11,25.78,138.33
