episode,epReward,cumReward,cumRegret,empRegret
10,1.85,19.29,10.10,18.14
20,4.96,66.68,10.10,8.19
30,5.51,113.04,10.10,-0.74
40,7.24,161.77,10.10,-12.04
50,2.88,209.79,10.10,-22.62
60,4.02,242.24,10.10,-17.64
70,1.87,279.32,10.10,-17.28
80,4.71,318.86,10.10,-19.39
90,0.78,359.40,10.10,-22.50
100,6.83,396.23,10.10,-21.89
200,2.53,760.12,12.99,-11.45
300,3.04,1140.92,12.99,-17.92
400,0.32,1484.50,12.99,12.84
500,6.45,1852.69,16.62,18.98
600,4.73,2213.73,16.62,32.28
700,4.47,2587.28,16.62,33.06
800,4.29,2947.88,16.62,46.79
900,4.52,3325.84,16.62,43.16
1000,0.32,3693.55,16.62,49.79
2000,5.09,7427.80,16.62,58.88
3000,4.07,11171.87,20.24,58.14
4000,5.07,14854.87,25.87,118.49
5000,4.44,18665.82,25.87,50.87
6000,2.74,22377.60,25.87,82.44
7000,5.19,26168.26,29.49,35.11
8000,2.91,29843.39,29.49,103.32
9000,3.43,33562.97,29.49,127.09
10000,3.31,37297.24,29.49,136.15
