episode,epReward,cumReward,cumRegret,empRegret
10,-0.15,4.14,4.22,0.31
20,0.00,8.66,8.89,0.23
30,0.49,17.90,12.89,-4.57
40,-1.34,16.54,17.56,1.24
50,-1.31,11.90,21.11,10.32
60,-1.30,19.73,25.11,6.94
70,2.82,31.62,27.78,-0.51
80,0.20,30.16,30.89,5.39
90,-1.13,36.99,33.11,3.01
100,0.71,37.57,34.89,6.87
200,0.55,67.97,40.22,20.91
300,0.00,94.39,41.22,38.95
400,-1.21,133.01,41.22,44.77
500,-1.33,179.91,41.67,42.31
600,2.20,240.34,42.67,26.33
700,0.45,272.50,42.67,38.61
800,0.79,318.10,42.67,37.45
900,-2.97,357.72,43.33,42.28
1000,-0.28,382.88,43.33,61.56
2000,-1.63,863.20,45.67,25.69
3000,1.40,1350.13,46.33,-16.79
4000,-1.12,1849.76,49.00,-71.98
5000,-1.76,2374.28,49.00,-152.05
6000,2.18,2836.76,49.00,-170.09
7000,1.25,3282.35,49.00,-171.24
8000,0.98,3759.59,49.00,-204.04
9000,2.73,4202.20,49.67,-202.20
10000,1.19,4672.04,50.67,-227.60
