episode,epReward,cumReward,cumRegret,empRegret
10,4.04,16.76,8.79,13.79
20,3.76,47.31,8.95,13.81
30,-2.37,73.59,9.35,18.08
40,3.70,107.39,9.59,14.83
50,0.70,132.51,10.36,20.27
60,5.37,167.28,10.44,16.06
70,1.47,196.92,13.00,16.98
80,3.58,226.39,13.00,18.06
90,3.58,270.31,13.00,4.70
100,3.28,299.90,13.00,5.65
200,1.84,631.54,13.00,-20.43
300,3.15,933.69,13.00,-17.02
400,2.09,1243.16,17.54,-20.92
500,5.12,1549.87,18.91,-22.07
600,3.20,1839.43,22.08,-6.08
700,5.35,2153.25,22.08,-14.34
800,3.07,2476.71,22.08,-32.23
900,7.02,2771.34,22.08,-21.31
1000,5.05,3062.67,22.08,-7.08
2000,0.82,6146.35,22.08,-35.17
3000,2.31,9149.06,22.08,17.71
4000,2.88,12278.35,22.08,-55.99
5000,2.12,15385.29,22.08,-107.35
6000,3.18,18469.67,22.08,-136.13
7000,0.90,21489.84,22.08,-100.72
8000,0.77,24584.77,22.08,-140.06
9000,5.18,27760.67,22.08,-260.37
10000,1.91,30707.29,22.08,-151.39
