episode,epReward,cumReward,cumRegret,empRegret
10,1.47,1.90,4.00,2.54
20,0.00,4.04,6.44,4.85
30,-0.06,11.03,9.11,2.30
40,-0.07,7.51,9.56,10.27
50,1.33,13.00,10.89,9.22
60,-0.95,17.47,11.33,9.20
70,-0.44,14.12,11.33,16.99
80,-0.13,15.85,11.78,19.70
90,0.33,20.31,12.22,19.69
100,1.51,28.72,12.22,15.73
200,0.36,57.72,13.22,31.17
300,-0.78,76.18,14.22,57.15
400,1.48,137.52,15.22,40.25
500,0.15,187.56,15.22,34.66
600,-0.20,212.89,15.22,53.78
700,-0.03,265.04,15.22,46.08
800,0.25,314.50,15.22,41.06
900,0.42,359.78,15.22,40.22
1000,1.40,423.03,15.22,21.42
2000,1.53,898.87,16.89,-9.98
3000,1.93,1302.83,16.89,30.50
4000,-0.89,1647.10,17.89,130.67
5000,0.44,2056.05,17.89,166.18
6000,0.75,2514.68,18.56,151.98
7000,0.18,2968.64,18.56,142.47
8000,3.10,3433.19,18.56,122.37
9000,-0.72,3858.80,18.56,141.20
10000,-1.47,4264.15,18.56,180.29
