episode,epReward,cumReward,cumRegret,empRegret
10,2.04,42.46,6.18,7.07
20,5.28,101.61,7.43,-2.56
30,5.10,148.65,7.76,-0.07
40,6.96,191.52,8.02,6.58
50,7.13,248.38,8.02,-0.75
60,7.89,302.44,8.35,-5.28
70,0.56,346.01,8.35,0.67
80,4.77,397.78,8.35,-1.57
90,6.49,450.39,8.35,-4.66
100,4.13,502.13,8.35,-6.87
200,3.05,985.20,13.07,5.32
300,2.47,1492.55,13.40,-6.78
400,3.42,1984.87,13.40,-3.83
500,4.10,2472.73,13.73,3.56
600,3.71,2999.39,13.99,-27.84
700,4.80,3488.20,15.81,-21.39
800,2.42,3992.41,16.60,-30.34
900,1.07,4476.59,17.71,-19.27
1000,2.36,4972.75,18.59,-20.16
2000,7.03,9954.92,21.36,-49.75
3000,4.11,14906.05,23.97,-48.30
4000,1.92,19920.95,26.83,-110.61
5000,3.39,24769.02,29.89,-6.09
6000,4.28,29682.32,30.15,33.19
7000,5.44,34639.60,31.29,28.50
8000,3.86,39686.21,32.16,-65.53
9000,5.39,44701.95,34.44,-128.69
10000,5.05,49600.48,34.97,-74.62
