episode,epReward,cumReward,cumRegret,empRegret
10,-3.35,-7.47,18.06,10.64
20,-0.62,-21.77,34.21,28.12
30,-0.34,-40.10,50.02,49.61
40,0.17,-39.63,59.30,52.32
50,1.52,-41.20,72.25,57.06
60,-6.31,-60.79,84.32,79.82
70,-2.35,-62.04,93.42,84.24
80,-1.73,-62.18,96.33,87.55
90,1.00,-68.22,103.57,96.76
100,-0.50,-70.17,105.84,101.88
200,-0.18,-49.98,137.16,113.41
300,0.51,-20.05,162.76,115.19
400,-1.37,10.93,187.71,115.93
500,1.23,34.46,213.42,124.11
600,-2.78,66.31,233.84,123.98
700,1.62,83.97,255.02,138.03
800,4.59,104.28,277.70,149.44
900,0.57,130.85,300.39,154.58
1000,3.40,186.74,324.24,130.40
2000,0.34,282.71,572.28,351.58
3000,0.71,363.30,823.76,588.13
4000,-0.80,544.28,1060.92,724.30
5000,2.86,604.56,1329.38,981.15
6000,-1.18,648.49,1588.47,1254.36
7000,-0.43,693.60,1841.80,1526.40
8000,1.82,623.43,2108.40,1913.71
9000,0.31,691.56,2360.22,2162.72
10000,1.95,718.18,2611.70,2453.25
