episode,epReward,cumReward,cumRegret,empRegret
10,0.00,-2.72,2.78,7.17
20,0.00,-1.26,4.78,10.15
30,0.00,-4.82,7.00,18.15
40,0.00,-5.72,9.33,23.50
50,1.24,-1.58,12.33,23.81
60,0.00,-1.58,15.33,28.25
70,0.49,3.93,18.00,27.18
80,0.00,6.15,18.00,29.40
90,3.23,14.38,18.44,25.62
100,0.35,18.24,19.11,26.20
200,0.00,55.23,21.11,33.66
300,0.00,87.45,21.11,45.88
400,0.00,120.38,23.11,57.40
500,3.21,175.87,23.11,46.35
600,0.00,224.59,23.11,42.07
700,0.00,273.77,23.11,37.34
800,1.78,309.83,23.11,45.72
900,0.00,360.81,23.11,39.19
1000,0.00,414.35,23.11,30.09
2000,0.00,886.97,26.56,1.92
3000,0.00,1312.43,26.56,20.90
4000,0.92,1762.99,26.56,14.79
5000,2.20,2249.06,27.00,-26.83
6000,0.00,2703.73,27.00,-37.06
7000,0.00,3149.84,27.00,-38.72
8000,0.00,3569.41,27.00,-13.85
9000,0.23,3972.42,27.00,27.58
10000,2.18,4407.76,27.00,36.69
