episode,epReward,cumReward,cumRegret,empRegret
10,3.55,0.63,4.67,3.82
20,0.00,1.61,7.22,7.28
30,0.66,7.50,7.22,5.83
40,0.00,9.05,7.89,8.73
50,0.32,10.00,7.89,12.22
60,1.70,17.05,8.89,9.61
70,0.00,21.01,8.89,10.10
80,2.42,27.57,8.89,7.99
90,0.00,31.38,8.89,8.62
100,0.11,36.95,9.89,7.50
200,0.00,77.80,10.56,11.09
300,0.86,111.56,11.22,21.78
400,0.00,148.76,11.89,29.01
500,0.00,192.29,12.56,29.94
600,0.00,223.70,14.22,42.96
700,-0.44,274.90,14.22,36.22
800,2.50,325.23,14.89,30.32
900,1.22,371.92,15.89,28.08
1000,0.00,401.69,16.89,42.75
2000,0.00,806.00,18.89,82.89
3000,0.00,1246.62,19.89,86.71
4000,0.00,1696.39,19.89,81.39
5000,0.00,2167.69,19.89,54.54
6000,1.12,2625.76,21.89,40.91
7000,1.64,3065.96,21.89,45.15
8000,3.33,3517.24,21.89,38.31
9000,0.00,3925.97,21.89,74.03
10000,-0.11,4381.93,21.89,62.51
