episode,epReward,cumReward,cumRegret,empRegret
10,-2.39,-20.02,5.71,16.97
20,0.50,-31.08,9.04,24.98
30,-2.53,-43.18,16.20,34.02
40,-0.21,-54.37,22.49,42.16
50,0.99,-63.79,26.44,48.53
60,-3.09,-77.04,32.40,58.73
70,-0.72,-85.52,39.27,64.16
80,0.57,-94.77,47.89,70.36
90,0.40,-104.73,52.28,77.26
100,-1.14,-113.39,56.06,82.87
200,0.76,-168.69,78.56,107.66
300,-2.73,-206.11,89.25,114.56
400,-1.00,-299.93,104.96,177.86
500,-2.28,-341.20,115.61,188.62
600,-2.34,-393.32,126.23,210.23
700,-0.55,-429.88,136.32,216.27
800,-2.41,-498.58,152.56,254.46
900,-2.98,-560.90,166.12,286.26
1000,1.03,-605.36,177.35,300.20
2000,4.41,-1026.45,307.45,416.14
3000,-3.24,-1477.45,439.35,561.98
4000,2.60,-1846.33,574.59,625.70
5000,4.86,-2369.00,717.56,843.21
6000,-0.74,-2770.31,841.59,939.37
7000,2.05,-3165.85,975.02,1029.75
8000,-0.08,-3576.33,1105.62,1135.07
9000,-0.94,-4030.91,1237.93,1284.49
10000,-4.96,-4392.80,1359.73,1341.22
