episode,epReward,cumReward,cumRegret,empRegret
10,1.18,-1.91,3.11,6.36
20,0.00,-1.25,6.11,10.14
30,0.00,-2.32,9.44,15.65
40,0.00,-1.84,11.89,19.62
50,0.00,-1.84,16.56,24.07
60,-0.87,-0.88,20.56,27.54
70,0.58,-0.58,23.56,31.69
80,0.00,4.04,23.56,31.51
90,0.00,4.55,25.22,35.45
100,0.84,5.50,25.22,38.94
200,0.00,29.23,25.22,59.66
300,0.00,74.86,25.22,58.47
400,3.06,129.50,25.22,48.28
500,0.00,162.93,25.22,59.29
600,0.00,195.75,25.22,70.91
700,1.26,235.29,25.22,75.82
800,0.98,292.38,25.22,63.18
900,1.81,330.48,25.22,69.52
1000,0.00,384.98,25.22,59.46
2000,0.00,837.48,25.22,51.40
3000,-1.31,1247.29,25.22,86.05
4000,0.00,1682.53,25.67,95.25
5000,-0.62,2121.99,25.67,100.23
6000,-0.16,2570.89,25.67,95.78
7000,0.00,3039.45,25.67,71.67
8000,0.00,3493.00,25.67,62.56
9000,1.24,3905.17,25.67,94.83
10000,1.23,4394.04,25.67,50.41
