episode,epReward,cumReward,cumRegret,empRegret
10,-2.17,-0.31,4.44,4.76
20,0.25,-1.01,6.44,9.89
30,0.05,-0.45,9.67,13.79
40,0.00,-0.45,14.33,18.23
50,0.00,-0.48,17.56,22.70
60,0.00,0.69,18.89,25.98
70,1.15,1.84,22.22,29.27
80,0.00,4.56,22.89,30.99
90,0.00,6.53,23.56,33.47
100,0.00,7.73,23.56,36.71
200,0.00,66.78,24.89,22.11
300,0.00,112.18,25.89,21.15
400,0.00,158.70,25.89,19.08
500,0.00,198.42,25.89,23.81
600,0.00,240.11,25.89,26.55
700,0.00,271.34,25.89,39.77
800,0.00,308.09,25.89,47.47
900,0.64,350.65,25.89,49.35
1000,0.00,393.69,25.89,50.75
2000,0.04,841.84,25.89,47.05
3000,0.00,1223.23,28.89,110.10
4000,0.97,1718.06,29.89,59.72
5000,0.00,2197.77,29.89,24.45
6000,0.00,2660.21,29.89,6.46
7000,2.62,3120.15,30.33,-9.04
8000,0.00,3608.74,30.33,-53.18
9000,0.48,4049.93,30.33,-49.93
10000,0.00,4466.17,30.33,-21.73
