episode,epReward,cumReward,cumRegret,empRegret
10,-0.88,0.58,4.89,3.86
20,-3.04,-3.98,7.33,12.87
30,0.86,-5.47,10.89,18.81
40,2.36,-5.41,15.44,23.18
50,-0.73,-8.70,19.67,30.92
60,-1.42,-11.32,24.11,37.99
70,-0.17,-1.66,28.78,32.77
80,-0.28,-8.65,32.78,44.21
90,0.26,-14.99,37.78,54.99
100,0.64,-16.28,42.89,60.72
200,-0.00,-6.28,59.33,95.17
300,0.12,33.57,63.11,99.76
400,1.59,68.94,64.89,108.84
500,-0.88,97.71,67.89,124.51
600,1.21,145.24,67.89,121.42
700,0.92,200.62,67.89,110.49
800,-0.94,244.52,67.89,111.03
900,0.85,280.89,68.56,119.11
1000,0.15,323.70,68.56,120.75
2000,0.78,703.87,68.56,185.02
3000,-1.11,1172.02,69.22,161.31
4000,-0.63,1673.61,69.22,104.16
5000,-1.62,2182.03,69.22,40.19
6000,1.03,2590.56,69.89,76.11
7000,-0.18,3118.15,69.89,-7.04
8000,1.71,3524.12,71.22,31.43
9000,-0.28,4022.14,71.22,-22.14
10000,1.30,4461.57,71.22,-17.13
