episode,epReward,cumReward,cumRegret,empRegret
10,1.60,4.22,3.67,0.22
20,1.72,3.54,8.89,5.34
30,2.28,-3.49,13.44,16.83
40,0.67,-3.74,17.44,21.51
50,1.25,0.30,20.56,21.92
60,-1.62,-0.91,23.89,27.57
70,-0.21,8.62,26.11,22.49
80,-0.05,7.76,29.89,27.79
90,2.28,11.07,32.11,28.93
100,-0.87,12.62,33.89,31.82
200,0.23,51.68,49.44,37.21
300,-1.79,89.85,53.56,43.48
400,1.72,144.32,54.00,33.46
500,-0.01,180.47,54.00,41.75
600,1.53,228.62,54.00,38.04
700,0.90,281.32,54.00,29.79
800,0.99,338.39,54.67,17.17
900,-0.34,363.04,55.67,36.96
1000,1.60,393.69,55.67,50.75
2000,1.99,816.68,57.33,72.21
3000,1.59,1273.11,57.33,60.22
4000,-0.95,1721.45,58.67,56.33
5000,1.48,2153.76,60.67,68.46
6000,0.77,2623.87,60.67,42.80
7000,1.93,3146.97,61.67,-35.86
8000,0.36,3628.56,62.33,-73.01
9000,1.52,4033.53,62.33,-33.53
10000,1.22,4488.93,63.00,-44.48
