episode,epReward,cumReward,cumRegret,empRegret
10,-0.18,3.95,3.44,0.50
20,0.66,3.50,5.22,5.39
30,0.00,2.00,6.78,11.33
40,-0.91,0.80,11.00,16.98
50,-0.30,4.79,11.89,17.43
60,-0.07,8.70,12.89,17.96
70,-0.85,13.89,12.89,17.22
80,0.08,17.43,12.89,18.13
90,1.41,16.88,12.89,23.12
100,-2.28,18.06,12.89,26.39
200,2.28,56.61,15.33,32.28
300,-0.89,99.03,16.00,34.31
400,0.94,134.14,16.00,43.63
500,-1.17,186.03,16.00,36.19
600,1.84,257.92,16.00,8.74
700,-0.24,326.32,16.67,-15.21
800,2.70,372.88,16.67,-17.33
900,0.31,404.50,16.67,-4.50
1000,0.62,469.74,17.67,-25.30
2000,1.29,858.34,20.33,30.55
3000,0.11,1267.24,21.33,66.09
4000,-3.03,1706.63,22.00,71.15
5000,-0.13,2181.74,23.00,40.48
6000,3.31,2661.68,25.67,4.99
7000,0.07,3098.52,25.67,12.59
8000,-0.29,3459.83,25.67,95.73
9000,-0.36,3919.05,25.67,80.95
10000,1.28,4327.62,26.33,116.83
