episode,epReward,cumReward,cumRegret,empRegret
10,-3.48,-21.95,5.38,6.84
20,-3.06,-39.76,6.95,9.52
30,1.38,-55.36,9.66,10.01
40,-1.76,-75.68,10.78,15.20
50,-3.56,-93.84,13.13,18.25
60,-3.46,-102.63,14.97,11.92
70,1.32,-118.51,18.56,12.69
80,-2.27,-152.31,22.74,31.37
90,0.42,-167.42,23.99,31.36
100,-0.20,-187.56,26.99,36.38
200,-1.85,-384.14,55.65,81.79
300,1.07,-592.71,79.71,139.18
400,-2.33,-752.60,104.48,147.90
500,-3.00,-917.72,127.95,161.84
600,0.74,-1088.13,150.84,181.07
700,2.77,-1267.06,176.81,208.82
800,1.12,-1449.81,208.03,240.40
900,-0.06,-1640.75,231.66,280.16
1000,-0.44,-1786.37,257.63,274.60
2000,-2.85,-3550.62,517.80,527.08
3000,-3.31,-5348.80,768.70,813.49
4000,-3.96,-7118.32,1031.87,1071.24
5000,-1.73,-8906.88,1283.35,1348.03
6000,-6.32,-10718.23,1547.10,1647.61
7000,0.01,-12535.09,1821.39,1952.70
8000,-0.12,-14191.56,2078.71,2097.40
9000,-4.29,-16120.97,2350.65,2515.04
10000,0.36,-17959.26,2610.32,2841.56
