episode,epReward,cumReward,cumRegret,empRegret
10,-0.53,1.59,2.89,2.86
20,0.07,2.18,6.22,6.71
30,-0.93,6.27,9.11,7.06
40,-1.19,5.09,12.67,12.69
50,-0.83,-3.23,15.78,25.45
60,1.07,-0.54,18.89,27.21
70,1.28,2.64,23.22,28.47
80,1.74,4.95,26.44,30.61
90,0.93,3.76,28.44,36.24
100,1.44,2.43,29.78,42.01
200,0.65,56.80,31.11,32.09
300,1.08,106.86,31.11,26.48
400,1.59,150.12,33.11,27.66
500,0.71,192.20,34.11,30.02
600,0.11,249.97,36.11,16.69
700,1.08,308.36,36.11,2.75
800,0.89,357.61,37.11,-2.06
900,1.60,415.16,37.11,-15.16
1000,-1.31,459.28,37.11,-14.83
2000,1.13,897.19,39.78,-8.30
3000,-0.07,1366.42,43.44,-33.08
4000,-1.41,1843.84,44.11,-66.06
5000,-1.10,2281.60,44.78,-59.38
6000,0.76,2741.40,44.78,-74.73
7000,0.36,3219.36,44.78,-108.25
8000,0.53,3623.53,44.78,-67.97
9000,1.19,4108.05,44.78,-108.05
10000,0.25,4596.78,44.78,-152.33
