episode,epReward,cumReward,cumRegret,empRegret
10,-0.92,10.30,7.27,10.69
20,3.71,29.45,10.99,12.53
30,1.94,46.70,11.19,16.28
40,-1.08,65.99,11.56,17.97
50,1.84,83.02,11.91,21.93
60,2.14,101.39,13.85,24.56
70,3.05,118.48,14.28,28.45
80,2.24,135.34,14.62,32.58
90,1.27,159.35,14.99,29.56
100,1.63,180.86,15.30,29.05
200,1.00,394.83,18.97,24.98
300,-1.15,601.08,23.92,28.64
400,2.70,809.99,29.03,29.63
500,1.66,1003.03,34.57,46.50
600,0.79,1210.86,38.29,48.57
700,2.55,1413.26,42.01,56.08
800,5.40,1642.68,45.62,36.57
900,2.30,1808.85,49.57,80.30
1000,4.44,1992.64,54.46,106.42
2000,1.95,4029.99,91.94,168.12
3000,3.05,6082.89,129.80,214.29
4000,0.66,8180.70,168.55,215.53
5000,2.91,10260.00,205.86,235.29
6000,4.64,12400.25,245.49,194.09
7000,2.85,14350.32,283.70,343.08
8000,-0.23,16295.68,323.02,496.78
9000,-0.59,18261.45,362.01,630.07
10000,3.26,20203.77,400.64,786.80
