episode,epReward,cumReward,cumRegret,empRegret
10,2.23,23.00,5.15,14.50
20,5.28,59.14,5.15,15.87
30,1.98,98.98,5.15,13.53
40,3.54,145.69,5.15,4.33
50,4.64,181.43,5.15,6.08
60,2.89,221.71,5.15,3.31
70,5.06,262.57,7.07,-0.04
80,4.65,300.67,7.07,-0.64
90,2.06,328.25,7.07,9.28
100,4.47,362.98,7.07,12.05
200,2.64,716.22,16.86,33.85
300,4.62,1081.27,16.86,43.83
400,6.07,1465.03,20.71,35.11
500,2.16,1829.98,22.64,45.19
600,5.83,2194.21,24.57,55.99
700,7.14,2574.79,24.57,50.44
800,-0.11,2937.59,32.64,62.68
900,1.60,3304.37,32.64,70.93
1000,4.60,3657.76,32.64,92.57
2000,1.62,7447.53,35.86,53.13
3000,5.08,11258.42,51.28,-7.42
4000,4.89,14997.36,58.28,3.97
5000,1.10,18619.60,58.28,132.07
6000,1.29,22471.99,62.14,30.01
7000,4.22,26137.77,62.14,114.56
8000,2.30,29903.14,65.21,99.53
9000,0.25,33697.32,65.21,55.68
10000,2.78,37449.98,65.21,53.36
