episode,epReward,cumReward,cumRegret,empRegret
10,0.00,1.79,3.11,2.66
20,-1.58,-7.05,7.56,15.94
30,0.00,-9.12,11.56,22.46
40,0.10,-15.46,15.33,33.24
50,1.17,-16.43,18.44,38.65
60,-2.09,-25.66,22.22,52.32
70,-1.69,-23.30,26.44,54.41
80,1.55,-24.78,30.89,60.33
90,-1.38,-20.93,34.89,60.93
100,-1.16,-19.66,38.44,64.10
200,1.49,4.26,76.33,84.62
300,-1.33,26.89,84.44,106.44
400,-0.50,67.37,85.44,110.41
500,1.81,110.96,85.44,111.26
600,1.54,136.17,85.44,130.50
700,-2.09,196.53,85.44,114.58
800,0.78,246.11,85.44,109.44
900,1.27,276.06,85.44,123.94
1000,-0.46,309.06,86.44,135.39
2000,0.87,778.41,88.44,110.48
3000,-1.57,1264.48,89.44,68.86
4000,-0.67,1769.88,89.44,7.89
5000,1.64,2171.94,90.11,50.29
6000,0.09,2549.06,90.11,117.61
7000,1.72,2916.06,90.11,195.05
8000,-1.97,3353.52,90.78,202.03
9000,-0.04,3811.26,90.78,188.74
10000,1.51,4226.27,91.78,218.17
