episode,epReward,cumReward,cumRegret,empRegret
10,-2.68,0.66,5.00,3.78
20,2.60,-1.73,8.11,10.62
30,-1.16,-6.57,12.89,19.91
40,0.04,-4.87,17.56,22.65
50,1.54,-3.10,21.56,25.32
60,-0.49,-3.55,24.67,30.22
70,-1.47,-3.63,28.22,34.74
80,0.05,-5.44,32.22,41.00
90,-0.95,-11.01,36.22,51.01
100,-0.56,-14.40,40.22,58.84
200,-1.09,-21.13,79.33,110.02
300,-3.31,-27.38,122.33,160.72
400,0.11,2.33,166.22,175.45
500,-0.56,12.46,209.33,209.76
600,0.24,14.80,254.00,251.86
700,-0.34,3.97,298.67,307.14
800,-1.77,6.48,342.67,349.07
900,2.29,7.16,387.67,392.84
1000,-0.67,8.82,432.11,435.62
2000,0.66,24.47,877.22,864.42
3000,-1.55,93.85,1321.33,1239.48
4000,1.17,98.68,1765.89,1679.10
5000,2.06,129.39,2210.33,2092.84
6000,0.30,149.32,2655.33,2517.35
7000,1.48,202.97,3099.78,2908.14
8000,0.10,219.98,3544.78,3335.57
9000,1.20,192.71,3989.22,3807.29
10000,-0.86,182.70,4433.67,4261.74
