episode,epReward,cumReward,cumRegret,empRegret
10,0.00,-1.71,5.22,6.16
20,-0.46,2.22,8.11,6.66
30,2.06,-1.31,11.22,14.64
40,1.68,-0.52,15.89,18.30
50,-1.53,-4.31,19.67,26.53
60,1.73,-7.21,24.67,33.87
70,0.00,-8.17,27.44,39.28
80,-0.04,-5.66,28.78,41.22
90,0.21,-8.44,31.00,48.44
100,0.23,-14.63,33.22,59.07
200,0.51,0.11,57.22,88.77
300,0.43,38.78,62.56,94.56
400,0.11,78.39,62.56,99.39
500,-0.48,110.88,62.56,111.34
600,1.78,143.08,62.56,123.59
700,0.30,197.18,62.56,113.93
800,-0.84,249.94,63.56,105.62
900,-2.20,274.01,63.56,125.99
1000,4.32,321.81,63.56,122.64
2000,-0.41,773.52,65.22,115.36
3000,1.70,1274.31,65.22,59.02
4000,-1.77,1714.99,66.89,62.79
5000,1.67,2166.42,67.89,55.80
6000,0.57,2569.23,68.89,97.43
7000,1.91,3017.27,68.89,93.84
8000,-0.60,3405.11,68.89,150.44
9000,0.44,3785.61,68.89,214.39
10000,0.07,4266.00,69.56,178.45
