episode,epReward,cumReward,cumRegret,empRegret
10,0.52,14.83,4.67,-10.39
20,-1.98,2.31,9.11,6.57
30,-2.33,7.17,13.56,6.16
40,3.35,14.33,18.00,3.44
50,-0.31,17.17,22.44,5.06
60,-0.70,20.52,26.89,6.14
70,-1.34,23.32,31.33,7.79
80,-1.93,21.19,35.78,14.36
90,-1.69,17.47,40.22,22.53
100,-1.17,11.02,44.67,33.42
200,-2.99,9.98,89.11,78.91
300,-0.87,40.99,133.33,92.34
400,-2.09,10.05,177.78,167.73
500,3.91,22.80,222.22,199.42
600,-0.08,12.16,266.22,254.51
700,-0.33,1.90,310.67,309.21
800,-2.19,-0.73,355.11,356.28
900,-0.87,-16.94,399.56,416.94
1000,-1.13,-28.62,444.00,473.07
2000,-0.64,-40.41,889.00,929.29
3000,-0.14,19.76,1333.44,1313.57
4000,1.79,-5.66,1777.89,1783.44
5000,-0.44,-27.21,2222.33,2249.43
6000,2.66,-82.34,2666.33,2749.01
7000,2.57,-50.30,3111.33,3161.42
8000,2.38,-57.26,3555.78,3612.82
9000,0.03,-38.45,4000.22,4038.45
10000,1.19,-105.55,4444.89,4550.00
