episode,epReward,cumReward,cumRegret,empRegret
10,0.77,-3.57,29.98,39.34
20,1.65,31.30,29.98,40.24
30,4.52,68.49,29.98,38.82
40,5.84,102.72,29.98,40.35
50,2.38,128.86,29.98,49.99
60,5.40,164.43,29.98,50.18
70,6.27,207.57,29.98,42.82
80,5.51,245.44,29.98,40.72
90,4.20,280.20,29.98,41.72
100,2.50,320.42,29.98,37.27
200,2.07,658.62,32.07,56.76
300,5.79,1027.66,32.07,45.41
400,3.82,1402.82,32.07,27.94
500,1.50,1742.31,32.07,46.14
600,1.78,2084.98,32.07,61.16
700,6.98,2447.90,32.07,55.93
800,2.72,2827.04,32.07,34.48
900,3.08,3176.06,32.07,43.15
1000,2.41,3532.31,32.07,44.59
2000,6.23,7178.43,34.15,-24.63
3000,1.36,10827.34,34.15,-96.65
4000,6.93,14472.87,39.98,-165.28
5000,6.58,18026.39,39.98,-141.90
6000,5.86,21656.70,49.57,-195.31
7000,0.95,25294.27,49.57,-255.98
8000,0.05,28777.13,49.57,-161.95
9000,1.23,32333.10,51.65,-141.01
10000,6.43,35897.23,56.11,-128.25
