episode,epReward,cumReward,cumRegret,empRegret
10,-1.48,-6.31,3.04,5.23
20,0.20,-9.80,5.26,7.62
30,0.20,-13.54,7.93,10.28
40,-1.98,-11.69,11.85,7.33
50,-3.35,-17.81,14.63,12.37
60,1.72,-19.56,17.75,13.03
70,0.97,-26.73,19.89,19.12
80,-1.01,-35.00,22.62,26.29
90,-0.60,-32.41,24.97,22.61
100,1.01,-32.73,26.84,21.85
200,1.34,-66.28,39.43,44.52
300,-2.29,-68.31,49.24,35.66
400,-1.65,-98.66,58.98,55.12
500,2.22,-104.60,70.18,50.19
600,-0.85,-96.50,79.35,31.20
700,-1.35,-106.92,88.72,30.74
800,0.26,-141.60,97.24,54.54
900,-0.62,-136.48,107.96,38.53
1000,-3.75,-169.62,117.64,60.79
2000,1.01,-391.89,211.70,174.23
3000,1.47,-628.38,312.54,301.89
4000,-1.07,-857.63,411.30,422.31
5000,-0.12,-1081.27,509.18,537.12
6000,-1.14,-1349.54,605.96,696.55
7000,-0.24,-1629.45,709.00,867.64
8000,1.44,-1881.86,810.30,1011.21
9000,-0.48,-2100.35,908.55,1120.87
10000,1.17,-2275.63,1013.38,1187.32
