episode,epReward,cumReward,cumRegret,empRegret
10,-0.30,11.46,5.17,3.82
20,1.52,23.12,5.17,7.44
30,0.79,36.75,5.17,9.09
40,1.00,44.29,11.50,16.83
50,-1.17,48.89,11.50,27.51
60,-0.12,66.58,11.50,25.10
70,1.94,93.33,11.50,13.63
80,0.79,113.02,11.50,9.22
90,1.75,133.26,11.50,4.27
100,2.17,162.84,11.50,-10.04
200,1.91,306.63,11.50,-1.03
300,-1.57,419.85,11.50,38.56
400,-0.27,585.86,11.50,25.35
500,0.51,757.55,11.50,6.46
600,2.39,909.08,11.50,7.72
700,-0.04,1077.82,11.50,-8.22
800,2.49,1232.77,11.50,-10.37
900,-1.43,1384.80,11.50,-9.59
1000,1.85,1537.61,11.50,-9.59
2000,0.49,3139.25,14.96,-83.23
3000,2.60,4607.51,14.96,-23.47
4000,3.72,6160.46,14.96,-48.42
5000,0.60,7638.86,14.96,1.19
6000,2.36,9150.47,14.96,17.60
7000,5.25,10673.92,14.96,22.15
8000,4.37,12231.76,14.96,-7.67
9000,0.32,13785.59,14.96,-33.49
10000,1.16,15355.39,14.96,-75.28
