episode,epReward,cumReward,cumRegret,empRegret
10,-1.41,-8.82,7.06,19.95
20,2.27,4.51,8.61,17.76
30,3.73,12.29,8.96,21.10
40,1.94,25.74,8.96,18.79
50,0.93,40.40,10.54,15.26
60,1.06,45.55,10.66,21.25
70,0.94,41.76,10.77,36.17
80,-1.07,54.06,10.77,35.00
90,-0.24,67.73,10.77,32.47
100,7.78,77.54,10.77,33.78
200,4.11,160.38,13.29,62.26
300,-0.86,293.13,14.66,40.85
400,2.41,394.56,16.71,50.74
500,1.60,520.05,19.39,36.57
600,4.83,646.04,19.39,21.91
700,0.04,779.74,19.39,-0.48
800,1.43,880.45,19.39,10.14
900,3.46,1016.06,19.39,-14.14
1000,3.83,1171.18,19.39,-57.94
2000,0.13,2370.58,20.74,-144.10
3000,1.01,3494.65,20.74,-154.92
4000,5.29,4528.56,24.83,-75.60
5000,2.73,5551.84,24.83,14.36
6000,-1.10,6641.36,24.83,38.09
7000,2.01,7786.59,24.83,6.09
8000,-0.82,8935.61,24.83,-29.69
9000,0.04,10150.52,26.18,-131.35
10000,-2.81,11394.72,26.18,-262.31
