episode,epReward,cumReward,cumRegret,empRegret
10,1.98,-0.35,10.13,4.51
20,-1.89,1.60,15.36,6.71
30,4.13,16.87,15.52,-4.40
40,-0.77,8.96,15.52,7.67
50,0.35,6.50,18.58,14.28
60,0.50,10.21,18.58,14.74
70,-2.59,18.22,20.43,10.89
80,3.89,14.26,22.28,19.01
90,-1.86,10.05,23.21,27.37
100,0.54,21.57,23.21,20.01
200,0.25,66.79,30.95,16.37
300,-5.07,93.95,32.23,30.78
400,-3.75,165.20,37.34,1.10
500,0.40,183.41,37.34,24.47
600,4.73,240.45,37.34,9.01
700,-0.92,276.57,37.34,14.47
800,-0.86,316.99,40.40,15.63
900,-0.96,389.27,40.40,-15.08
1000,4.79,439.20,40.40,-23.43
2000,0.93,945.54,46.83,-114.01
3000,2.51,1433.34,48.10,-186.03
4000,-2.42,1780.43,51.47,-117.36
5000,0.04,2274.77,51.47,-195.93
6000,3.88,2483.04,54.54,11.56
7000,2.74,2954.13,55.81,-43.76
8000,-2.27,3190.66,55.81,135.48
9000,0.62,3646.08,57.08,95.83
10000,2.32,4050.58,58.35,107.09
