episode,epReward,cumReward,cumRegret,empRegret
10,1.92,3.17,3.78,1.27
20,1.41,8.08,6.11,0.81
30,0.45,11.20,8.22,2.14
40,0.00,19.13,8.22,-1.35
50,0.76,24.67,8.22,-2.45
60,0.00,26.01,8.22,0.66
70,0.00,28.54,8.22,2.57
80,0.00,35.04,8.89,0.51
90,0.84,35.11,8.89,4.89
100,0.00,38.66,8.89,5.78
200,0.00,80.83,9.56,8.06
300,0.00,128.83,10.22,4.50
400,0.00,171.07,10.89,6.71
500,0.00,225.08,10.89,-2.86
600,0.00,278.95,11.89,-12.28
700,0.00,326.94,11.89,-15.83
800,0.00,375.84,12.89,-20.29
900,0.00,418.77,12.89,-18.77
1000,0.00,469.79,12.89,-25.34
2000,3.24,966.84,15.56,-77.95
3000,0.00,1407.23,15.56,-73.90
4000,0.00,1854.08,18.00,-76.30
5000,1.64,2237.24,18.00,-15.01
6000,0.00,2615.74,18.00,50.92
7000,1.04,3017.35,18.67,93.76
8000,0.00,3500.68,18.67,54.87
9000,0.00,3933.89,19.67,66.11
10000,0.59,4395.65,19.67,48.79
