episode,epReward,cumReward,cumRegret,empRegret
10,-1.13,-22.50,9.34,16.28
20,0.21,-24.37,12.00,11.94
30,-1.02,-35.70,14.67,17.05
40,1.18,-42.02,16.95,17.15
50,-2.09,-61.27,18.47,30.19
60,1.14,-63.18,18.47,25.88
70,-0.79,-66.66,21.14,23.15
80,-1.50,-76.39,21.14,26.66
90,2.05,-77.56,21.14,21.61
100,-1.61,-83.85,21.14,21.69
200,-2.68,-182.85,27.82,58.52
300,-2.26,-265.29,30.10,78.80
400,0.77,-333.32,36.12,84.66
500,-0.16,-371.52,39.12,60.70
600,-1.82,-447.85,40.27,74.87
700,1.47,-505.86,40.27,70.71
800,0.94,-596.86,40.27,99.55
900,1.02,-635.92,40.27,76.45
1000,0.82,-680.99,40.27,59.35
2000,0.45,-1292.02,41.42,48.74
3000,2.38,-1836.37,42.57,-28.55
4000,-2.34,-2424.49,42.57,-62.07
5000,-1.19,-3143.04,43.72,34.84
6000,2.33,-3701.25,43.72,-28.59
7000,-2.98,-4345.81,44.86,-5.67
8000,-1.62,-5013.48,44.86,40.36
9000,0.79,-5774.01,48.68,179.25
10000,1.79,-6485.15,48.68,268.75
