episode,epReward,cumReward,cumRegret,empRegret
10,8.24,57.67,7.43,9.95
20,7.11,128.15,7.43,7.09
30,6.28,189.35,7.43,13.51
40,5.28,249.54,7.43,20.94
50,8.55,325.16,7.43,12.94
60,5.72,389.40,7.43,16.32
70,7.46,461.02,7.43,12.32
80,8.21,538.48,7.43,2.48
90,7.85,600.00,7.43,8.58
100,4.44,682.79,7.43,-6.58
200,7.98,1358.25,7.43,-5.85
300,9.26,2032.31,11.87,-3.71
400,7.44,2737.83,11.87,-33.02
500,5.56,3414.28,11.87,-33.27
600,6.67,4088.47,11.87,-31.26
700,3.56,4741.02,11.87,-7.61
800,6.52,5407.60,11.87,2.02
900,6.60,6065.93,11.87,19.89
1000,3.42,6732.26,11.87,29.76
2000,4.16,13590.97,11.87,-66.93
3000,3.47,20359.74,11.87,-73.68
4000,8.09,26989.47,11.87,58.62
5000,8.03,33777.98,11.87,32.12
6000,8.42,40564.40,20.76,7.72
7000,4.79,47369.15,26.38,-35.01
8000,6.73,54128.29,26.38,-32.13
9000,8.33,60823.63,26.38,34.55
10000,8.48,67563.93,26.38,56.28
