episode,epReward,cumReward,cumRegret,empRegret
10,-1.81,-17.70,6.25,13.19
20,-1.91,-27.96,10.43,18.95
30,-2.43,-35.97,10.90,22.46
40,4.10,-49.21,17.02,31.20
50,0.21,-58.90,17.33,36.38
60,-0.57,-53.94,17.33,26.92
70,0.91,-49.14,17.33,17.61
80,-2.86,-61.99,17.33,25.96
90,-0.51,-76.01,17.33,35.47
100,-0.34,-73.16,17.33,28.12
200,-1.26,-107.15,17.33,17.07
300,2.61,-142.36,21.06,7.24
400,-0.73,-202.80,23.54,22.64
500,1.28,-229.84,25.27,4.64
600,2.76,-255.34,26.51,-14.90
700,-1.63,-299.27,26.51,-16.01
800,-1.49,-368.00,27.75,7.68
900,-2.06,-411.03,27.75,5.67
1000,2.15,-458.32,29.00,7.92
2000,-0.03,-946.23,33.03,45.43
3000,1.42,-1410.70,33.03,59.50
4000,-0.75,-1842.02,33.03,40.42
5000,0.99,-2268.44,34.27,16.43
6000,-1.95,-2768.53,34.27,66.13
7000,-0.53,-3256.98,34.27,104.18
8000,-3.83,-3697.66,36.08,94.46
9000,-1.29,-4206.50,36.08,152.90
10000,-0.76,-4682.52,36.08,178.51
