episode,epReward,cumReward,cumRegret,empRegret
10,-2.38,-0.36,3.56,4.80
20,-1.29,4.28,8.22,4.61
30,0.86,12.55,13.56,0.78
40,0.42,18.53,17.67,-0.75
50,-0.86,22.71,21.67,-0.49
60,2.37,25.38,26.33,1.28
70,-1.39,25.25,30.56,5.87
80,1.39,25.41,33.67,10.14
90,0.19,28.56,37.22,11.44
100,0.07,34.27,41.22,10.18
200,-1.82,41.25,77.00,47.63
300,1.00,82.08,82.67,51.25
400,1.41,122.17,83.67,55.61
500,2.05,186.58,84.11,35.64
600,-0.56,229.45,85.78,37.22
700,1.24,265.15,86.22,45.96
800,-0.31,293.33,87.22,62.23
900,0.77,349.51,87.22,50.49
1000,3.03,401.97,87.22,42.48
2000,0.07,828.01,88.89,60.88
3000,-0.05,1245.60,90.89,87.73
4000,-1.20,1710.45,91.56,67.33
5000,-2.49,2141.09,92.56,81.13
6000,-1.11,2627.32,92.56,39.35
7000,0.20,3054.23,94.22,56.88
8000,1.65,3562.75,94.22,-7.20
9000,1.94,4010.70,94.22,-10.70
10000,-0.26,4457.92,94.22,-13.48
