episode,epReward,cumReward,cumRegret,empRegret
10,7.65,64.27,2.73,-1.15
20,8.04,126.54,2.73,-0.31
30,7.95,191.84,2.73,-2.50
40,6.73,258.65,2.73,-6.21
50,7.78,330.52,2.73,-14.96
60,5.13,393.42,2.73,-14.74
70,7.24,452.60,2.73,-10.81
80,6.31,516.60,2.73,-11.71
90,5.80,566.60,2.73,1.41
100,4.38,628.76,2.73,2.36
200,3.61,1261.64,2.73,0.60
300,3.54,1894.57,5.46,-1.21
400,5.31,2510.87,10.91,13.61
500,5.72,3138.43,10.91,17.18
600,5.70,3777.43,13.64,9.29
700,8.32,4369.48,13.64,48.36
800,4.68,4994.10,13.64,54.86
900,6.64,5597.03,19.08,83.05
1000,6.98,6218.04,19.08,93.17
2000,6.06,12502.86,28.88,119.55
3000,6.78,18855.97,40.55,77.64
4000,9.07,25170.21,40.55,74.60
5000,8.27,31516.95,40.55,39.06
6000,6.40,37928.20,40.55,-60.99
7000,8.57,44319.76,45.44,-141.35
8000,8.58,50633.83,45.44,-144.22
9000,7.23,56853.79,45.44,-52.97
10000,7.74,63196.40,45.44,-84.38
