episode,epReward,cumReward,cumRegret,empRegret
10,0.00,-0.41,1.33,4.86
20,0.00,3.63,4.44,5.26
30,0.00,5.21,5.78,8.12
40,0.00,15.30,6.44,2.48
50,0.00,19.12,7.78,3.11
60,0.00,20.12,7.78,6.55
70,0.00,22.00,7.78,9.11
80,0.00,22.84,9.44,12.72
90,1.09,27.53,10.11,12.47
100,2.46,34.02,10.11,10.43
200,0.00,85.71,10.78,3.18
300,-1.24,137.04,10.78,-3.71
400,0.10,169.45,11.78,8.33
500,0.61,223.04,12.78,-0.82
600,0.00,284.72,12.78,-18.05
700,0.64,328.37,12.78,-17.26
800,0.00,364.59,12.78,-9.03
900,0.00,413.89,13.78,-13.89
1000,0.00,447.41,13.78,-2.97
2000,0.00,861.39,14.78,27.50
3000,0.39,1320.69,15.22,12.64
4000,0.19,1761.04,15.22,16.74
5000,0.19,2236.91,15.67,-14.69
6000,0.00,2699.45,15.67,-32.79
7000,0.00,3109.84,15.67,1.27
8000,0.00,3577.19,16.67,-21.64
9000,1.51,4038.30,16.67,-38.30
10000,0.00,4492.81,16.67,-48.36
