episode,epReward,cumReward,cumRegret,empRegret
10,5.62,35.35,11.67,17.28
20,3.65,89.03,11.67,16.22
30,6.50,138.85,11.67,19.03
40,4.51,186.23,11.67,24.28
50,7.19,232.31,11.67,30.82
60,3.57,291.09,13.44,24.67
70,1.95,346.66,13.44,21.74
80,1.76,396.56,13.44,24.46
90,3.31,452.43,14.13,21.22
100,6.57,505.70,14.47,20.58
200,3.78,1060.70,15.50,-8.15
300,1.02,1585.95,15.50,-7.13
400,3.20,2076.88,15.85,28.22
500,5.05,2616.62,15.85,14.76
600,8.81,3187.50,15.85,-29.85
700,7.79,3708.21,15.85,-24.28
800,2.06,4235.36,15.85,-25.16
900,4.06,4768.63,18.31,-32.15
1000,6.79,5322.18,18.66,-59.42
2000,4.24,10492.74,23.08,32.77
3000,4.70,15808.29,23.08,-20.02
4000,10.77,21086.17,23.08,-35.15
5000,5.37,26386.17,25.29,-72.39
6000,6.23,31708.63,25.29,-132.10
7000,8.02,36892.97,25.29,-53.69
8000,3.93,42257.47,25.29,-155.44
9000,3.14,47566.54,25.29,-201.75
10000,4.25,52821.57,27.50,-194.02
