episode,epReward,cumReward,cumRegret,empRegret
10,0.54,0.66,3.11,3.78
20,-0.49,-2.89,7.67,11.78
30,1.42,2.39,11.78,10.94
40,-1.67,-1.24,16.00,19.02
50,0.71,1.92,19.89,20.31
60,-0.50,5.40,20.33,21.26
70,0.00,11.66,22.56,19.45
80,0.66,8.37,24.67,27.19
90,0.98,11.05,27.56,28.95
100,0.85,19.39,28.00,25.06
200,2.21,50.55,29.00,38.33
300,-0.64,93.82,29.00,39.52
400,0.99,130.36,29.00,47.42
500,0.65,165.24,29.00,56.98
600,-0.85,196.08,29.00,70.58
700,0.19,261.47,31.00,49.64
800,2.32,303.94,31.00,51.61
900,1.50,313.89,31.00,86.11
1000,0.02,361.43,31.00,83.01
2000,0.44,764.07,34.00,124.82
3000,1.21,1195.05,34.67,138.28
4000,0.30,1652.96,34.67,124.82
5000,1.90,2086.79,34.67,135.43
6000,0.38,2498.10,34.67,168.57
7000,2.89,2910.22,34.67,200.89
8000,1.56,3406.58,35.33,148.98
9000,0.62,3895.85,35.33,104.15
10000,0.92,4384.43,35.33,60.02
