episode,epReward,cumReward,cumRegret,empRegret
10,1.38,1.08,3.44,3.36
20,1.47,2.34,5.22,6.55
30,0.00,6.88,5.22,6.45
40,-0.25,7.78,5.22,10.00
50,0.00,6.73,5.89,15.49
60,0.00,9.55,7.89,17.11
70,0.00,11.90,7.89,19.21
80,0.00,16.28,9.56,19.28
90,0.00,18.49,9.56,21.51
100,1.11,21.25,9.56,23.19
200,0.39,57.69,12.22,31.20
300,0.30,103.23,16.22,30.10
400,0.00,152.74,16.22,25.04
500,0.00,198.58,16.89,23.64
600,1.74,241.11,17.56,25.56
700,0.00,298.47,17.56,12.64
800,0.00,343.36,17.56,12.20
900,0.00,387.51,17.56,12.49
1000,0.84,442.77,17.56,1.67
2000,0.99,892.27,20.67,-3.38
3000,0.00,1303.98,22.67,29.35
4000,0.00,1715.14,22.67,62.64
5000,2.54,2173.74,23.33,48.48
6000,1.81,2585.76,23.78,80.91
7000,0.00,3027.52,23.78,83.59
8000,-1.00,3471.51,23.78,84.04
9000,0.00,3958.63,23.78,41.37
10000,0.00,4406.03,23.78,38.41
