episode,epReward,cumReward,cumRegret,empRegret
10,0.38,3.75,4.11,0.70
20,0.43,0.65,7.89,8.24
30,-1.85,0.44,12.67,12.89
40,4.56,12.74,16.89,5.04
50,-2.08,6.29,20.89,15.93
60,0.00,7.36,25.00,19.30
70,-0.92,8.99,26.33,22.12
80,1.18,10.01,29.89,25.55
90,-3.23,6.64,34.11,33.36
100,3.29,11.90,36.33,32.54
200,0.48,57.65,42.33,31.24
300,1.53,92.28,42.33,41.06
400,1.09,121.30,42.33,56.48
500,-0.11,182.32,43.33,39.90
600,2.42,217.37,43.33,49.30
700,0.06,249.66,44.00,61.45
800,-0.67,285.01,44.00,70.55
900,2.69,332.44,45.00,67.56
1000,-0.69,362.04,45.00,82.40
2000,0.97,814.66,47.33,74.23
3000,-0.01,1216.89,49.00,116.45
4000,-1.31,1641.84,50.00,135.94
5000,0.23,2035.37,50.00,186.85
6000,-0.46,2466.61,52.00,200.06
7000,-0.54,2942.20,52.00,168.91
8000,0.57,3357.33,52.00,198.22
9000,-0.08,3794.04,52.67,205.96
10000,1.15,4245.10,52.67,199.34
