episode,epReward,cumReward,cumRegret,empRegret
10,-1.66,-11.85,6.13,15.59
20,-0.66,-23.00,11.75,30.48
30,-4.72,-24.90,20.13,36.13
40,0.41,-24.66,29.64,39.63
50,-2.73,-24.01,37.70,42.72
60,0.54,-26.71,44.48,49.17
70,1.04,-36.90,51.90,63.10
80,-0.59,-39.76,58.81,69.70
90,-0.05,-31.42,65.35,65.10
100,-0.01,-26.24,71.67,63.67
200,-1.38,-49.90,135.78,124.75
300,1.06,-70.33,199.88,182.60
400,-0.91,-102.58,263.29,252.28
500,1.76,-114.25,326.48,301.37
600,-1.50,-149.44,389.67,373.99
700,-2.59,-143.98,452.85,405.95
800,1.75,-146.79,516.39,446.19
900,-0.04,-164.08,579.58,500.90
1000,-2.35,-217.19,642.76,591.43
2000,-1.76,-527.12,1274.62,1275.61
3000,0.38,-826.78,1906.83,1949.53
4000,1.09,-1116.60,2538.68,2613.59
5000,-1.41,-1409.14,3171.24,3280.37
6000,-2.23,-1654.41,3803.10,3899.89
7000,-1.38,-1952.21,4434.95,4571.94
8000,-1.67,-2189.45,5066.80,5183.43
9000,0.54,-2421.94,5698.65,5790.17
10000,-1.26,-2771.08,6330.50,6513.56
