episode,epReward,cumReward,cumRegret,empRegret
10,4.70,38.00,1.68,0.20
20,3.32,69.37,4.68,7.03
30,2.29,106.22,4.68,8.38
40,4.02,150.38,4.68,2.41
50,2.86,177.88,7.56,13.12
60,7.57,217.63,7.56,11.57
70,1.20,247.87,7.56,19.53
80,1.44,281.11,7.56,24.49
90,5.91,325.42,7.56,18.37
100,3.01,361.55,7.56,20.45
200,6.23,719.94,10.56,44.06
300,3.25,1103.21,13.56,42.79
400,4.28,1485.04,14.31,42.95
500,1.83,1843.49,14.31,66.50
600,3.26,2270.83,14.31,21.16
700,6.04,2660.96,18.08,13.03
800,6.15,3039.61,18.08,16.37
900,4.44,3405.11,18.08,32.87
1000,5.05,3763.33,18.08,56.65
2000,1.43,7651.19,18.08,-11.23
3000,5.40,11506.10,18.08,-46.16
4000,5.66,15321.96,18.08,-42.05
5000,2.11,19000.43,22.02,99.46
6000,3.67,22807.18,22.02,112.70
7000,4.07,26645.67,26.08,94.18
8000,0.37,30449.33,26.08,110.50
9000,6.11,34317.47,26.08,62.34
10000,3.73,38162.72,26.08,37.06
