episode,epReward,cumReward,cumRegret,empRegret
10,0.20,-21.66,6.96,-0.34
20,-1.37,-35.22,10.00,-8.79
30,-1.25,-56.40,11.01,-9.61
40,-3.31,-72.21,11.20,-15.80
50,-4.07,-101.54,12.00,-8.47
60,-2.19,-117.74,13.19,-14.28
70,-1.11,-140.75,14.88,-13.26
80,-3.09,-161.83,16.07,-14.19
90,-6.83,-190.87,17.26,-7.15
100,-3.59,-208.78,18.65,-11.25
200,-2.77,-455.81,33.23,15.76
300,-0.50,-703.48,45.63,43.40
400,-2.98,-947.28,56.73,67.18
500,-0.14,-1151.91,69.22,51.78
600,-1.22,-1384.10,82.02,63.95
700,-3.80,-1609.46,95.10,69.28
800,-4.31,-1844.12,106.79,83.92
900,-3.37,-2098.08,120.47,117.86
1000,-2.71,-2356.60,133.55,156.35
2000,-2.49,-4631.91,261.71,231.41
3000,-0.82,-6855.00,391.74,254.25
4000,-2.06,-9188.74,522.75,387.75
5000,-3.30,-11548.19,657.14,546.94
6000,-1.95,-13874.72,789.94,673.23
7000,-2.11,-16208.39,920.37,806.64
8000,-5.35,-18553.36,1053.37,951.37
9000,-0.66,-20842.64,1186.37,1040.40
10000,-5.18,-23105.62,1320.95,1103.13
