episode,epReward,cumReward,cumRegret,empRegret
10,1.38,3.07,5.00,1.38
20,-1.07,-0.01,9.00,8.90
30,-0.24,-0.92,13.11,14.25
40,1.36,-5.30,16.33,23.08
50,1.75,3.73,17.33,18.49
60,2.47,7.00,17.78,19.67
70,0.83,10.90,18.78,20.21
80,-0.68,22.39,18.78,13.17
90,0.78,17.63,19.22,22.37
100,-3.40,23.11,19.22,21.34
200,0.76,57.99,20.22,30.90
300,-0.67,110.92,21.56,22.41
400,0.96,150.71,22.22,27.07
500,2.84,206.54,23.22,15.69
600,0.70,247.76,23.22,18.91
700,0.26,295.63,24.22,15.48
800,0.86,357.18,24.22,-1.62
900,0.23,399.07,24.22,0.93
1000,1.37,427.19,24.22,17.26
2000,-1.43,801.59,25.89,87.29
3000,0.10,1283.52,27.56,49.81
4000,-0.54,1729.19,28.22,48.58
5000,-0.31,2235.91,30.22,-13.69
6000,1.58,2647.46,30.22,19.20
7000,2.29,3063.09,31.22,48.02
8000,2.46,3544.11,32.22,11.45
9000,0.96,4026.71,32.22,-26.71
10000,1.49,4521.26,32.22,-76.81
