episode,epReward,cumReward,cumRegret,empRegret
10,3.08,17.83,13.37,10.84
20,2.91,30.26,19.40,27.09
30,0.63,51.48,27.16,34.54
40,1.34,78.43,31.63,36.27
50,2.78,109.38,32.77,34.00
60,2.41,138.87,33.90,33.18
70,0.85,170.54,33.90,30.19
80,3.38,189.82,33.90,39.58
90,4.08,213.51,33.90,44.57
100,4.15,241.31,36.61,45.44
200,2.07,531.43,41.09,42.06
300,3.81,834.52,41.09,25.72
400,0.67,1101.26,43.79,45.73
500,2.05,1387.92,43.79,45.81
600,4.92,1686.14,45.75,34.34
700,0.46,1973.08,48.56,34.15
800,2.72,2261.89,48.56,32.08
900,0.92,2572.90,48.56,7.82
1000,0.90,2858.32,48.56,9.15
2000,0.12,5721.73,54.02,13.22
3000,3.56,8488.05,54.02,114.37
4000,3.43,11300.45,54.02,169.44
5000,3.12,14182.79,54.02,154.57
6000,1.21,17017.28,54.02,187.56
7000,5.70,19953.18,54.02,119.13
8000,2.62,22797.19,56.73,142.59
9000,1.35,25568.19,56.73,239.06
10000,4.74,28373.61,56.73,301.12
