episode,epReward,cumReward,cumRegret,empRegret
10,3.80,11.49,5.73,5.05
20,3.81,26.07,8.09,7.01
30,-0.15,55.79,11.40,-6.17
40,2.71,70.57,18.44,-4.41
50,2.22,78.10,24.94,4.61
60,3.27,90.14,28.12,9.10
70,-1.36,97.95,31.10,17.83
80,-1.81,95.79,35.47,36.53
90,2.46,117.85,38.45,31.01
100,2.75,130.16,42.29,35.25
200,1.66,278.29,77.01,52.51
300,-3.59,412.25,110.93,83.95
400,-0.81,542.93,145.31,118.68
500,4.57,711.25,179.51,115.76
600,5.21,849.09,212.65,143.32
700,-1.59,1018.06,245.79,139.76
800,-0.26,1139.85,279.46,183.37
900,3.94,1270.33,312.60,218.29
1000,-2.47,1418.59,345.74,235.44
2000,2.04,2778.74,677.35,529.32
3000,2.51,4145.11,1008.43,816.96
4000,1.40,5397.96,1340.38,1218.14
5000,4.33,6836.10,1671.46,1434.03
6000,0.96,8124.99,2002.88,1799.16
7000,0.81,9355.15,2334.29,2223.03
8000,1.13,10762.49,2665.71,2469.71
9000,1.99,12166.57,2997.65,2719.66
10000,1.43,13548.32,3328.73,2991.93
