episode,epReward,cumReward,cumRegret,empRegret
10,0.00,3.14,4.11,1.31
20,0.00,3.40,6.89,5.49
30,1.26,9.58,7.56,3.75
40,1.78,17.95,8.22,-0.17
50,0.00,20.69,8.22,1.54
60,0.00,24.55,8.22,2.12
70,0.00,29.52,8.22,1.59
80,0.00,35.90,8.22,-0.34
90,1.94,40.85,8.22,-0.85
100,0.00,45.75,8.22,-1.30
200,0.00,74.92,9.89,13.97
300,0.00,115.31,10.89,18.03
400,2.88,150.13,11.89,27.65
500,1.38,188.69,11.89,33.53
600,0.00,244.05,11.89,22.62
700,3.77,281.45,11.89,29.66
800,0.00,334.63,11.89,20.93
900,0.00,381.79,11.89,18.21
1000,0.52,423.98,11.89,20.46
2000,0.00,858.15,13.89,30.73
3000,1.60,1272.67,15.00,60.66
4000,1.16,1722.14,15.00,55.64
5000,-0.40,2167.81,15.67,54.41
6000,0.00,2612.21,15.67,54.46
7000,0.00,3043.21,15.67,67.90
8000,0.00,3513.81,15.67,41.75
9000,0.00,3959.90,16.78,40.10
10000,0.04,4436.27,17.44,8.18
