episode,epReward,cumReward,cumRegret,empRegret
10,-1.68,-18.42,11.91,14.24
20,-0.21,-25.03,16.96,16.66
30,2.25,-33.28,18.10,20.74
40,0.47,-41.13,19.24,24.41
50,-4.16,-48.13,24.28,27.23
60,0.55,-56.83,26.57,31.75
70,-2.10,-58.23,26.57,28.97
80,0.48,-59.25,26.57,25.81
90,-0.73,-70.11,26.57,32.48
100,0.79,-71.22,26.57,29.41
200,-2.17,-88.56,26.57,4.95
300,1.79,-103.35,27.71,-22.06
400,0.43,-130.01,28.85,-37.20
500,-0.83,-148.17,28.85,-60.85
600,0.66,-176.69,31.31,-74.13
700,0.27,-214.81,31.31,-77.82
800,-1.06,-262.02,31.31,-72.42
900,1.31,-274.99,31.31,-101.25
1000,0.98,-306.09,32.63,-111.96
2000,-1.54,-701.05,41.76,-135.03
3000,-2.26,-1066.15,47.64,-187.98
4000,-0.59,-1480.38,57.31,-191.79
5000,-1.46,-1920.75,67.44,-169.47
6000,-3.42,-2418.38,82.81,-89.88
7000,-3.14,-2815.82,89.84,-110.48
8000,-1.63,-3244.65,89.84,-99.70
9000,-1.15,-3688.79,90.98,-73.61
10000,-0.06,-4161.90,90.98,-18.53
