episode,epReward,cumReward,cumRegret,empRegret
10,-0.49,-20.62,16.61,16.93
20,0.63,-31.02,21.27,23.64
30,-0.49,-42.61,27.05,31.53
40,0.04,-59.13,31.88,44.36
50,0.15,-73.77,34.12,55.30
60,-1.80,-84.47,35.25,62.31
70,-3.54,-94.45,38.62,68.60
80,1.85,-103.10,40.87,73.55
90,2.02,-104.69,42.00,71.45
100,1.15,-99.66,42.00,62.73
200,2.07,-121.20,42.00,47.34
300,-2.85,-152.13,42.00,41.33
400,-4.89,-221.84,45.70,74.10
500,-0.99,-248.70,45.70,64.03
600,-0.89,-276.90,45.70,55.30
700,0.01,-260.96,49.40,2.43
800,3.32,-316.93,49.40,21.47
900,-0.22,-377.84,49.40,45.44
1000,-1.14,-415.07,49.40,45.74
2000,-3.45,-814.81,49.40,76.15
3000,-1.70,-1220.76,49.40,112.77
4000,-0.10,-1628.62,53.10,151.29
5000,-0.87,-1936.47,53.10,89.81
6000,-0.52,-2328.95,53.10,112.96
7000,-0.84,-2664.21,53.10,78.88
8000,-2.23,-2992.49,53.10,37.83
9000,0.17,-3390.80,53.10,66.80
10000,0.87,-3794.02,53.10,100.70
