episode,epReward,cumReward,cumRegret,empRegret
10,-0.97,-4.14,3.11,8.59
20,0.00,-4.86,5.33,13.75
30,0.00,-4.13,7.33,17.47
40,1.49,4.73,8.00,13.05
50,0.94,7.50,8.00,14.72
60,0.00,14.68,8.00,11.99
70,0.26,19.13,8.00,11.98
80,0.00,27.29,8.00,8.27
90,0.00,29.68,8.00,10.32
100,1.62,31.20,8.00,13.25
200,0.00,69.70,10.33,19.19
300,0.32,110.73,11.33,22.60
400,0.00,152.94,13.33,24.84
500,0.00,187.89,13.33,34.33
600,0.00,247.24,13.33,19.42
700,0.89,304.51,14.33,6.60
800,0.00,344.05,15.33,11.51
900,0.38,398.60,16.00,1.40
1000,0.46,448.49,16.00,-4.04
2000,0.00,925.97,18.00,-37.08
3000,0.00,1396.61,18.67,-63.28
4000,1.80,1813.62,19.33,-35.84
5000,1.81,2260.31,19.33,-38.08
6000,0.00,2702.70,19.33,-36.04
7000,0.68,3120.17,20.33,-9.06
8000,0.76,3587.95,20.33,-32.40
9000,1.28,4064.03,21.33,-64.03
10000,1.91,4490.33,21.33,-45.89
