episode,epReward,cumReward,cumRegret,empRegret
10,-2.29,-14.08,13.48,16.42
20,-2.07,-20.21,16.35,24.89
30,0.99,-13.94,16.35,20.96
40,0.29,-4.08,16.35,13.44
50,-1.52,-6.41,16.35,18.11
60,0.50,-3.21,16.35,17.25
70,1.18,-2.02,16.35,18.41
80,-0.48,-4.12,16.35,22.85
90,3.82,-3.05,16.35,24.12
100,0.95,-4.75,16.35,28.16
200,2.79,27.81,16.35,19.01
300,-1.11,33.29,17.28,36.95
400,-0.64,79.50,20.46,14.15
500,2.17,115.76,20.46,1.30
600,2.16,156.89,25.58,-16.42
700,3.30,166.59,25.58,-2.71
800,0.58,174.16,25.58,13.14
900,2.32,186.57,25.58,24.14
1000,2.24,245.43,25.58,-11.30
2000,1.06,470.99,29.76,-2.75
3000,-0.16,751.90,29.76,-49.53
4000,1.73,980.25,31.31,-43.76
5000,-0.25,1178.67,31.31,-8.07
6000,-2.94,1350.82,33.64,53.91
7000,1.35,1508.33,33.64,130.52
8000,-1.89,1653.77,33.64,219.20
9000,0.11,1932.85,33.64,174.24
10000,2.97,2190.35,33.64,150.86
