episode,epReward,cumReward,cumRegret,empRegret
10,0.00,-1.05,2.67,5.50
20,0.00,-7.17,7.22,16.05
30,0.00,-4.77,9.22,18.10
40,0.00,-3.43,11.22,21.21
50,0.00,-2.52,12.89,24.75
60,0.08,-1.79,13.89,28.46
70,0.00,0.14,13.89,30.97
80,1.63,3.01,14.89,32.55
90,0.00,9.46,14.89,30.54
100,0.00,12.15,14.89,32.30
200,0.00,43.75,18.56,45.14
300,0.00,95.88,20.56,37.45
400,0.00,139.81,23.22,37.97
500,1.25,176.62,23.22,45.60
600,0.00,218.31,23.22,48.36
700,0.20,265.77,23.89,45.35
800,1.15,304.69,23.89,50.87
900,0.00,348.69,23.89,51.31
1000,0.00,386.25,23.89,58.19
2000,0.00,834.27,24.56,54.62
3000,0.69,1306.22,24.56,27.11
4000,2.45,1763.66,25.00,14.12
5000,0.00,2227.19,25.67,-4.97
6000,0.00,2675.66,26.11,-9.00
7000,2.41,3092.44,26.11,18.68
8000,0.18,3515.55,26.11,40.00
9000,0.00,4021.92,26.11,-21.92
10000,0.00,4441.87,26.11,2.57
