episode,epReward,cumReward,cumRegret,empRegret
10,2.48,8.56,2.47,-10.71
20,0.13,-0.04,7.30,-4.27
30,-2.36,-3.43,9.60,-3.03
40,0.93,-3.88,9.60,-4.74
50,0.43,-10.55,9.60,-0.22
60,0.53,-8.18,9.60,-4.74
70,-0.86,-4.89,9.60,-10.18
80,1.76,-5.45,9.60,-11.78
90,-2.65,-18.63,9.60,-0.75
100,0.91,-14.71,10.70,-6.82
200,-0.62,-22.04,13.54,-21.02
300,0.56,-52.79,15.73,-11.81
400,1.40,-65.70,16.83,-20.43
500,-3.00,-85.03,16.83,-22.64
600,-3.20,-98.96,16.83,-30.24
700,-3.52,-129.89,16.83,-20.85
800,0.29,-156.77,16.83,-15.50
900,0.27,-182.08,16.83,-11.73
1000,0.91,-226.58,17.93,11.24
2000,0.07,-436.49,19.02,5.81
3000,-1.00,-682.12,19.02,36.10
4000,1.70,-960.99,21.22,99.63
5000,-2.36,-1184.94,22.31,108.24
6000,1.56,-1409.78,22.31,117.73
7000,-3.48,-1616.04,23.41,108.65
8000,2.97,-1902.09,23.41,179.37
9000,-1.05,-2070.17,23.41,132.10
10000,3.02,-2305.84,23.41,152.43
