episode,epReward,cumReward,cumRegret,empRegret
10,4.58,16.98,8.39,8.61
20,2.93,44.72,11.01,6.45
30,3.49,72.29,12.56,4.47
40,3.02,102.91,12.78,-0.57
50,4.43,139.24,13.00,-11.30
60,3.53,173.06,14.31,-19.54
70,2.30,202.81,14.53,-23.70
80,4.04,229.87,14.75,-25.18
90,-1.59,252.45,15.18,-22.17
100,2.45,273.69,15.61,-17.83
200,-0.83,525.15,21.49,-13.42
300,4.00,760.85,40.24,6.75
400,1.09,984.08,68.10,39.37
500,4.32,1248.74,78.07,30.58
600,2.28,1489.64,91.52,45.55
700,2.35,1740.43,100.29,50.62
800,2.14,2005.04,106.82,41.87
900,2.97,2260.04,112.48,42.74
1000,0.93,2525.78,118.35,32.87
2000,1.22,5061.51,172.53,55.78
3000,3.17,7599.07,236.35,76.86
4000,4.44,10191.66,299.90,42.91
5000,0.66,12711.63,355.64,81.58
6000,0.64,15278.19,405.89,73.67
7000,2.04,17695.61,461.59,214.89
8000,3.85,20247.81,520.97,221.33
9000,3.60,22708.77,574.71,319.02
10000,5.35,25140.17,622.34,446.26
