episode,epReward,cumReward,cumRegret,empRegret
10,1.43,7.68,6.62,3.83
20,1.19,20.06,10.87,2.96
30,0.93,28.63,12.67,5.90
40,-0.91,39.18,13.56,6.86
50,0.49,47.75,13.95,9.80
60,3.89,69.47,14.71,-0.41
70,1.21,73.76,14.96,6.81
80,0.66,83.72,14.96,8.36
90,1.04,103.51,15.33,0.07
100,5.11,123.38,15.72,-8.29
200,2.34,224.07,19.67,6.13
300,-0.34,327.00,26.83,18.29
400,-1.73,449.20,34.21,11.19
500,2.14,560.97,42.50,14.51
600,3.57,679.27,49.29,11.31
700,1.12,788.20,58.39,17.49
800,-1.92,878.77,66.39,42.01
900,-0.81,990.11,74.87,45.76
1000,0.94,1084.95,82.99,66.02
2000,0.36,2207.59,165.16,94.36
3000,-1.10,3260.03,245.48,192.89
4000,2.65,4334.19,330.11,269.70
5000,1.06,5411.19,409.32,343.68
6000,5.15,6471.93,491.24,433.91
7000,1.61,7524.13,575.62,532.69
8000,0.23,8545.17,656.07,662.62
9000,-0.08,9647.54,739.22,711.22
10000,3.13,10776.57,822.99,733.17
