episode,epReward,cumReward,cumRegret,empRegret
10,0.00,-0.48,3.33,4.93
20,0.00,-1.70,6.44,10.59
30,0.00,-1.47,11.22,14.80
40,0.00,1.53,13.89,16.25
50,2.66,6.45,13.89,15.77
60,0.00,10.20,14.89,16.47
70,0.00,11.88,14.89,19.23
80,0.52,14.87,14.89,20.68
90,1.34,19.41,14.89,20.59
100,2.16,21.77,14.89,22.67
200,0.00,76.60,15.89,12.29
300,0.00,124.62,17.89,8.71
400,2.08,160.91,19.89,16.87
500,0.84,222.85,19.89,-0.62
600,1.15,278.75,20.89,-12.09
700,-1.10,321.50,21.89,-10.39
800,1.32,367.59,23.89,-12.04
900,0.00,408.40,23.89,-8.40
1000,-0.92,457.66,23.89,-13.22
2000,1.28,913.20,23.89,-24.31
3000,0.83,1356.34,23.89,-23.01
4000,0.00,1833.08,24.56,-55.30
5000,2.06,2279.08,24.56,-56.86
6000,0.00,2741.58,24.56,-74.91
7000,1.64,3199.81,25.89,-88.70
8000,0.00,3638.69,25.89,-83.13
9000,-0.07,4065.98,25.89,-65.98
10000,0.00,4515.89,25.89,-71.44
