episode,epReward,cumReward,cumRegret,empRegret
10,0.00,-0.21,2.33,4.66
20,2.65,7.16,8.11,1.73
30,4.09,18.91,12.56,-5.58
40,-0.05,27.69,17.00,-9.91
50,-1.62,27.93,21.44,-5.71
60,2.18,32.35,25.44,-5.69
70,0.06,29.90,29.89,1.21
80,2.44,29.37,34.33,6.18
90,-1.76,23.96,38.78,16.04
100,-2.81,23.62,43.22,20.83
200,1.95,16.95,88.78,71.94
300,1.18,16.00,133.22,117.33
400,-1.65,36.93,177.89,140.85
500,-1.26,40.93,221.89,181.30
600,-0.65,13.66,265.67,253.00
700,-0.24,1.34,309.89,309.77
800,1.17,0.32,354.33,355.23
900,-0.86,-18.49,398.78,418.49
1000,-1.93,-24.27,443.22,468.72
2000,0.81,-13.62,887.44,902.51
3000,0.21,-48.57,1331.00,1381.91
4000,0.15,-155.45,1774.56,1933.23
5000,-0.21,-164.22,2219.00,2386.44
6000,2.66,-166.54,2663.44,2833.20
7000,1.91,-109.52,3108.00,3220.63
8000,0.25,-103.06,3552.44,3658.62
9000,-2.53,-50.99,3997.11,4050.99
10000,1.27,6.06,4441.56,4438.39
