episode,epReward,cumReward,cumRegret,empRegret
10,0.00,-0.35,3.22,4.79
20,3.00,1.74,5.44,7.14
30,0.00,3.38,6.78,9.96
40,0.00,6.45,6.78,11.33
50,0.00,10.18,8.44,12.04
60,0.00,15.33,9.11,11.34
70,0.00,15.59,9.11,15.52
80,2.16,18.49,9.11,17.07
90,2.20,23.22,9.11,16.78
100,0.15,27.13,9.11,17.32
200,-0.17,67.32,10.11,21.57
300,0.00,114.07,10.11,19.26
400,0.00,158.65,10.11,19.12
500,0.02,211.74,10.11,10.48
600,2.47,248.31,11.11,18.35
700,1.43,287.13,13.11,23.98
800,0.00,321.82,13.78,33.74
900,1.70,383.46,13.78,16.54
1000,2.24,422.19,13.78,22.26
2000,1.99,849.73,14.78,39.16
3000,1.12,1329.47,17.11,3.86
4000,0.00,1728.08,18.11,49.69
5000,0.00,2147.68,18.11,74.54
6000,0.00,2640.88,18.11,25.79
7000,1.67,3136.64,19.11,-25.53
8000,0.00,3597.95,19.78,-42.39
9000,0.00,4026.17,19.78,-26.17
10000,0.00,4506.93,19.78,-62.49
