episode,epReward,cumReward,cumRegret,empRegret
10,1.02,-1.83,5.18,0.56
20,-2.07,-18.58,11.57,16.05
30,-1.95,-26.46,13.88,22.66
40,2.16,-28.49,19.45,23.43
50,2.23,-29.12,19.45,22.78
60,2.01,-31.92,19.45,24.32
70,-0.20,-33.27,19.45,24.40
80,3.20,-34.72,19.45,24.58
90,0.74,-38.02,19.45,26.62
100,1.18,-37.58,19.45,24.91
200,1.88,-28.21,19.45,2.86
300,-2.13,-34.73,19.45,-3.29
400,1.86,-77.85,19.45,27.17
500,3.98,-99.07,20.88,35.71
600,1.55,-138.07,21.59,62.04
700,2.44,-166.10,24.54,77.40
800,-0.17,-182.30,24.54,80.92
900,1.20,-205.49,24.54,91.44
1000,-1.04,-253.05,24.54,126.34
2000,-1.05,-370.13,24.54,116.69
3000,0.20,-530.33,26.65,150.18
4000,1.79,-733.50,28.30,226.63
5000,-0.09,-897.16,29.01,263.57
6000,1.19,-1086.58,29.71,326.28
7000,0.86,-1197.86,33.48,310.84
8000,2.11,-1348.40,33.48,334.67
9000,1.81,-1483.91,34.91,343.46
10000,1.29,-1649.78,36.35,382.61
