episode,epReward,cumReward,cumRegret,empRegret
10,-0.56,-2.16,5.00,6.61
20,0.00,-1.17,6.67,10.06
30,0.00,9.70,10.33,3.63
40,0.00,14.87,11.33,2.91
50,0.88,16.54,12.22,5.68
60,0.00,18.82,14.78,7.85
70,0.36,30.98,14.78,0.13
80,2.99,36.68,14.78,-1.13
90,-3.51,34.56,14.78,5.44
100,1.38,36.77,14.78,7.68
200,1.99,76.89,16.22,12.00
300,-0.91,111.31,18.56,22.02
400,0.96,154.94,18.56,22.84
500,2.57,201.25,18.56,20.97
600,0.87,255.27,18.56,11.40
700,-1.02,297.63,18.56,13.48
800,-0.10,349.30,19.56,6.26
900,0.02,370.41,19.56,29.59
1000,0.65,405.10,19.56,39.35
2000,-0.39,887.18,19.56,1.71
3000,0.82,1341.99,22.89,-8.66
4000,1.16,1784.08,23.89,-6.30
5000,2.02,2237.10,24.89,-14.88
6000,1.49,2678.21,24.89,-11.54
7000,-1.05,3118.04,25.56,-6.93
8000,0.84,3546.81,25.56,8.75
9000,-0.80,3948.79,25.56,51.21
10000,1.49,4443.95,26.56,0.49
