episode,epReward,cumReward,cumRegret,empRegret
10,-4.36,-31.44,12.28,15.91
20,0.99,-53.05,25.61,21.97
30,-0.91,-81.18,39.39,34.57
40,-1.68,-121.90,52.80,59.75
50,-4.71,-148.53,63.86,70.85
60,1.96,-180.67,71.28,87.46
70,-4.43,-210.52,81.58,101.77
80,-3.76,-228.88,91.15,104.60
90,-2.74,-260.24,102.11,120.41
100,-1.65,-285.07,107.71,129.72
200,-4.60,-459.16,124.99,148.45
300,-3.99,-601.19,124.99,135.12
400,-1.95,-768.94,124.99,147.52
500,-5.19,-935.46,124.99,158.68
600,2.89,-1070.40,124.99,138.26
700,0.12,-1213.33,124.99,125.83
800,0.80,-1350.26,124.99,107.41
900,-2.63,-1509.39,126.32,111.18
1000,-2.40,-1668.02,126.32,114.45
2000,-6.01,-3215.45,129.80,108.32
3000,1.75,-4790.86,129.80,130.16
4000,-1.74,-6226.94,129.80,12.68
5000,-1.76,-7768.23,132.46,0.40
6000,-6.77,-9153.13,132.46,-168.27
7000,0.53,-10807.10,132.46,-67.87
8000,0.94,-12322.16,133.79,-106.37
9000,-2.23,-13828.12,133.79,-153.97
10000,-3.99,-15228.41,133.79,-307.25
