episode,epReward,cumReward,cumRegret,empRegret
10,-0.78,2.09,3.78,2.35
20,-2.14,4.33,7.11,4.56
30,0.00,-3.18,11.33,16.52
40,0.00,-2.68,15.33,20.45
50,-0.96,1.45,20.33,20.77
60,0.72,-5.63,24.33,32.29
70,0.09,-8.67,28.78,39.78
80,0.20,-11.78,32.78,47.34
90,0.39,-8.91,37.44,48.91
100,1.31,-6.72,42.00,51.17
200,0.13,-14.57,84.22,103.46
300,-2.68,-3.29,127.44,136.62
400,0.75,-3.16,171.11,180.93
500,-0.76,11.08,208.89,211.14
600,-1.44,14.73,250.44,251.94
700,0.10,31.67,292.78,279.44
800,4.34,65.28,336.78,290.28
900,0.97,83.10,381.44,316.90
1000,0.77,53.03,426.44,391.41
2000,-1.49,59.09,871.00,829.80
3000,1.84,91.19,1317.11,1242.14
4000,1.47,86.71,1760.22,1691.07
5000,2.50,85.10,2204.67,2137.12
6000,0.34,52.12,2648.67,2614.55
7000,0.40,100.65,3092.67,3010.46
8000,1.85,117.54,3536.67,3438.02
9000,1.55,36.02,3981.11,3963.98
10000,2.64,-11.65,4425.67,4456.09
