episode,epReward,cumReward,cumRegret,empRegret
10,0.45,3.37,3.44,1.08
20,0.55,1.33,7.00,7.56
30,1.85,1.71,11.44,11.62
40,0.50,-2.58,15.67,20.35
50,0.46,-4.73,19.22,26.95
60,1.47,-4.20,21.00,30.87
70,1.33,-6.97,23.33,38.08
80,1.11,-7.47,24.78,43.03
90,-0.40,-11.30,25.78,51.30
100,-1.94,-3.57,25.78,48.01
200,-0.13,39.62,26.22,49.27
300,-0.33,93.79,26.22,39.55
400,-0.26,158.61,26.22,19.17
500,0.33,217.02,28.89,5.21
600,0.67,262.30,28.89,4.37
700,1.33,305.28,28.89,5.83
800,0.97,333.43,28.89,22.12
900,0.11,380.41,28.89,19.59
1000,1.31,423.10,28.89,21.34
2000,1.27,879.55,32.56,9.34
3000,2.52,1296.57,33.22,36.76
4000,-0.91,1744.02,33.22,33.76
5000,-1.14,2224.22,33.22,-2.00
6000,-1.03,2573.64,33.89,93.03
7000,0.33,3069.94,33.89,41.17
8000,-1.95,3473.74,34.89,81.82
9000,-0.62,3934.79,35.89,65.21
10000,0.64,4423.33,35.89,21.12
