episode,epReward,cumReward,cumRegret,empRegret
10,3.91,38.01,3.88,-4.30
20,4.51,83.88,6.63,-16.46
30,3.48,124.94,7.84,-23.81
40,5.34,164.08,8.44,-29.24
50,0.82,189.04,9.69,-20.49
60,3.34,223.41,10.77,-21.15
70,3.29,257.26,11.37,-21.29
80,3.84,283.25,11.67,-13.57
90,4.94,311.07,11.97,-7.68
100,6.00,328.95,12.56,8.15
200,6.74,663.70,18.26,10.50
300,3.85,1022.48,23.96,-11.18
400,1.79,1342.69,28.75,5.72
500,5.01,1696.15,33.10,-10.64
600,2.06,2034.64,37.60,-12.04
700,1.97,2414.42,42.84,-54.71
800,0.45,2754.24,48.40,-57.43
900,5.75,3079.43,53.64,-45.52
1000,4.47,3422.71,59.57,-51.70
2000,4.62,6827.14,115.42,-85.12
3000,4.14,10129.93,160.84,-16.90
4000,4.71,13406.78,210.15,77.26
5000,1.84,16745.98,258.57,109.07
6000,-0.28,20028.24,308.78,197.82
7000,3.29,23397.22,360.20,199.85
8000,3.19,26683.33,406.37,284.75
9000,4.22,29981.32,456.43,357.77
10000,3.73,33295.97,507.10,414.12
