episode,epReward,cumReward,cumRegret,empRegret
10,0.44,6.67,6.54,3.73
20,1.28,12.66,6.54,8.14
30,1.41,22.66,6.54,8.54
40,-0.04,21.94,6.54,19.67
50,2.09,36.10,7.70,15.90
60,1.08,58.00,7.70,4.40
70,-0.36,69.04,7.70,3.76
80,2.27,71.59,8.87,11.61
90,0.42,86.85,8.87,6.76
100,1.62,104.13,8.87,-0.13
200,0.05,190.44,12.36,17.57
300,-1.14,307.99,14.69,4.03
400,-0.52,368.47,15.86,47.56
500,2.10,477.22,17.02,42.81
600,0.05,601.53,17.02,22.51
700,0.47,705.03,17.02,23.02
800,1.63,758.99,17.02,73.06
900,-0.32,860.72,18.18,75.34
1000,0.36,971.30,18.18,68.77
2000,0.70,2091.79,21.68,-11.66
3000,1.28,3132.42,21.68,-12.22
4000,2.82,4168.59,25.17,-8.32
5000,0.34,5218.13,29.76,-17.80
6000,-1.13,6229.87,30.92,10.52
7000,1.23,7367.82,30.92,-87.35
8000,1.64,8434.37,30.92,-113.84
9000,-1.03,9440.93,30.92,-80.34
10000,-0.16,10529.00,30.92,-128.34
