episode,epReward,cumReward,cumRegret,empRegret
10,1.39,1.32,6.31,4.02
20,-1.58,0.80,12.78,9.87
30,4.28,5.62,14.42,10.39
40,0.95,5.71,15.48,15.65
50,-0.77,17.24,16.36,9.45
60,2.21,32.37,17.42,-0.34
70,-2.92,20.21,19.01,17.16
80,-0.23,31.06,19.89,11.65
90,-1.12,36.98,20.60,11.07
100,1.29,36.17,21.66,17.21
200,1.33,78.30,34.11,28.47
300,2.71,101.44,44.80,58.72
400,-1.41,170.00,52.39,43.55
500,-0.28,176.85,62.65,90.09
600,0.40,215.72,72.38,104.61
700,-1.01,250.19,82.81,123.52
800,1.22,293.23,92.52,133.88
900,-1.78,345.92,102.44,134.57
1000,-0.22,385.58,114.30,148.30
2000,0.13,957.65,208.40,110.10
3000,3.50,1538.10,303.68,63.53
4000,3.25,1852.81,401.10,282.70
5000,-0.50,2259.18,500.74,410.20
6000,2.67,2732.25,596.15,471.01
7000,5.32,3136.08,693.20,601.06
8000,-0.13,3512.31,787.09,758.71
9000,1.65,4029.91,888.10,774.99
10000,0.90,4462.93,986.91,875.84
