episode,epReward,cumReward,cumRegret,empRegret
10,-4.62,-5.84,9.56,2.80
20,2.16,-18.90,11.89,12.83
30,0.48,-11.97,11.89,2.85
40,-0.90,-13.50,13.73,1.34
50,-2.10,-17.74,14.23,2.54
60,1.86,-16.27,14.23,-1.96
70,2.47,-16.53,14.74,-4.74
80,-0.64,-27.48,18.42,3.17
90,-0.18,-27.05,20.44,-0.31
100,-2.46,-27.53,22.28,-2.87
200,-4.32,-80.37,25.71,19.58
300,-0.67,-109.87,28.14,18.69
400,0.13,-120.11,29.71,-1.46
500,-0.73,-159.44,31.12,7.48
600,-1.94,-191.25,33.55,8.89
700,0.64,-243.66,33.55,30.91
800,-0.55,-309.84,33.55,66.69
900,0.22,-326.96,33.55,53.41
1000,-0.82,-366.11,33.55,62.18
2000,-2.77,-714.68,33.55,106.81
3000,0.76,-1163.10,33.55,251.30
4000,-2.36,-1499.40,37.80,283.66
5000,-1.33,-1898.08,39.63,378.41
6000,-1.14,-2172.86,39.63,349.26
7000,-0.78,-2599.57,39.63,472.03
8000,-1.46,-2910.19,39.63,478.72
9000,-0.43,-3270.51,39.63,535.11
10000,-0.72,-3614.52,39.63,575.18
