episode,epReward,cumReward,cumRegret,empRegret
10,0.00,-2.70,3.89,7.14
20,0.00,0.25,7.78,8.64
30,0.00,6.04,9.33,7.29
40,-0.18,12.05,9.33,5.73
50,0.00,18.70,9.33,3.52
60,0.72,23.37,10.33,3.29
70,0.00,29.65,10.33,1.46
80,1.42,34.60,10.33,0.96
90,0.83,39.42,11.33,0.58
100,0.00,46.06,11.33,-1.62
200,0.00,87.80,12.33,1.09
300,0.00,142.17,12.33,-8.83
400,0.00,195.42,12.33,-17.64
500,0.00,234.80,12.33,-12.58
600,0.00,290.09,12.33,-23.43
700,0.00,323.45,12.33,-12.34
800,0.60,358.17,12.33,-2.62
900,0.00,415.85,12.33,-15.85
1000,0.00,482.33,13.00,-37.88
2000,0.00,894.82,14.00,-5.93
3000,0.00,1322.61,14.67,10.72
4000,0.00,1822.25,15.67,-44.48
5000,0.00,2236.51,15.67,-14.29
6000,1.12,2692.56,16.33,-25.89
7000,0.00,3135.85,16.33,-24.74
8000,1.71,3548.44,16.33,7.12
9000,0.00,3954.04,17.00,45.96
10000,0.00,4431.94,17.00,12.50
