episode,epReward,cumReward,cumRegret,empRegret
10,0.12,-14.52,9.61,13.82
20,0.17,-34.04,22.46,32.64
30,-1.08,-47.41,34.67,45.30
40,0.26,-54.39,45.87,51.58
50,2.39,-49.31,52.68,45.80
60,1.69,-48.79,59.26,44.58
70,0.05,-48.83,68.48,43.92
80,1.69,-56.26,74.49,50.64
90,0.85,-67.33,82.09,61.01
100,-0.63,-77.80,88.89,70.78
200,-2.27,-132.92,155.54,118.89
300,-0.19,-204.89,215.64,183.84
400,2.25,-266.73,275.73,238.68
500,-2.64,-399.39,335.82,364.32
600,1.57,-460.46,395.91,418.37
700,-0.74,-532.64,456.01,483.54
800,-2.89,-594.23,516.10,538.11
900,-6.45,-619.80,576.19,556.67
1000,0.40,-665.49,636.28,595.35
2000,-2.69,-1302.72,1237.21,1162.44
3000,-0.04,-1943.09,1836.93,1732.66
4000,0.14,-2552.55,2437.25,2271.97
5000,-1.34,-3112.94,3038.18,2762.23
6000,1.07,-3731.51,3638.50,3310.65
7000,0.74,-4288.38,4238.82,3797.37
8000,-2.96,-4954.22,4839.75,4393.07
9000,-4.31,-5608.07,5440.07,4976.78
10000,2.71,-6166.06,6040.99,5464.63
