episode,epReward,cumReward,cumRegret,empRegret
10,-0.12,-0.17,3.33,4.61
20,0.00,-0.74,6.22,9.63
30,0.00,0.69,10.00,12.64
40,0.00,4.12,10.67,13.66
50,-0.97,7.67,10.67,14.56
60,0.00,11.99,11.33,14.68
70,0.00,16.07,11.33,15.04
80,0.00,19.35,12.33,16.21
90,0.51,24.18,13.33,15.82
100,-0.71,26.13,13.33,18.32
200,0.00,63.80,13.33,25.09
300,2.90,119.72,16.33,13.62
400,0.00,163.39,17.33,14.39
500,-0.31,197.06,18.33,25.16
600,0.00,226.71,19.00,39.96
700,1.06,260.47,20.00,50.64
800,1.26,316.76,20.00,38.79
900,0.00,361.21,20.00,38.79
1000,0.00,399.40,20.00,45.05
2000,0.00,839.60,22.33,49.29
3000,0.00,1275.37,23.33,57.96
4000,-0.66,1707.14,25.33,70.64
5000,0.00,2155.40,25.33,66.82
6000,2.39,2596.78,25.33,69.89
7000,0.00,3017.34,25.33,93.77
8000,0.00,3469.10,26.00,86.46
9000,0.00,3860.53,26.00,139.47
10000,0.00,4325.81,26.67,118.64
