episode,epReward,cumReward,cumRegret,empRegret
10,1.58,18.99,7.34,6.08
20,3.43,40.30,7.34,9.84
30,3.70,70.05,7.34,5.16
40,1.56,94.88,7.34,5.40
50,0.71,114.36,9.55,10.99
60,3.64,135.63,9.55,14.79
70,5.15,157.84,9.55,17.65
80,2.04,180.88,9.55,19.68
90,2.76,212.34,9.55,13.29
100,2.57,232.83,9.55,17.86
200,1.66,512.07,14.64,-10.68
300,0.55,783.20,14.64,-31.11
400,1.43,1016.65,16.85,-13.86
500,3.83,1281.93,21.95,-28.44
600,3.95,1545.93,21.95,-41.75
700,2.01,1801.14,21.95,-46.26
800,2.37,2083.94,21.95,-78.36
900,4.51,2317.33,21.95,-61.06
1000,3.64,2576.11,21.95,-69.14
2000,2.75,5087.03,24.16,-73.09
3000,5.38,7621.56,27.53,-100.64
4000,2.11,10134.99,27.53,-107.11
5000,2.93,12638.76,27.53,-103.90
6000,4.22,14977.45,27.53,64.38
7000,1.13,17414.60,30.44,134.21
8000,2.47,19920.25,30.44,135.52
9000,4.11,22413.89,30.44,148.86
10000,3.55,24997.97,30.44,71.75
