episode,epReward,cumReward,cumRegret,empRegret
10,0.00,5.07,4.67,-0.63
20,0.69,-0.40,7.44,9.29
30,2.08,-0.48,11.67,13.81
40,1.15,5.10,14.44,12.67
50,0.00,7.47,18.78,14.75
60,-0.73,3.26,21.00,23.41
70,-1.33,3.81,25.22,27.30
80,1.12,7.89,29.22,27.66
90,-1.06,17.76,32.44,22.24
100,2.67,24.35,34.44,20.10
200,-0.54,69.48,37.67,19.41
300,0.32,114.73,40.56,18.60
400,1.62,161.24,42.00,16.54
500,-0.46,205.97,42.00,16.26
600,-0.03,264.63,42.00,2.04
700,0.81,300.18,42.00,10.93
800,0.00,341.02,43.00,14.54
900,1.35,392.26,44.00,7.74
1000,0.10,429.34,44.00,15.11
2000,0.81,860.68,45.67,28.21
3000,-0.12,1330.94,47.33,2.39
4000,1.03,1780.39,49.00,-2.61
5000,1.18,2221.97,51.67,0.25
6000,0.21,2692.62,51.67,-25.96
7000,-0.32,3204.74,51.67,-93.62
8000,0.22,3669.74,52.67,-114.18
9000,0.50,4117.63,53.67,-117.63
10000,0.03,4509.43,53.67,-64.98
