episode,epReward,cumReward,cumRegret,empRegret
10,-1.62,8.44,3.11,-3.99
20,-0.64,-2.30,7.56,11.19
30,-0.29,-3.83,11.56,17.16
40,-2.34,0.58,16.33,17.20
50,0.04,3.28,20.33,18.94
60,1.38,3.24,24.56,23.43
70,1.09,-1.60,29.00,32.71
80,-0.37,3.21,33.44,32.35
90,-0.60,6.98,37.44,33.02
100,-0.65,0.32,41.00,44.12
200,1.56,-15.64,84.44,104.53
300,0.58,-24.83,127.11,158.16
400,0.60,-20.99,170.67,198.77
500,-0.60,-28.81,215.67,251.04
600,0.41,-46.59,259.89,313.25
700,0.69,-30.36,304.33,341.47
800,-1.54,-46.66,348.78,402.22
900,0.36,-40.34,393.22,440.34
1000,1.89,-56.80,437.67,501.24
2000,-1.08,-130.95,882.44,1019.84
3000,-0.47,-208.65,1326.89,1541.98
4000,-1.14,-187.76,1771.56,1965.54
5000,0.34,-182.47,2215.11,2404.70
6000,-1.20,-215.93,2659.11,2882.60
7000,1.75,-300.24,3103.56,3411.35
8000,-0.37,-391.89,3546.67,3947.44
9000,2.03,-349.77,3990.44,4349.77
10000,1.49,-248.67,4434.89,4693.12
