episode,epReward,cumReward,cumRegret,empRegret
10,-2.74,-1.41,3.11,5.85
20,0.00,-0.82,7.56,9.71
30,0.00,1.61,9.89,11.73
40,0.00,8.65,12.89,9.12
50,0.00,16.46,12.89,5.76
60,0.00,18.96,12.89,7.71
70,0.00,25.39,12.89,5.72
80,2.10,27.65,12.89,7.90
90,2.40,30.75,12.89,9.25
100,-0.67,36.38,12.89,8.07
200,0.33,86.17,12.89,2.72
300,1.89,128.91,12.89,4.43
400,0.00,174.91,12.89,2.87
500,1.17,218.99,12.89,3.23
600,1.46,268.37,12.89,-1.70
700,0.00,323.31,12.89,-12.20
800,0.00,358.44,12.89,-2.89
900,0.00,392.22,13.56,7.78
1000,2.23,429.96,13.56,14.48
2000,0.00,819.97,13.56,68.92
3000,1.30,1268.25,13.56,65.09
4000,0.00,1699.87,13.56,77.91
5000,0.00,2068.04,14.89,154.19
6000,0.00,2498.00,15.56,168.67
7000,1.84,2945.32,15.56,165.80
8000,1.48,3415.45,15.56,140.11
9000,1.99,3900.00,15.56,100.00
10000,0.00,4327.09,15.56,117.35
