episode,epReward,cumReward,cumRegret,empRegret
10,-0.06,-7.42,8.10,12.55
20,-0.61,-9.03,9.96,19.29
30,0.62,-0.35,10.72,15.73
40,2.39,-2.65,14.61,23.17
50,3.38,10.96,15.38,14.69
60,4.52,18.80,16.14,11.98
70,-1.19,15.31,19.98,20.59
80,-0.09,27.72,23.82,13.32
90,1.17,25.69,28.43,20.47
100,-2.87,22.71,35.17,28.58
200,-1.52,-1.76,112.55,104.34
300,-0.99,-15.11,190.53,168.98
400,1.94,-54.96,267.29,260.12
500,-0.98,-82.13,344.06,338.58
600,-3.95,-121.96,421.91,429.70
700,2.08,-185.24,498.67,544.27
800,-0.19,-195.51,575.44,605.83
900,-1.95,-186.26,652.20,647.87
1000,-3.12,-229.19,728.97,742.09
2000,-3.16,-470.81,1498.49,1496.61
3000,0.49,-717.28,2269.65,2255.98
4000,0.57,-1016.98,3039.00,3068.58
5000,0.31,-1208.80,3807.73,3773.30
6000,0.51,-1439.10,4575.38,4516.50
7000,0.27,-1604.16,5343.64,5194.46
8000,1.91,-1834.48,6111.29,5937.68
9000,-0.47,-2135.91,6878.94,6752.01
10000,0.63,-2354.12,7646.59,7483.12
