episode,epReward,cumReward,cumRegret,empRegret
10,-1.60,-4.97,3.99,7.69
20,-0.90,-3.37,6.08,8.81
30,2.46,2.25,7.10,5.91
40,1.20,9.77,9.70,1.11
50,1.30,24.04,10.71,-10.44
60,4.84,32.66,12.45,-16.34
70,-1.29,38.14,13.60,-19.10
80,1.27,43.44,14.89,-21.68
90,2.51,52.88,16.04,-28.40
100,-0.25,55.97,17.33,-28.77
200,-0.13,83.36,30.34,-28.96
300,-1.33,75.94,44.65,5.67
400,-0.31,94.96,58.85,13.84
500,-0.59,75.72,73.04,60.28
600,0.28,89.55,87.23,73.66
700,-3.59,105.15,101.56,85.26
800,1.60,136.77,115.74,80.83
900,1.38,151.42,129.92,93.39
1000,3.24,136.49,144.26,135.51
2000,-1.59,239.67,287.34,304.34
3000,0.42,405.71,430.45,410.30
4000,3.35,565.34,573.66,522.67
5000,1.60,671.39,716.75,688.63
6000,2.24,771.14,860.00,860.89
7000,1.05,873.91,1003.10,1030.12
8000,-0.09,1012.19,1146.34,1163.85
9000,1.85,1080.90,1289.97,1367.14
10000,-0.97,1131.71,1433.21,1588.34
