episode,epReward,cumReward,cumRegret,empRegret
10,-0.52,18.15,6.23,-0.94
20,2.40,35.04,10.23,-0.61
30,-1.95,47.34,13.50,4.30
40,0.98,64.02,15.69,4.83
50,2.41,69.89,18.94,16.18
60,2.88,95.95,22.20,7.33
70,2.25,113.29,24.63,7.20
80,1.51,127.19,27.06,10.52
90,-0.53,141.05,29.50,13.87
100,-1.17,155.47,31.93,16.66
200,3.78,284.31,59.47,59.95
300,-1.97,431.60,88.64,84.80
400,-0.17,545.92,116.99,142.61
500,0.14,674.42,141.33,186.24
600,2.30,824.02,165.67,208.77
700,0.52,1020.02,190.01,184.90
800,1.01,1185.57,214.34,191.49
900,0.63,1336.47,238.68,212.72
1000,2.00,1456.95,263.02,264.37
2000,-0.68,2856.24,506.39,586.40
3000,4.75,4262.18,749.76,901.78
4000,4.09,5806.76,993.13,1078.53
5000,3.06,7243.52,1236.50,1363.09
6000,0.16,8704.13,1479.87,1623.80
7000,-0.03,10269.24,1723.24,1780.02
8000,1.87,11807.33,1966.61,1963.25
9000,-0.30,13219.78,2209.98,2272.11
10000,-1.49,14745.76,2453.35,2467.46
