episode,epReward,cumReward,cumRegret,empRegret
10,0.98,31.25,7.00,-4.04
20,0.03,61.14,7.00,-6.72
30,4.81,84.80,8.30,-3.17
40,6.26,123.38,8.30,-14.53
50,4.49,158.61,8.30,-22.55
60,5.35,187.55,10.89,-24.29
70,4.43,220.38,10.89,-29.90
80,0.37,237.45,16.26,-19.76
90,2.84,265.04,16.26,-20.14
100,3.91,293.40,16.26,-21.29
200,4.30,564.22,18.16,-20.00
300,1.98,877.49,18.16,-61.15
400,4.76,1164.68,18.16,-76.23
500,2.75,1460.97,18.16,-100.42
600,-1.92,1755.67,18.16,-123.00
700,3.26,2030.80,18.16,-126.02
800,2.28,2313.71,18.16,-136.82
900,-0.81,2574.81,18.16,-125.81
1000,4.12,2834.12,18.16,-113.00
2000,1.04,5506.08,19.46,-63.86
3000,3.02,8161.62,19.46,1.71
4000,-1.01,10807.85,26.05,76.59
5000,1.05,13609.88,26.05,-4.33
6000,0.91,16357.44,26.05,-30.78
7000,0.84,19029.40,26.05,18.37
8000,0.14,21737.66,28.63,31.22
9000,3.77,24446.74,28.63,43.25
10000,3.17,27196.11,28.63,15.00
