episode,epReward,cumReward,cumRegret,empRegret
10,-2.36,-4.83,5.22,9.27
20,0.00,-6.14,8.11,15.03
30,2.02,-0.65,10.11,13.99
40,0.00,2.22,10.78,15.56
50,0.00,3.81,11.78,18.41
60,1.62,6.63,12.78,20.04
70,0.83,14.09,13.22,17.02
80,0.00,14.21,14.89,21.35
90,0.00,21.72,14.89,18.28
100,1.95,25.61,14.89,18.83
200,0.00,57.28,16.89,31.61
300,0.00,108.54,17.89,24.79
400,-0.39,165.90,18.89,11.88
500,0.00,217.61,18.89,4.61
600,0.00,254.55,18.89,12.12
700,0.00,300.09,18.89,11.02
800,0.20,338.80,18.89,16.76
900,-0.73,388.16,18.89,11.84
1000,0.00,439.62,19.89,4.82
2000,0.00,881.51,21.89,7.37
3000,0.00,1348.61,24.89,-15.28
4000,0.00,1796.13,25.56,-18.35
5000,0.00,2219.44,25.56,2.78
6000,2.20,2662.39,27.56,4.27
7000,2.63,3114.90,27.56,-3.79
8000,0.00,3577.41,27.56,-21.86
9000,2.05,3973.66,27.56,26.34
10000,0.00,4410.15,27.56,34.30
