episode,epReward,cumReward,cumRegret,empRegret
10,0.00,-3.94,4.22,8.39
20,0.00,1.14,7.33,7.75
30,0.34,8.32,7.33,5.01
40,0.00,7.91,7.33,9.86
50,0.00,7.81,9.67,14.42
60,-0.13,8.63,9.67,18.03
70,1.35,12.11,9.67,19.00
80,0.89,13.56,9.67,22.00
90,0.00,20.27,9.67,19.73
100,0.95,24.90,9.67,19.54
200,-0.36,69.26,13.67,19.63
300,1.67,116.92,14.67,16.41
400,0.00,157.50,17.33,20.27
500,0.00,194.33,19.33,27.89
600,2.01,235.94,19.33,30.73
700,0.34,268.37,19.33,42.74
800,0.83,310.83,22.00,44.72
900,0.28,337.05,23.00,62.95
1000,0.00,373.13,24.00,71.31
2000,1.20,803.20,24.67,85.69
3000,0.00,1299.31,25.33,34.03
4000,0.00,1715.90,25.33,61.88
5000,-0.95,2181.63,25.33,40.60
6000,0.00,2632.37,25.33,34.30
7000,0.98,3068.65,25.33,42.46
8000,0.00,3528.03,26.00,27.52
9000,0.00,3917.69,26.67,82.31
10000,2.44,4400.93,26.67,43.51
