episode,epReward,cumReward,cumRegret,empRegret
10,0.00,-2.70,4.67,7.14
20,0.00,-4.62,9.78,13.51
30,0.00,-5.04,11.11,18.37
40,-0.94,-5.13,15.00,22.91
50,0.00,-2.85,17.33,25.07
60,0.00,0.34,18.00,26.33
70,0.00,-0.90,18.00,32.01
80,0.00,3.56,18.00,32.00
90,1.04,7.08,18.00,32.92
100,0.00,9.15,18.00,35.29
200,0.00,44.57,19.00,44.32
300,0.00,78.96,21.00,54.37
400,0.00,132.28,22.67,45.49
500,0.00,179.05,22.67,43.17
600,3.24,217.12,23.67,49.54
700,1.00,258.64,24.67,52.47
800,0.00,314.06,25.67,41.50
900,0.00,354.49,27.67,45.51
1000,0.00,398.47,27.67,45.98
2000,2.28,840.92,28.67,47.97
3000,0.00,1257.91,28.67,75.43
4000,0.00,1698.99,28.67,78.78
5000,2.80,2163.31,28.67,58.91
6000,0.72,2595.28,28.67,71.39
7000,0.00,3061.03,28.67,50.08
8000,0.00,3522.33,28.67,33.22
9000,1.38,3995.33,29.11,4.67
10000,0.00,4450.44,29.11,-6.00
