episode,epReward,cumReward,cumRegret,empRegret
10,-0.06,1.07,3.00,3.37
20,1.76,4.97,3.67,3.92
30,0.00,6.17,5.11,7.16
40,0.00,8.44,5.78,9.34
50,0.13,10.89,6.78,11.33
60,0.00,17.44,7.78,9.23
70,0.00,19.92,7.78,11.20
80,0.85,30.57,7.78,4.98
90,0.00,36.33,7.78,3.67
100,1.65,41.52,7.78,2.93
200,-1.43,86.63,10.44,2.25
300,0.00,114.83,10.44,18.50
400,0.00,159.25,11.44,18.53
500,2.14,195.15,11.44,27.07
600,0.00,234.82,13.11,31.85
700,0.00,272.93,15.78,38.18
800,1.55,319.91,15.78,35.64
900,0.62,340.73,16.44,59.27
1000,2.18,375.34,16.44,69.11
2000,0.37,820.41,20.11,68.47
3000,2.21,1272.57,20.11,60.76
4000,1.48,1740.78,20.78,37.00
5000,0.00,2204.85,20.78,17.37
6000,2.56,2660.56,20.78,6.11
7000,0.00,3091.58,21.78,19.53
8000,0.00,3535.05,23.22,20.50
9000,0.00,3977.40,23.89,22.60
10000,0.00,4429.51,24.89,14.93
