episode,epReward,cumReward,cumRegret,empRegret
10,2.70,-13.26,6.48,4.78
20,-1.44,-29.25,11.88,12.29
30,-2.88,-40.08,13.29,14.65
40,-0.74,-49.27,15.78,15.36
50,-2.29,-61.65,16.84,19.26
60,0.39,-68.49,16.84,17.62
70,0.14,-71.90,20.99,12.55
80,-1.10,-73.27,22.88,5.44
90,-0.53,-87.88,25.12,11.58
100,-0.77,-100.75,25.70,15.96
200,2.75,-194.16,30.41,24.60
300,-1.04,-282.65,32.40,28.30
400,-0.97,-413.59,32.40,74.46
500,-0.63,-471.07,32.98,47.16
600,1.31,-565.83,33.81,57.14
700,-0.54,-662.51,33.81,69.03
800,-0.85,-739.12,36.88,60.86
900,-0.84,-837.35,38.87,74.30
1000,0.73,-899.10,38.87,51.26
2000,-3.14,-1745.88,47.47,50.22
3000,-0.17,-2647.29,50.27,103.80
4000,0.26,-3542.04,50.27,150.71
5000,-0.66,-4471.74,50.27,232.59
6000,0.18,-5363.05,51.33,276.07
7000,0.44,-6251.85,51.33,317.04
8000,-2.73,-7030.74,51.33,248.10
9000,0.73,-7931.55,51.33,301.07
10000,0.26,-8798.67,51.33,320.37
