episode,epReward,cumReward,cumRegret,empRegret
10,-1.60,-13.48,18.96,16.33
20,1.37,-15.32,25.34,21.01
30,-0.41,-21.51,31.82,30.05
40,2.33,-15.71,33.09,27.10
50,-0.57,-20.25,42.57,34.49
60,-1.70,-20.47,48.77,37.56
70,-0.86,-28.20,52.41,48.13
80,-0.43,-33.88,62.43,56.66
90,2.90,-27.68,63.70,53.31
100,1.92,-15.11,63.70,43.58
200,-0.86,-3.40,66.07,60.35
300,1.23,16.14,70.99,69.28
400,1.39,42.28,77.01,71.62
500,-1.18,87.40,79.38,54.98
600,-0.56,94.55,80.65,76.30
700,-1.19,119.58,81.93,79.75
800,-3.46,146.72,86.67,81.08
900,-1.40,169.97,86.67,86.31
1000,-0.23,215.78,87.94,68.97
2000,1.93,514.05,91.77,55.45
3000,1.56,894.25,93.04,-39.99
4000,0.54,1098.75,93.04,40.26
5000,0.42,1388.71,96.68,35.05
6000,-1.77,1740.99,96.68,-32.48
7000,-0.46,1990.31,96.68,2.95
8000,3.90,2218.49,96.68,59.52
9000,-0.20,2446.82,96.68,115.95
10000,2.88,2820.58,100.33,26.94
