episode,epReward,cumReward,cumRegret,empRegret
10,-1.45,-8.28,4.26,8.70
20,0.35,-7.39,6.61,8.24
30,-1.35,-8.63,8.65,9.91
40,3.77,-1.88,8.65,3.58
50,-2.12,-10.54,8.65,12.67
60,0.67,-7.79,11.44,10.34
70,-0.67,-18.20,12.98,21.17
80,-2.30,-19.05,13.91,22.45
90,0.06,-12.24,14.22,16.06
100,2.27,-18.22,14.85,22.47
200,1.00,-38.34,18.60,46.84
300,1.64,-33.76,20.67,46.52
400,0.49,-36.37,22.86,53.38
500,-0.60,-25.63,40.95,46.89
600,-0.16,-87.07,62.16,112.58
700,-2.09,-118.97,85.82,148.73
800,1.96,-130.16,108.55,164.18
900,2.11,-140.90,130.97,179.16
1000,2.51,-167.90,151.20,210.41
2000,-3.31,-328.71,353.53,413.73
3000,1.74,-494.02,557.74,621.56
4000,0.45,-649.27,762.24,819.32
5000,0.59,-646.79,961.47,859.35
6000,-0.24,-715.32,1171.28,970.40
7000,-3.24,-840.02,1375.18,1137.61
8000,-1.25,-1071.07,1584.37,1411.17
9000,0.90,-1247.32,1789.82,1629.94
10000,-1.37,-1372.12,1997.14,1797.25
