episode,epReward,cumReward,cumRegret,empRegret
10,0.21,-0.38,3.44,4.82
20,0.42,5.96,6.44,2.93
30,-0.46,9.07,7.56,4.26
40,-1.05,13.77,7.56,4.01
50,-0.67,15.74,8.00,6.49
60,0.38,22.98,10.33,3.69
70,0.00,24.20,10.33,6.91
80,2.24,32.10,11.33,3.46
90,0.64,34.87,11.33,5.13
100,1.84,39.12,11.33,5.33
200,0.79,80.96,15.33,7.93
300,-2.51,130.04,17.33,3.29
400,0.72,177.90,18.33,-0.13
500,0.85,217.45,18.33,4.78
600,-0.28,265.30,18.33,1.37
700,0.70,281.12,19.33,29.99
800,-0.13,326.30,19.33,29.26
900,2.15,390.77,20.33,9.23
1000,3.01,413.94,20.33,30.50
2000,-0.56,850.28,22.33,38.61
3000,1.85,1256.80,23.33,76.53
4000,0.72,1628.05,23.33,149.72
5000,1.00,2098.77,24.33,123.45
6000,0.76,2530.46,24.33,136.20
7000,0.57,2969.82,26.33,141.29
8000,0.98,3404.96,26.33,150.60
9000,-1.45,3865.59,26.33,134.41
10000,0.65,4378.72,26.33,65.72
