episode,epReward,cumReward,cumRegret,empRegret
10,-1.34,-1.78,3.11,6.22
20,0.00,-4.55,6.22,13.44
30,2.07,-2.56,9.33,15.89
40,0.00,-3.82,11.33,21.60
50,0.00,-2.91,14.00,25.13
60,0.00,-0.60,15.33,27.27
70,0.00,3.32,16.67,27.79
80,0.00,3.13,18.00,32.42
90,0.96,8.08,18.00,31.92
100,1.81,14.87,18.00,29.57
200,-0.02,59.89,19.00,29.00
300,0.00,97.89,19.67,35.44
400,1.09,145.29,21.67,32.48
500,0.99,178.25,21.67,43.97
600,0.00,221.51,22.67,45.16
700,0.00,265.09,22.67,46.02
800,0.29,302.76,22.67,52.80
900,0.00,345.67,22.67,54.33
1000,1.75,385.17,22.67,59.27
2000,-0.63,902.69,24.67,-13.80
3000,2.45,1343.82,25.67,-10.49
4000,-0.51,1785.56,26.67,-7.79
5000,-0.68,2277.25,27.11,-55.03
6000,0.00,2724.28,28.11,-57.62
7000,0.00,3199.28,28.11,-88.17
8000,0.00,3658.06,29.11,-102.51
9000,0.00,4097.20,30.11,-97.20
10000,0.53,4559.62,30.11,-115.18
