episode,epReward,cumReward,cumRegret,empRegret
10,1.22,-1.32,4.22,5.76
20,0.00,3.83,5.33,5.06
30,0.00,4.77,6.00,8.56
40,2.93,11.82,6.00,5.96
50,0.00,14.63,7.11,7.60
60,0.00,19.50,7.11,7.16
70,0.00,19.84,7.56,11.27
80,0.69,26.69,7.56,8.86
90,0.00,25.97,7.56,14.03
100,0.27,28.37,8.56,16.07
200,0.00,72.86,10.22,16.03
300,0.00,116.00,10.22,17.33
400,0.00,181.48,10.22,-3.70
500,0.00,226.35,12.22,-4.12
600,0.00,263.58,12.22,3.09
700,0.00,310.37,12.22,0.74
800,2.68,363.75,13.22,-8.19
900,0.02,411.51,14.89,-11.51
1000,1.66,457.43,15.56,-12.99
2000,0.64,879.94,15.56,8.95
3000,1.45,1361.04,17.89,-27.71
4000,0.00,1793.05,17.89,-15.27
5000,1.90,2219.02,18.89,3.20
6000,2.62,2667.22,19.33,-0.55
7000,1.97,3107.93,19.33,3.18
8000,0.00,3591.37,19.33,-35.82
9000,0.73,4006.79,19.33,-6.79
10000,0.00,4477.80,19.33,-33.36
