episode,epReward,cumReward,cumRegret,empRegret
10,0.00,-1.87,5.89,6.31
20,0.00,-4.95,7.67,13.84
30,0.00,-5.84,12.22,19.17
40,-1.48,-6.42,16.44,24.20
50,0.00,-7.42,18.89,29.64
60,0.00,-7.19,22.22,33.86
70,0.99,-6.20,25.22,37.31
80,0.00,-3.22,27.56,38.78
90,0.60,1.41,28.22,38.59
100,0.00,7.31,28.22,37.13
200,0.00,56.52,28.89,32.37
300,1.51,115.09,31.89,18.24
400,0.84,168.12,31.89,9.66
500,0.00,214.78,33.89,7.44
600,0.00,266.77,33.89,-0.11
700,2.33,308.90,33.89,2.21
800,1.64,344.38,33.89,11.18
900,0.87,388.10,34.89,11.90
1000,0.00,428.62,34.89,15.82
2000,-0.40,900.74,34.89,-11.85
3000,0.29,1325.55,35.89,7.79
4000,1.49,1773.56,35.89,4.22
5000,0.00,2183.21,35.89,39.01
6000,0.71,2647.04,35.89,19.63
7000,1.43,3099.96,35.89,11.15
8000,0.00,3538.43,35.89,17.12
9000,2.14,3966.34,35.89,33.66
10000,2.69,4393.88,35.89,50.56
