episode,epReward,cumReward,cumRegret,empRegret
10,0.00,1.32,2.67,3.12
20,0.63,5.42,7.33,3.46
30,2.16,8.09,8.67,5.24
40,-0.71,13.68,10.11,4.10
50,1.06,13.12,11.00,9.10
60,-2.61,7.01,12.33,19.65
70,-0.09,6.53,15.11,24.58
80,-0.72,2.80,17.33,32.76
90,-0.10,-1.20,18.33,41.20
100,-0.83,-0.48,19.44,44.92
200,-0.48,52.19,29.11,36.70
300,0.63,83.26,29.56,50.07
400,0.87,110.64,29.56,67.14
500,1.12,161.70,29.56,60.52
600,0.42,196.34,29.56,70.33
700,0.12,231.02,29.56,80.09
800,-0.88,268.36,31.22,87.20
900,-0.04,312.01,31.22,87.99
1000,1.74,349.23,31.22,95.22
2000,1.16,810.78,31.89,78.11
3000,0.41,1275.50,32.89,57.84
4000,2.32,1738.49,33.56,39.28
5000,0.58,2146.35,34.56,75.88
6000,-0.30,2599.05,35.56,67.62
7000,0.90,3009.76,37.56,101.36
8000,0.83,3470.30,37.56,85.26
9000,0.04,4007.13,38.22,-7.13
10000,0.80,4490.48,38.22,-46.04
