episode,epReward,cumReward,cumRegret,empRegret
10,0.85,-0.96,10.20,12.84
20,-2.02,8.37,12.27,15.40
30,1.26,22.05,13.51,13.59
40,-1.02,32.21,13.51,15.31
50,2.92,46.31,15.11,13.10
60,0.52,55.87,16.36,15.42
70,2.11,65.71,16.36,17.46
80,1.42,76.46,16.36,18.60
90,1.35,83.76,16.36,23.17
100,0.03,89.86,16.36,28.96
200,3.04,226.69,17.61,10.95
300,0.26,346.63,19.20,9.82
400,0.51,474.31,19.20,0.95
500,3.19,570.75,19.20,23.34
600,0.55,701.78,19.20,11.12
700,-0.97,818.43,20.72,13.28
800,0.72,940.80,20.72,9.73
900,0.34,1058.47,20.72,10.87
1000,2.31,1172.55,20.72,15.61
2000,1.73,2392.79,20.72,-16.47
3000,0.03,3565.62,20.72,-1.13
4000,-1.33,4670.80,20.72,81.85
5000,0.33,5835.78,20.72,105.03
6000,2.31,7060.66,20.72,68.31
7000,1.72,8225.28,20.72,91.86
8000,1.53,9324.49,20.72,180.81
9000,0.52,10539.46,20.72,154.00
10000,1.53,11792.04,20.72,89.58
