episode,epReward,cumReward,cumRegret,empRegret
10,-0.16,-16.76,8.62,15.30
20,-0.18,-32.55,19.10,29.63
30,-0.08,-34.21,21.33,29.83
40,-3.28,-35.58,25.40,29.73
50,0.08,-41.98,25.57,34.67
60,-3.30,-42.95,25.57,34.18
70,1.45,-35.09,25.61,24.86
80,3.22,-34.70,25.65,23.01
90,0.82,-40.01,25.65,26.86
100,-2.12,-36.66,25.65,22.04
200,-0.35,-37.06,29.47,7.83
300,4.75,-43.97,29.51,0.13
400,0.55,-46.68,29.51,-11.78
500,0.60,-84.05,29.51,10.98
600,-3.89,-104.10,29.51,16.40
700,0.04,-115.19,29.51,12.88
800,-1.04,-120.00,29.51,3.08
900,-1.27,-115.70,29.51,-15.83
1000,-4.03,-118.07,29.51,-28.08
2000,-0.09,-263.82,29.51,-28.48
3000,-0.18,-366.37,29.51,-72.08
4000,-0.64,-578.03,29.51,-6.58
5000,-1.74,-764.33,29.51,33.57
6000,-2.89,-824.09,29.51,-52.82
7000,-2.82,-892.47,29.51,-130.59
8000,-1.06,-1000.18,29.51,-169.03
9000,1.68,-1205.03,29.51,-110.33
10000,-1.12,-1284.06,29.51,-177.45
