episode,epReward,cumReward,cumRegret,empRegret
10,3.54,18.10,5.06,13.89
20,3.80,47.22,10.40,16.76
30,3.27,73.13,17.77,22.83
40,4.05,117.16,18.64,10.80
50,1.48,144.90,18.64,15.04
60,-1.50,169.49,21.63,22.45
70,4.12,207.30,22.59,16.62
80,3.43,245.97,22.59,9.94
90,1.53,276.86,22.59,11.04
100,3.29,294.17,22.59,25.72
200,3.21,618.90,22.59,20.87
300,0.76,957.77,23.55,1.89
400,1.83,1270.72,23.55,8.82
500,3.76,1584.29,24.65,15.14
600,2.47,1917.30,25.62,2.01
700,1.11,2228.32,26.58,10.88
800,3.53,2539.24,28.51,19.85
900,4.41,2869.00,28.51,9.97
1000,2.15,3158.34,28.51,40.51
2000,5.28,6341.74,38.48,55.97
3000,1.77,9550.47,41.52,46.10
4000,1.49,12865.97,42.62,-70.55
5000,4.09,16023.04,42.62,-28.76
6000,0.97,19200.38,43.73,-7.25
7000,2.74,22315.55,43.73,76.45
8000,1.42,25545.10,43.73,45.75
9000,3.89,28720.08,43.73,69.63
10000,3.96,31878.21,43.73,110.35
