episode,epReward,cumReward,cumRegret,empRegret
10,1.19,15.38,4.38,-1.79
20,4.07,26.78,5.25,0.41
30,1.18,29.75,6.54,11.04
40,1.63,49.81,7.41,4.57
50,3.59,77.10,7.41,-9.12
60,0.68,93.56,8.71,-11.98
70,1.80,106.80,9.14,-11.62
80,0.52,121.17,9.57,-12.40
90,-0.94,130.49,10.01,-8.12
100,4.38,149.42,10.01,-13.46
200,0.33,315.61,11.31,-43.68
300,2.79,461.47,13.04,-53.58
400,-0.37,563.45,14.34,-19.59
500,2.04,709.75,15.95,-29.93
600,1.94,857.37,16.38,-41.59
700,0.67,996.35,16.82,-44.60
800,1.64,1144.55,17.25,-56.84
900,-1.52,1299.57,19.41,-75.89
1000,1.01,1406.23,19.41,-46.59
2000,2.48,2736.26,21.14,-16.98
3000,1.59,4003.92,26.65,75.00
4000,-0.88,5433.90,29.14,4.66
5000,1.73,6870.94,29.14,-72.74
6000,-0.91,8270.19,29.14,-112.35
7000,-1.71,9642.13,31.18,-124.65
8000,0.28,10983.76,32.05,-106.64
9000,0.70,12458.74,32.05,-221.98
10000,1.03,13830.57,32.05,-234.18
