episode,epReward,cumReward,cumRegret,empRegret
10,2.03,-0.86,4.56,5.31
20,0.00,1.72,7.67,7.17
30,3.03,4.74,8.67,8.60
40,0.00,7.63,9.33,10.15
50,0.00,10.74,9.33,11.48
60,0.00,11.67,10.00,15.00
70,0.92,16.71,11.67,14.40
80,0.00,17.67,11.67,17.89
90,0.85,23.24,11.67,16.76
100,0.00,24.54,11.67,19.91
200,0.00,64.35,12.67,24.54
300,1.97,101.89,13.67,31.45
400,1.21,155.38,13.67,22.39
500,1.33,200.47,13.67,21.75
600,1.06,250.13,13.67,16.54
700,1.27,307.35,13.67,3.76
800,0.14,352.23,13.67,3.32
900,1.09,408.03,13.67,-8.03
1000,0.92,457.89,13.67,-13.45
2000,2.58,916.18,15.33,-27.29
3000,1.31,1347.25,16.00,-13.92
4000,1.99,1807.00,17.00,-29.22
5000,0.00,2253.01,17.00,-30.79
6000,0.00,2712.15,18.00,-45.48
7000,0.64,3132.53,18.00,-21.42
8000,0.00,3584.56,18.00,-29.00
9000,0.00,4029.69,18.00,-29.69
10000,1.58,4423.51,18.00,20.93
