episode,epReward,cumReward,cumRegret,empRegret
10,0.00,-5.39,5.67,9.83
20,1.25,-5.00,8.00,13.89
30,0.00,-5.00,11.33,18.33
40,0.00,-1.32,13.67,19.10
50,0.00,5.48,13.67,16.75
60,0.62,13.45,13.67,13.22
70,0.00,12.87,13.67,18.25
80,2.51,19.26,13.67,16.30
90,0.00,23.46,13.67,16.54
100,0.00,28.73,13.67,15.71
200,0.58,77.67,14.33,11.22
300,-0.34,127.87,14.33,5.47
400,1.74,176.46,14.33,1.32
500,1.31,215.05,14.33,7.17
600,0.00,257.89,14.33,8.77
700,-0.10,294.03,14.33,17.08
800,0.00,340.01,14.33,15.54
900,0.00,381.70,14.33,18.30
1000,0.00,436.48,14.33,7.96
2000,0.00,858.19,15.33,30.70
3000,0.00,1292.25,15.78,41.09
4000,0.00,1747.54,15.78,30.23
5000,1.28,2182.96,15.78,39.26
6000,1.12,2627.94,15.78,38.73
7000,0.73,3100.89,17.78,10.22
8000,0.00,3552.66,17.78,2.89
9000,0.00,4016.87,17.78,-16.87
10000,0.00,4454.49,19.44,-10.05
