episode,epReward,cumReward,cumRegret,empRegret
10,3.38,24.10,9.05,11.12
20,3.55,58.49,9.05,11.94
30,4.25,91.02,9.05,14.63
40,6.77,132.00,9.05,8.87
50,4.24,168.05,10.48,8.03
60,3.73,207.07,10.48,4.23
70,3.84,242.45,10.48,4.06
80,6.23,289.02,10.48,-7.29
90,6.00,334.24,10.48,-17.30
100,0.72,357.48,10.48,-5.32
200,0.89,708.80,16.88,-4.47
300,0.47,1092.28,16.88,-35.78
400,3.27,1432.20,19.56,-23.54
500,2.59,1820.28,19.56,-59.45
600,3.35,2171.18,19.56,-58.19
700,4.62,2507.71,20.99,-42.55
800,4.57,2844.81,20.99,-27.48
900,4.42,3191.29,20.99,-21.80
1000,0.40,3563.08,20.99,-41.43
2000,4.07,7098.04,22.42,-54.73
3000,3.92,10551.44,25.29,13.53
4000,-0.16,14013.70,37.27,72.92
5000,3.23,17522.53,38.70,85.74
6000,2.45,20978.68,40.13,151.25
7000,3.46,24541.78,40.13,109.81
8000,4.57,28136.89,41.56,36.35
9000,5.62,31688.04,42.99,6.86
10000,3.37,35131.77,42.99,84.78
