episode,epReward,cumReward,cumRegret,empRegret
10,0.00,0.63,5.11,3.82
20,0.00,0.31,8.56,8.57
30,2.41,7.03,12.22,6.30
40,0.00,6.75,12.22,11.02
50,0.00,9.27,12.89,12.95
60,0.00,18.04,14.56,8.63
70,1.98,21.61,15.22,9.50
80,0.00,23.99,15.22,11.57
90,0.04,30.45,16.56,9.55
100,0.40,32.71,16.56,11.74
200,0.48,59.68,18.22,29.21
300,0.00,111.78,18.22,21.55
400,0.00,157.05,18.22,20.73
500,0.27,196.93,18.22,25.29
600,0.00,252.51,18.22,14.15
700,1.36,302.42,18.22,8.69
800,0.18,336.44,18.22,19.11
900,0.00,399.34,18.22,0.66
1000,0.00,438.48,18.22,5.97
2000,0.00,905.58,19.22,-16.69
3000,0.00,1389.86,21.22,-56.52
4000,2.95,1836.54,21.22,-58.76
5000,0.99,2284.73,21.22,-62.51
6000,0.00,2758.16,21.22,-91.49
7000,0.00,3187.15,21.22,-76.04
8000,2.37,3613.73,21.22,-58.17
9000,0.00,4062.59,21.22,-62.59
10000,1.18,4527.14,21.22,-82.70
