episode,epReward,cumReward,cumRegret,empRegret
10,1.18,-1.56,5.78,6.00
20,0.45,-4.28,10.22,13.17
30,0.00,-3.56,12.67,16.89
40,0.00,-3.56,16.67,21.34
50,0.89,-0.15,17.33,22.38
60,0.00,2.71,18.67,23.96
70,1.56,12.25,18.67,18.86
80,0.00,17.19,19.33,18.37
90,0.00,17.82,19.33,22.18
100,1.29,27.81,19.33,16.64
200,0.00,66.46,21.00,22.43
300,2.59,112.40,21.00,20.93
400,0.00,152.31,21.00,25.47
500,0.00,197.19,21.00,25.03
600,0.94,232.19,21.00,34.47
700,0.00,281.84,21.00,29.27
800,3.01,321.26,21.00,34.30
900,-0.44,359.25,22.00,40.75
1000,0.00,390.32,22.00,54.12
2000,3.25,861.04,23.00,27.85
3000,-0.48,1356.78,25.00,-23.45
4000,0.00,1815.83,25.00,-38.05
5000,1.43,2267.59,26.00,-45.37
6000,0.00,2693.16,26.44,-26.50
7000,0.00,3134.88,26.44,-23.77
8000,0.00,3557.49,26.44,-1.93
9000,0.00,4017.88,26.44,-17.88
10000,0.00,4412.17,26.44,32.28
