episode,epReward,cumReward,cumRegret,empRegret
10,0.76,6.44,3.78,-1.99
20,-1.81,5.63,5.78,3.26
30,-0.16,8.92,5.78,4.41
40,1.83,15.62,6.89,2.16
50,0.95,16.77,7.56,5.45
60,0.67,17.53,7.56,9.13
70,1.49,16.95,7.56,14.17
80,1.55,19.12,7.56,16.44
90,0.24,21.20,7.56,18.80
100,-0.16,26.01,8.44,18.43
200,0.19,53.49,17.44,35.39
300,0.64,74.42,18.11,58.91
400,2.64,117.94,19.11,59.84
500,1.38,153.03,20.11,69.19
600,0.91,204.05,21.11,62.62
700,-1.10,224.60,21.11,86.51
800,-0.24,257.35,21.11,98.21
900,0.78,309.87,21.11,90.13
1000,0.42,359.09,21.78,85.36
2000,2.09,786.10,25.11,102.78
3000,1.12,1265.78,25.78,67.55
4000,-0.42,1749.50,26.44,28.27
5000,-1.22,2201.45,26.44,20.77
6000,-0.76,2623.39,26.44,43.28
7000,0.59,3120.43,27.44,-9.32
8000,0.38,3582.97,27.44,-27.41
9000,-0.21,4020.62,27.44,-20.62
10000,0.85,4461.41,28.44,-16.97
