episode,epReward,cumReward,cumRegret,empRegret
10,3.73,20.49,4.83,4.64
20,1.32,53.05,7.63,-2.78
30,3.64,67.66,10.54,7.76
40,1.70,85.45,13.69,15.11
50,3.00,110.90,16.07,14.79
60,4.25,136.13,18.46,14.70
70,4.85,155.83,21.12,20.14
80,0.63,178.85,23.50,22.26
90,2.78,206.19,25.89,20.06
100,1.78,231.54,28.28,19.84
200,0.33,478.50,52.96,24.27
300,-0.66,665.20,77.90,88.96
400,0.56,886.24,103.91,119.30
500,0.49,1113.41,127.79,143.52
600,1.32,1336.08,151.66,172.24
700,4.62,1542.56,176.54,217.14
800,8.10,1763.55,201.42,247.53
900,3.68,2015.94,225.29,246.53
1000,3.67,2235.48,249.17,278.37
2000,3.25,4486.66,487.94,541.05
3000,4.82,6750.46,726.71,791.10
4000,4.34,8945.89,966.47,1109.53
5000,-0.13,11271.87,1205.24,1297.39
6000,6.14,13456.02,1444.01,1627.10
7000,1.23,15780.02,1684.78,1816.95
8000,2.75,18066.39,1923.55,2044.44
9000,0.51,20377.29,2162.32,2247.39
10000,1.33,22617.79,2401.09,2520.75
