episode,epReward,cumReward,cumRegret,empRegret
10,3.07,-7.48,15.69,23.07
20,2.46,10.58,17.40,20.60
30,-1.28,24.80,18.73,21.97
40,-0.75,38.15,19.05,24.21
50,1.23,54.88,19.37,23.07
60,2.61,67.23,19.69,26.31
70,3.86,82.42,19.69,26.71
80,0.30,87.80,20.00,36.92
90,3.72,102.57,20.00,37.74
100,4.14,127.85,20.00,28.05
200,1.75,304.89,21.08,6.91
300,3.02,442.13,21.72,25.56
400,4.30,624.25,23.63,-0.66
500,3.10,750.85,23.63,28.63
600,0.77,928.37,23.63,7.01
700,0.30,1082.26,23.63,9.02
800,-0.30,1222.83,24.38,24.35
900,1.50,1375.99,24.38,27.08
1000,2.67,1548.32,24.38,10.64
2000,2.31,3118.86,24.38,-0.92
3000,-0.12,4653.12,24.38,23.79
4000,-0.52,6200.00,24.38,35.88
5000,-1.46,7655.45,26.64,139.39
6000,0.76,9126.85,27.65,226.96
7000,-1.00,10795.85,27.65,116.93
8000,0.43,12455.29,29.66,16.46
9000,-2.18,13998.63,31.68,32.09
10000,2.81,15568.60,31.68,21.09
