episode,epReward,cumReward,cumRegret,empRegret
10,0.00,-1.76,5.00,6.21
20,1.35,2.31,7.44,6.58
30,0.00,3.32,8.11,10.02
40,0.83,5.21,10.11,12.57
50,-0.46,14.86,10.11,7.36
60,1.07,19.44,10.11,7.23
70,0.00,25.42,11.11,5.69
80,0.00,28.34,11.11,7.22
90,0.00,33.07,11.11,6.93
100,0.00,33.87,11.11,10.57
200,0.05,72.77,13.11,16.12
300,0.37,123.02,14.11,10.31
400,0.00,161.83,14.78,15.94
500,2.52,205.28,14.78,16.94
600,0.00,237.62,15.44,29.04
700,0.00,280.38,15.44,30.73
800,0.00,320.96,15.44,34.60
900,0.00,361.51,15.44,38.49
1000,0.00,421.47,15.44,22.97
2000,0.00,839.74,15.44,49.15
3000,0.00,1310.28,17.56,23.06
4000,1.10,1743.04,17.56,34.74
5000,1.62,2198.87,19.22,23.35
6000,0.32,2660.45,19.22,6.21
7000,1.08,3046.29,19.67,64.82
8000,0.00,3471.44,19.67,84.12
9000,0.00,3897.65,20.33,102.35
10000,0.00,4352.66,20.33,91.79
