episode,epReward,cumReward,cumRegret,empRegret
10,-0.73,-1.28,4.89,5.73
20,-1.69,-2.71,8.22,11.60
30,-1.10,-2.16,13.00,15.50
40,-3.41,-3.24,17.78,21.02
50,0.92,0.55,20.11,21.67
60,0.79,4.43,23.78,22.24
70,-0.38,10.21,23.78,20.90
80,-0.79,13.62,24.22,21.94
90,-0.98,15.55,26.22,24.45
100,1.10,17.87,26.67,26.57
200,2.12,62.81,27.56,26.08
300,-0.37,85.65,27.56,47.68
400,1.71,129.21,27.56,48.57
500,-0.26,174.04,28.56,48.18
600,-0.40,200.69,29.56,65.97
700,-0.21,260.88,29.56,50.23
800,-1.45,311.29,29.56,44.27
900,0.38,369.99,29.56,30.01
1000,1.57,414.20,29.56,30.24
2000,0.22,875.74,31.56,13.15
3000,-0.67,1401.69,33.56,-68.35
4000,0.83,1826.39,33.56,-48.62
5000,2.69,2344.80,34.22,-122.57
6000,0.05,2836.23,34.22,-169.57
7000,-1.64,3301.27,35.22,-190.16
8000,0.41,3722.94,37.22,-167.39
9000,-0.82,4164.58,37.22,-164.58
10000,1.24,4657.07,37.22,-212.62
