episode,epReward,cumReward,cumRegret,empRegret
10,2.28,28.93,17.12,10.69
20,5.76,67.52,19.79,11.71
30,5.68,113.24,24.83,5.60
40,3.46,148.96,26.16,9.49
50,5.90,183.83,26.83,14.24
60,6.49,220.30,28.50,17.38
70,2.44,256.16,29.50,21.14
80,2.30,297.18,32.17,19.73
90,2.92,334.75,34.17,21.77
100,4.03,374.73,35.17,21.41
200,4.52,739.52,53.18,52.76
300,5.05,1129.26,68.19,59.16
400,1.94,1503.20,84.87,81.36
500,5.72,1869.51,101.55,111.18
600,2.76,2238.12,118.89,138.72
700,4.98,2635.77,136.91,137.20
800,0.26,3048.11,153.25,121.01
900,0.19,3438.84,166.93,126.42
1000,1.86,3800.70,181.27,160.70
2000,3.94,7623.11,339.38,299.68
3000,3.26,11379.22,504.50,504.97
4000,4.85,15227.90,671.95,617.69
5000,4.90,19043.60,834.73,763.38
6000,6.72,22744.75,1002.84,1023.63
7000,5.10,26524.53,1170.29,1205.24
8000,6.34,30364.37,1339.08,1326.80
9000,1.85,34178.17,1503.86,1474.40
10000,0.73,37891.46,1669.64,1722.50
