episode,epReward,cumReward,cumRegret,empRegret
10,0.95,-2.87,10.31,20.57
20,1.64,8.71,20.68,26.70
30,-1.64,15.69,30.77,37.42
40,-0.53,17.42,41.82,53.41
50,-3.30,17.77,53.33,70.76
60,3.61,34.18,64.85,72.05
70,0.13,34.68,76.37,89.26
80,-1.69,47.99,87.88,93.66
90,2.15,56.05,99.40,103.30
100,1.42,66.43,110.92,110.63
200,0.35,118.60,225.81,235.52
300,1.63,174.64,340.30,356.54
400,-1.50,236.14,455.46,472.11
500,1.68,302.36,570.63,582.94
600,-0.09,353.08,685.79,709.28
700,1.12,434.43,800.96,804.99
800,0.47,486.65,917.68,929.83
900,-0.40,543.01,1032.85,1050.53
1000,-1.57,584.93,1148.01,1185.68
2000,-2.21,1145.79,2301.18,2395.42
3000,1.11,1768.72,3452.84,3543.09
4000,0.08,2480.22,4603.53,4602.19
5000,2.98,3131.66,5754.91,5721.35
6000,0.03,3782.48,6906.29,6841.14
7000,-2.70,4306.87,8057.20,8087.34
8000,-0.56,4884.41,9208.44,9280.41
9000,-0.79,5446.08,10359.82,10489.34
10000,-0.41,6117.73,11509.91,11588.30
