episode,epReward,cumReward,cumRegret,empRegret
10,0.00,2.24,3.33,2.20
20,0.00,-0.99,5.11,9.88
30,1.81,1.34,6.89,12.00
40,0.00,3.12,8.56,14.66
50,0.25,6.96,9.89,15.27
60,0.00,9.49,11.22,17.18
70,0.00,9.76,12.56,21.35
80,0.00,14.09,12.56,21.47
90,0.00,20.69,13.22,19.31
100,0.98,20.16,13.22,24.28
200,0.00,62.56,13.22,26.33
300,0.00,111.05,13.22,22.29
400,0.00,166.80,13.22,10.98
500,0.00,205.82,14.22,16.40
600,0.00,262.67,14.67,3.99
700,0.00,310.72,15.67,0.39
800,0.00,357.14,16.67,-1.59
900,0.87,395.56,17.67,4.44
1000,1.21,440.34,17.67,4.10
2000,1.01,856.87,19.67,32.02
3000,1.01,1322.62,19.67,10.72
4000,0.00,1756.34,20.67,21.44
5000,-1.47,2198.36,20.67,23.86
6000,0.00,2648.12,20.67,18.55
7000,2.37,3085.16,20.67,25.96
8000,0.27,3529.12,21.67,26.43
9000,0.00,3917.27,22.67,82.73
10000,0.00,4419.98,22.67,24.47
