episode,epReward,cumReward,cumRegret,empRegret
10,1.90,7.74,3.33,-3.30
20,1.88,5.64,7.56,3.24
30,-0.28,12.49,12.78,0.84
40,0.05,17.71,16.67,0.07
50,0.80,22.63,19.33,-0.41
60,0.74,26.13,22.89,0.54
70,2.16,35.88,26.22,-4.77
80,-0.06,40.52,27.78,-4.97
90,0.75,38.96,31.78,1.04
100,2.41,45.65,35.33,-1.21
200,-2.50,39.77,78.56,49.12
300,0.23,22.16,123.22,111.17
400,-0.50,18.33,167.22,159.45
500,-3.27,10.02,211.67,212.21
600,-1.67,16.98,255.67,249.69
700,-1.06,10.71,300.11,300.40
800,-4.65,-12.01,344.56,367.56
900,-0.76,-6.30,389.00,406.30
1000,1.74,9.49,433.44,434.95
2000,-0.88,-67.18,878.22,956.07
3000,-1.23,-138.71,1322.89,1472.05
4000,-1.07,-260.44,1766.44,2038.22
5000,0.99,-280.84,2211.78,2503.06
6000,-0.48,-364.13,2656.44,3030.80
7000,-0.36,-418.05,3100.89,3529.17
8000,-0.04,-378.15,3544.89,3933.70
9000,1.10,-319.01,3989.33,4319.01
10000,-1.44,-373.25,4433.78,4817.69
