episode,epReward,cumReward,cumRegret,empRegret
10,1.98,23.60,3.63,7.27
20,0.09,53.44,9.29,8.29
30,5.06,87.70,11.74,4.91
40,3.97,122.88,14.19,0.59
50,4.74,153.68,14.19,0.66
60,4.65,190.21,14.19,-5.00
70,4.87,231.77,14.19,-15.69
80,4.31,259.44,14.19,-12.49
90,-0.71,286.37,14.19,-8.55
100,3.40,318.23,14.19,-9.55
200,1.97,640.35,14.19,-22.98
300,2.63,943.92,14.19,-17.87
400,2.79,1291.94,16.64,-57.21
500,3.46,1604.84,16.64,-61.42
600,0.42,1908.46,16.64,-56.36
700,0.77,2215.13,19.09,-54.34
800,2.97,2566.62,19.09,-97.14
900,0.54,2873.93,19.09,-95.78
1000,6.08,3207.95,19.09,-121.10
2000,1.80,6255.55,19.09,-81.87
3000,6.29,9263.71,21.54,-3.19
4000,3.67,12364.30,25.18,-16.94
5000,5.46,15442.02,25.18,-7.81
6000,1.58,18408.39,27.63,112.66
7000,0.35,21564.33,27.63,43.56
8000,1.56,24614.62,27.63,80.11
9000,4.03,27757.89,27.63,23.68
10000,0.07,30891.58,27.63,-23.18
