episode,epReward,cumReward,cumRegret,empRegret
10,3.96,12.72,11.98,7.72
20,4.12,31.12,15.46,9.76
30,1.41,54.24,15.46,7.08
40,0.92,74.44,15.46,7.31
50,0.41,93.17,15.46,9.03
60,5.22,109.13,15.46,13.51
70,-0.38,133.92,15.46,9.15
80,1.36,146.56,15.46,16.96
90,3.29,161.05,15.46,22.91
100,0.92,184.41,15.46,19.99
200,4.28,359.76,15.46,49.03
300,1.22,565.85,19.54,47.34
400,2.71,744.31,19.54,73.26
500,3.81,953.92,21.87,68.06
600,0.79,1173.90,21.87,52.46
700,2.63,1377.09,21.87,53.68
800,2.14,1558.14,21.87,77.01
900,2.18,1767.57,21.87,71.98
1000,-2.44,1960.59,24.75,83.36
2000,0.78,4092.25,24.75,-4.36
3000,-3.33,6107.98,26.25,23.86
4000,3.46,8296.21,26.25,-120.42
5000,-0.05,10300.40,29.23,-80.67
6000,0.66,12403.17,29.23,-139.49
7000,0.24,14377.98,29.23,-70.36
8000,3.56,16422.60,29.23,-71.03
9000,2.72,18432.10,30.73,-36.58
10000,0.20,20423.62,32.22,15.85
