episode,epReward,cumReward,cumRegret,empRegret
10,2.26,2.65,1.49,-0.86
20,0.01,5.48,1.70,-1.91
30,-1.39,5.09,1.80,0.26
40,-0.36,6.77,1.91,0.37
50,0.38,8.49,2.55,0.42
60,-0.91,5.39,2.76,5.31
70,0.48,11.85,2.76,0.63
80,1.71,24.86,2.97,-10.59
90,0.22,21.40,2.97,-5.35
100,-0.42,17.34,2.97,0.49
200,0.37,31.90,5.25,3.77
300,-1.25,66.63,6.03,-13.14
400,1.42,120.64,6.03,-49.31
500,0.50,149.23,6.03,-60.07
600,-0.09,162.20,6.14,-55.21
700,1.85,133.98,6.14,-9.16
800,-2.34,148.57,10.80,-5.92
900,-0.95,165.57,10.80,-5.09
1000,-0.94,180.99,10.80,-2.68
2000,-0.65,264.93,11.04,91.69
3000,0.91,412.08,11.04,122.87
4000,1.74,650.83,11.04,62.43
5000,0.67,815.26,11.83,76.32
6000,0.60,910.62,11.83,159.27
7000,-0.89,1094.62,11.83,153.58
8000,0.26,1328.96,11.83,97.56
9000,0.43,1498.49,12.57,106.34
10000,1.15,1598.08,12.57,185.07
