episode,epReward,cumReward,cumRegret,empRegret
10,-1.29,14.02,5.42,-2.44
20,-2.27,24.97,9.11,-1.82
30,1.82,30.61,11.82,4.13
40,3.36,28.83,13.54,17.48
50,4.22,37.81,14.10,20.07
60,2.64,35.80,15.48,33.66
70,-0.00,42.40,16.23,38.64
80,-0.09,43.13,18.51,49.49
90,-0.31,51.69,19.45,52.51
100,-0.61,57.32,20.76,58.46
200,-0.75,194.48,28.26,37.07
300,5.94,299.89,35.76,47.44
400,-0.25,405.66,44.20,57.44
500,-0.04,524.20,52.64,54.68
600,-1.50,654.56,60.52,40.09
700,3.07,757.76,68.77,52.67
800,1.01,861.06,77.21,65.15
900,1.85,959.14,87.34,82.84
1000,0.31,1049.96,93.53,107.80
2000,1.70,2158.56,176.31,156.95
3000,2.56,3317.92,262.03,155.34
4000,1.43,4427.16,345.12,203.85
5000,-1.79,5524.35,425.76,264.42
6000,-1.18,6520.40,506.79,426.13
7000,-0.65,7637.03,594.38,467.25
8000,3.27,8788.68,682.90,473.35
9000,0.59,9825.99,760.93,593.80
10000,0.75,10972.87,847.58,604.68
