episode,epReward,cumReward,cumRegret,empRegret
10,-2.91,-20.12,7.85,18.79
20,-1.28,-31.38,14.09,28.73
30,-0.47,-40.81,19.48,36.83
40,-1.71,-49.16,24.25,43.85
50,-1.10,-54.41,31.08,47.77
60,0.10,-66.72,39.25,58.76
70,1.23,-62.44,45.21,53.15
80,5.93,-66.83,51.18,56.22
90,1.46,-69.44,58.06,57.50
100,-0.75,-78.02,65.13,64.75
200,0.11,-128.43,116.89,101.89
300,-2.38,-178.14,131.80,138.33
400,0.27,-204.71,133.04,151.64
500,2.20,-190.52,133.04,124.18
600,3.21,-170.26,133.04,90.65
700,-0.12,-156.87,133.46,63.99
800,-2.37,-175.72,133.87,69.58
900,0.45,-202.28,133.87,82.87
1000,1.51,-208.38,134.70,75.70
2000,-2.35,-332.90,137.18,67.53
3000,-2.15,-441.09,137.18,43.04
4000,5.30,-641.74,137.18,111.01
5000,-0.87,-783.65,137.18,120.24
6000,1.88,-855.26,137.18,59.17
7000,-3.25,-934.45,137.18,5.68
8000,-1.24,-958.76,137.18,-102.70
9000,1.49,-1052.88,137.18,-141.26
10000,3.15,-1232.47,138.04,-94.36
