episode,epReward,cumReward,cumRegret,empRegret
10,0.00,2.78,3.56,1.66
20,0.00,11.29,7.00,-2.40
30,1.35,21.49,7.89,-8.16
40,-0.02,26.90,7.89,-9.12
50,-1.13,29.63,8.56,-7.41
60,0.54,35.19,8.56,-8.52
70,1.02,37.80,8.56,-6.68
80,0.86,45.19,8.56,-9.63
90,2.29,52.58,8.56,-12.58
100,-0.42,54.92,9.56,-10.48
200,-4.06,86.92,9.56,1.97
300,-1.61,138.64,9.56,-5.30
400,1.97,178.81,11.22,-1.03
500,-0.05,199.42,11.22,22.80
600,0.63,229.77,11.22,36.89
700,-0.59,287.29,11.22,23.82
800,0.34,342.12,11.89,13.43
900,2.05,408.74,11.89,-8.74
1000,-0.31,452.32,12.89,-7.88
2000,0.73,876.29,15.56,12.60
3000,2.23,1297.64,15.56,35.70
4000,0.51,1726.75,17.22,51.03
5000,1.46,2113.12,18.56,109.10
6000,0.41,2517.93,18.56,148.74
7000,-0.37,2937.12,18.56,173.99
8000,0.06,3406.60,19.56,148.95
9000,-1.96,3894.34,19.56,105.66
10000,-0.79,4343.32,19.56,101.12
