episode,epReward,cumReward,cumRegret,empRegret
10,0.78,9.60,3.78,-5.15
20,0.00,12.09,8.00,-3.20
30,-0.87,11.62,12.44,1.71
40,0.84,13.46,16.89,4.31
50,1.38,16.84,21.56,5.38
60,-0.39,5.12,26.00,21.54
70,-0.76,-0.74,30.44,31.85
80,-0.92,8.51,34.89,27.04
90,-0.90,3.53,39.11,36.47
100,-0.21,0.32,43.56,44.13
200,-0.47,-0.76,87.67,89.64
300,0.97,-0.51,131.67,133.85
400,3.06,4.91,175.67,172.87
500,2.17,-0.56,219.67,222.78
600,-2.59,23.10,263.67,243.56
700,2.06,26.97,308.67,284.15
800,-4.17,-2.94,353.11,358.49
900,-0.81,-21.05,396.67,421.05
1000,1.05,-2.13,441.22,446.57
2000,-0.56,-213.26,885.11,1102.15
3000,-3.13,-145.39,1326.89,1478.72
4000,-1.39,-72.45,1769.11,1850.23
5000,0.26,-101.59,2213.78,2323.81
6000,1.67,-69.50,2657.33,2736.16
7000,1.45,-32.05,3100.44,3143.16
8000,1.29,-85.54,3544.89,3641.10
9000,-3.79,-13.77,3988.89,4013.77
10000,-1.77,93.64,4432.89,4350.80
