episode,epReward,cumReward,cumRegret,empRegret
10,4.06,27.05,6.75,10.87
20,2.64,64.93,6.75,10.90
30,4.31,105.03,6.75,8.72
40,3.65,148.85,6.75,2.82
50,1.41,190.63,6.75,-1.04
60,7.54,234.17,6.75,-6.67
70,5.77,275.04,6.75,-9.62
80,3.65,314.90,6.75,-11.56
90,3.83,344.64,6.75,-3.38
100,4.26,387.47,6.75,-8.29
200,3.38,755.37,9.76,2.98
300,0.95,1136.93,9.76,0.59
400,3.72,1508.12,9.76,8.58
500,7.97,1862.97,9.76,32.91
600,0.25,2270.31,9.76,4.74
700,2.04,2651.77,9.76,2.46
800,4.27,3029.32,9.76,4.08
900,2.44,3403.52,9.76,9.05
1000,2.30,3793.77,9.76,-2.02
2000,3.95,7560.06,12.77,23.44
3000,7.74,11356.86,12.77,18.39
4000,2.54,15274.99,14.82,-107.99
5000,5.07,19086.11,14.82,-127.36
6000,4.13,22869.79,14.82,-119.29
7000,3.05,26673.27,16.86,-131.02
8000,5.07,30367.79,18.90,-33.79
9000,3.14,34074.77,18.90,50.98
10000,4.61,37690.59,21.52,226.91
