episode,epReward,cumReward,cumRegret,empRegret
10,-0.07,-3.38,3.00,7.82
20,0.00,-5.86,5.11,14.75
30,0.00,-2.68,5.78,16.01
40,2.01,9.43,5.78,8.35
50,0.00,11.86,5.78,10.36
60,-0.07,17.64,5.78,9.03
70,0.00,19.71,6.78,11.40
80,0.00,24.73,7.22,10.83
90,0.00,30.70,7.22,9.30
100,-0.09,34.19,7.22,10.25
200,0.00,93.84,9.56,-4.95
300,0.77,133.22,10.56,0.11
400,-0.53,177.70,11.22,0.08
500,0.00,214.97,11.22,7.25
600,0.97,270.10,11.22,-3.43
700,0.00,312.25,11.22,-1.14
800,2.50,350.33,11.89,5.23
900,0.67,387.50,11.89,12.50
1000,0.00,434.22,11.89,10.23
2000,0.00,846.73,15.22,42.16
3000,0.00,1310.58,15.22,22.75
4000,-0.00,1734.73,15.22,43.05
5000,0.98,2191.64,16.22,30.58
6000,0.00,2620.83,16.89,45.84
7000,0.00,3078.15,17.89,32.96
8000,0.93,3559.31,17.89,-3.75
9000,0.77,4009.89,17.89,-9.89
10000,0.00,4453.44,17.89,-9.00
