episode,epReward,cumReward,cumRegret,empRegret
10,2.25,13.81,12.88,5.86
20,4.17,29.32,18.98,10.02
30,2.13,59.88,18.98,-0.87
40,0.31,74.47,18.98,4.21
50,0.16,88.90,25.41,9.45
60,1.33,108.52,25.41,9.50
70,-0.15,131.38,25.41,6.31
80,0.57,155.72,25.41,1.64
90,1.43,170.98,25.41,6.05
100,-1.30,188.80,25.41,7.90
200,4.10,350.65,30.73,42.75
300,3.33,532.44,36.04,57.67
400,1.67,714.02,36.04,72.80
500,-0.50,910.50,36.04,73.02
600,3.57,1100.00,38.68,80.22
700,4.22,1292.08,38.68,84.85
800,-1.84,1482.63,38.68,91.00
900,2.34,1706.39,38.68,63.94
1000,2.34,1883.89,41.32,83.14
2000,2.93,3956.46,43.99,-22.40
3000,1.94,5869.89,46.63,31.21
4000,0.88,7844.55,46.63,23.58
5000,1.87,9902.83,46.63,-67.67
6000,3.09,11958.70,49.27,-156.51
7000,0.16,13943.83,49.27,-174.61
8000,1.46,15948.37,49.27,-212.12
9000,3.20,17920.61,49.27,-217.32
10000,2.48,19815.74,49.27,-145.42
