episode,epReward,cumReward,cumRegret,empRegret
10,0.00,3.49,3.22,0.96
20,0.94,3.81,7.67,5.08
30,-0.97,11.10,11.67,2.23
40,-1.63,7.25,16.33,10.53
50,1.79,5.49,20.33,16.73
60,-0.48,9.54,24.78,17.12
70,0.00,6.79,29.33,24.32
80,2.11,8.08,32.89,27.48
90,-0.68,10.52,37.89,29.48
100,-1.68,11.68,41.67,32.77
200,-2.27,10.16,87.67,78.73
300,0.81,0.11,130.00,133.23
400,0.93,29.36,145.78,148.42
500,-0.24,70.28,145.78,151.95
600,-0.56,100.50,145.78,166.17
700,0.74,136.77,145.78,174.34
800,1.22,182.30,145.78,173.25
900,-1.17,218.16,145.78,181.84
1000,-2.46,256.68,146.44,187.76
2000,2.47,733.79,147.11,155.10
3000,2.25,1194.56,147.78,138.77
4000,1.35,1652.37,148.78,125.41
5000,-1.22,2081.88,149.78,140.34
6000,1.09,2491.55,150.44,175.12
7000,-1.52,2919.52,150.44,191.59
8000,2.38,3390.93,150.44,164.63
9000,0.06,3866.57,150.44,133.43
10000,1.32,4322.63,150.44,121.82
