episode,epReward,cumReward,cumRegret,empRegret
10,2.09,-2.56,13.00,11.25
20,1.74,17.12,13.00,0.27
30,3.48,19.27,13.00,6.81
40,-2.27,32.68,14.66,2.09
50,1.06,37.11,16.31,6.36
60,1.31,47.77,17.96,4.39
70,-1.00,59.78,17.96,1.08
80,1.22,69.02,17.96,0.53
90,2.25,77.80,17.96,0.44
100,0.70,90.95,17.96,-4.01
200,-0.31,177.42,26.64,-3.54
300,1.83,277.91,28.30,-17.10
400,-2.89,351.43,38.64,-3.69
500,2.71,418.82,53.12,15.86
600,-0.16,518.56,55.39,3.06
700,1.78,612.62,57.04,-4.06
800,3.49,710.55,58.70,-15.06
900,0.93,814.51,60.35,-32.08
1000,2.72,912.77,62.01,-43.41
2000,-1.44,1866.15,84.76,-127.42
3000,-3.33,2763.49,86.41,-155.39
4000,3.16,3613.82,93.03,-136.35
5000,3.11,4466.75,94.69,-119.92
6000,1.80,5240.58,98.62,-24.38
7000,-1.02,6117.70,100.27,-32.13
8000,-0.76,6952.70,101.92,2.23
9000,2.18,7838.80,101.92,-14.49
10000,3.85,8688.10,113.51,5.57
