episode,epReward,cumReward,cumRegret,empRegret
10,0.83,1.92,3.33,2.52
20,1.15,-0.76,8.33,9.65
30,-1.15,0.94,11.56,12.39
40,0.00,-11.56,15.89,29.34
50,-0.86,-12.34,19.22,34.57
60,-1.69,-9.60,21.44,36.27
70,-1.82,-9.01,24.00,40.12
80,0.26,-5.62,26.44,41.18
90,0.14,-2.86,28.89,42.86
100,-2.02,-2.93,29.56,47.38
200,-0.68,46.04,39.00,42.85
300,1.11,104.50,41.44,28.83
400,-1.40,168.27,41.44,9.51
500,-1.46,210.07,41.44,12.16
600,-0.91,262.58,42.44,4.08
700,-0.76,298.15,43.44,12.96
800,0.27,371.94,45.44,-16.38
900,1.23,405.44,46.44,-5.44
1000,-0.22,450.54,46.44,-6.10
2000,1.14,864.28,48.44,24.61
3000,1.75,1324.79,50.44,8.54
4000,-0.56,1849.88,50.44,-72.10
5000,1.34,2343.46,50.44,-121.24
6000,2.01,2872.83,50.44,-206.16
7000,0.35,3333.08,50.44,-221.97
8000,1.21,3732.78,50.44,-177.22
9000,-0.60,4157.46,50.44,-157.46
10000,1.15,4563.80,51.11,-119.36
