episode,epReward,cumReward,cumRegret,empRegret
10,1.36,8.31,9.54,8.73
20,1.67,25.05,12.47,9.04
30,0.49,37.83,15.02,13.31
40,0.91,57.08,16.02,11.11
50,-0.83,72.05,18.95,13.18
60,1.02,87.87,18.95,14.41
70,3.15,110.09,18.95,9.23
80,-0.50,109.62,20.87,26.74
90,3.63,128.06,20.87,25.35
100,5.69,149.70,20.87,20.76
200,0.35,316.32,21.88,24.59
300,-1.33,459.02,22.24,52.34
400,-0.62,636.94,23.67,44.87
500,0.38,770.84,23.67,81.43
600,4.42,924.37,23.67,98.36
700,1.70,1104.71,23.67,88.47
800,1.86,1253.44,24.03,110.19
900,-1.79,1423.21,24.38,110.88
1000,2.29,1606.65,24.74,97.89
2000,1.21,3318.13,28.10,90.95
3000,-2.31,5062.84,30.29,50.78
4000,4.47,6793.34,30.29,24.82
5000,2.41,8455.89,30.29,66.82
6000,3.02,10196.99,30.29,30.25
7000,-1.38,11886.68,30.29,45.11
8000,3.54,13505.08,30.29,131.25
9000,2.22,15257.50,30.29,83.38
10000,-0.93,17005.15,30.29,40.26
