episode,epReward,cumReward,cumRegret,empRegret
10,0.00,-1.85,4.22,6.29
20,0.00,-4.23,7.11,13.12
30,0.00,-1.31,10.89,14.64
40,0.00,-0.74,13.67,18.52
50,0.00,1.12,16.33,21.10
60,0.00,3.92,17.33,22.75
70,0.33,10.06,17.33,21.05
80,1.50,13.71,19.00,21.85
90,0.00,14.99,20.00,25.01
100,0.00,19.53,20.67,24.92
200,0.51,64.44,23.00,24.45
300,0.00,106.52,23.00,26.82
400,0.00,149.38,24.00,28.39
500,-0.18,196.82,25.00,25.40
600,1.54,255.88,25.00,10.78
700,0.00,302.95,25.00,8.16
800,0.79,352.44,27.00,3.12
900,0.00,400.20,27.00,-0.20
1000,0.00,445.33,27.00,-0.89
2000,0.66,917.01,27.00,-28.12
3000,0.82,1372.77,28.00,-39.44
4000,0.00,1822.18,28.00,-44.40
5000,0.00,2270.00,28.00,-47.78
6000,1.56,2732.73,28.00,-66.07
7000,1.18,3238.17,29.00,-127.06
8000,0.00,3666.48,29.00,-110.92
9000,0.51,4137.04,29.00,-137.04
10000,-2.09,4534.23,29.00,-89.78
