episode,epReward,cumReward,cumRegret,empRegret
10,0.19,2.74,4.51,11.50
20,-0.21,20.88,5.22,7.60
30,3.03,43.24,5.99,-0.51
40,1.84,49.36,6.35,7.62
50,3.21,74.46,7.19,-3.25
60,-0.65,89.13,7.28,-3.66
70,0.25,106.22,7.31,-6.51
80,1.54,112.36,7.34,1.59
90,1.22,123.40,7.40,4.79
100,3.18,143.93,7.48,-1.49
200,0.08,274.13,9.15,10.75
300,1.87,416.35,11.23,10.96
400,3.49,570.39,13.63,-0.65
500,-0.15,716.83,15.77,-4.65
600,4.58,860.91,17.80,-6.29
700,2.34,1034.42,20.25,-37.36
800,3.39,1174.89,22.74,-35.39
900,1.12,1323.42,26.04,-41.49
1000,2.23,1471.77,28.35,-47.40
2000,4.58,2840.36,49.63,8.38
3000,2.44,4238.16,69.67,34.96
4000,3.32,5601.09,90.05,96.39
5000,-0.36,7032.90,109.39,88.95
6000,0.77,8411.71,129.93,134.52
7000,2.59,9859.25,149.27,111.34
8000,0.36,11355.71,169.41,39.26
9000,2.57,12742.57,188.55,76.77
10000,1.88,14095.42,207.74,148.28
