episode,epReward,cumReward,cumRegret,empRegret
10,0.91,1.95,4.00,2.49
20,-0.33,-4.81,8.44,13.70
30,-1.99,-1.06,11.11,14.39
40,-0.84,-7.14,14.67,24.92
50,0.00,-3.83,17.89,26.05
60,1.34,-5.38,20.00,32.04
70,-1.24,-1.88,21.33,33.00
80,3.16,6.89,22.67,28.67
90,0.62,10.11,23.11,29.89
100,1.35,17.82,24.44,26.62
200,-0.72,27.58,32.33,61.31
300,2.40,70.86,33.44,62.47
400,1.71,106.47,34.44,71.30
500,-0.73,159.32,35.56,62.90
600,-1.24,181.38,35.56,85.28
700,1.47,231.11,36.56,80.00
800,1.82,278.69,36.56,76.87
900,1.94,357.32,36.56,42.68
1000,0.30,422.47,36.56,21.97
2000,0.30,899.38,37.56,-10.49
3000,-1.61,1347.96,37.56,-14.63
4000,1.06,1798.39,38.89,-20.61
5000,0.33,2257.91,38.89,-35.69
6000,-1.20,2675.72,38.89,-9.05
7000,-0.25,3082.59,39.89,28.52
8000,2.30,3497.46,40.89,58.10
9000,0.13,3894.11,41.56,105.89
10000,0.86,4279.07,43.22,165.37
