episode,epReward,cumReward,cumRegret,empRegret
10,4.13,23.32,22.30,22.55
20,6.55,79.48,22.30,12.26
30,3.46,115.98,22.30,21.63
40,3.17,157.12,22.30,26.36
50,7.11,197.63,22.30,31.72
60,1.91,252.54,22.30,22.68
70,5.69,289.44,22.30,31.64
80,8.36,342.97,22.30,23.99
90,2.79,383.17,22.30,29.65
100,4.83,431.99,22.30,26.70
200,4.63,901.40,22.30,15.98
300,5.17,1379.95,22.30,-3.88
400,3.89,1849.77,22.30,-15.01
500,-0.62,2299.18,22.30,-5.73
600,5.30,2799.76,22.30,-47.62
700,6.05,3274.44,22.30,-63.61
800,6.16,3721.77,22.30,-52.25
900,2.69,4162.36,22.30,-34.15
1000,4.30,4588.09,22.30,-1.19
2000,2.67,9106.90,22.30,66.92
3000,5.54,13652.34,22.30,108.38
4000,6.79,18201.31,22.30,146.31
5000,4.53,22750.25,22.30,184.28
6000,2.74,27359.63,22.30,161.80
7000,4.02,31937.13,22.30,171.21
8000,5.29,36636.52,22.30,58.73
9000,3.53,41246.66,22.30,35.49
10000,2.18,45832.02,22.30,37.04
