episode,epReward,cumReward,cumRegret,empRegret
10,0.00,-2.55,3.00,7.00
20,0.20,-2.10,9.33,10.99
30,0.00,-0.04,12.33,13.38
40,0.40,6.69,12.33,11.09
50,1.29,12.29,13.00,9.93
60,0.63,13.89,13.00,12.77
70,0.00,20.73,13.00,10.38
80,0.41,24.58,13.00,10.98
90,0.00,28.52,13.00,11.48
100,0.00,32.20,13.00,12.24
200,0.83,63.73,14.00,25.16
300,0.00,115.31,14.00,18.02
400,-1.53,182.29,14.00,-4.51
500,-0.08,238.38,14.00,-16.16
600,0.00,274.20,14.67,-7.53
700,1.72,312.97,15.67,-1.86
800,-0.80,352.97,15.67,2.58
900,0.00,404.84,15.67,-4.84
1000,0.00,441.92,15.67,2.53
2000,2.23,850.92,16.67,37.97
3000,0.00,1325.95,16.67,7.39
4000,1.45,1742.29,18.67,35.49
5000,0.00,2172.10,19.33,50.12
6000,0.00,2592.23,19.33,74.44
7000,-0.17,3043.27,21.00,67.84
8000,0.00,3519.15,21.00,36.40
9000,0.00,3938.01,21.00,61.99
10000,1.75,4400.65,21.00,43.80
