episode,epReward,cumReward,cumRegret,empRegret
10,0.00,-2.15,2.67,6.60
20,0.00,-4.48,8.11,13.37
30,0.00,-5.76,13.33,19.09
40,0.00,-6.12,17.78,23.90
50,0.00,-5.51,20.89,27.74
60,0.00,-5.51,26.56,32.18
70,0.00,-2.93,30.56,34.04
80,0.00,-0.06,31.56,35.61
90,0.77,4.17,31.56,35.83
100,0.09,10.32,31.56,34.13
200,1.81,40.45,31.56,48.44
300,0.00,86.78,31.56,46.55
400,1.45,131.50,31.56,46.28
500,0.00,175.39,31.56,46.83
600,0.00,224.01,31.56,42.65
700,3.58,263.27,31.56,47.84
800,2.20,320.75,31.56,34.81
900,0.00,376.89,31.56,23.11
1000,0.00,426.21,31.56,18.24
2000,0.00,865.99,31.56,22.90
3000,0.00,1267.94,31.56,65.39
4000,0.00,1706.75,31.56,71.03
5000,-1.47,2147.32,31.56,74.90
6000,0.00,2533.99,31.56,132.67
7000,0.00,2975.07,31.56,136.05
8000,0.41,3385.45,31.56,170.11
9000,0.00,3848.17,31.56,151.83
10000,0.00,4298.73,31.56,145.71
