episode,epReward,cumReward,cumRegret,empRegret
10,-3.00,-3.21,3.44,7.66
20,0.00,-5.20,6.22,14.09
30,0.00,0.32,8.56,13.02
40,2.66,9.46,8.56,8.31
50,-0.30,10.78,8.56,11.44
60,1.49,15.10,8.56,11.56
70,0.00,17.82,8.56,13.29
80,1.00,18.78,8.56,16.78
90,0.51,28.19,8.56,11.81
100,-0.06,37.64,8.56,6.81
200,0.00,83.10,11.22,5.79
300,1.14,114.42,11.22,18.91
400,0.58,154.53,11.22,23.25
500,0.95,215.39,11.89,6.83
600,1.49,259.75,12.89,6.92
700,2.44,311.61,13.89,-0.50
800,0.00,351.93,14.89,3.63
900,0.79,401.55,14.89,-1.55
1000,0.00,446.38,16.33,-1.93
2000,0.52,907.56,19.44,-18.67
3000,0.00,1323.51,19.44,9.82
4000,0.00,1737.57,21.11,40.21
5000,0.00,2147.84,22.44,74.38
6000,1.33,2585.71,22.44,80.96
7000,0.00,3038.25,22.44,72.86
8000,0.00,3502.11,22.44,53.44
9000,0.00,3954.89,22.89,45.11
10000,0.00,4368.43,22.89,76.01
