episode,epReward,cumReward,cumRegret,empRegret
10,0.00,-2.98,4.56,7.42
20,2.39,3.29,8.67,5.60
30,1.12,9.18,12.67,4.15
40,0.29,10.33,16.22,7.44
50,1.08,16.32,20.78,5.91
60,1.80,18.08,25.78,8.59
70,4.81,25.58,30.44,5.53
80,1.11,25.33,33.56,10.23
90,1.43,27.31,38.00,12.69
100,0.58,19.16,41.56,25.29
200,1.84,9.92,73.56,78.97
300,0.39,25.46,86.89,107.88
400,-1.52,69.50,89.67,108.27
500,-0.27,122.33,89.67,99.89
600,1.49,175.74,90.67,90.93
700,-0.55,212.56,90.67,98.55
800,0.13,256.42,92.67,99.14
900,1.79,305.88,92.67,94.12
1000,-0.78,351.61,92.67,92.83
2000,-1.34,833.16,97.67,55.72
3000,1.13,1342.97,100.33,-9.63
4000,0.59,1758.70,101.67,19.07
5000,1.50,2166.21,102.67,56.01
6000,1.56,2566.90,103.67,99.77
7000,2.62,2947.54,103.67,163.57
8000,1.46,3435.65,103.67,119.90
9000,3.07,3872.02,103.67,127.98
10000,-0.63,4241.80,103.67,202.64
