episode,epReward,cumReward,cumRegret,empRegret
10,-2.17,1.15,13.16,2.50
20,-1.57,0.52,17.63,6.78
30,3.57,9.63,17.94,1.32
40,4.27,8.26,18.25,6.34
50,-1.61,5.97,18.78,12.28
60,-0.97,16.55,19.36,5.35
70,-1.10,20.20,19.62,5.35
80,0.54,28.92,19.93,0.28
90,-2.02,28.88,20.05,3.97
100,2.74,31.85,20.43,4.65
200,0.48,56.01,23.02,16.99
300,-0.09,98.14,25.58,11.36
400,-2.42,113.75,28.75,32.25
500,0.08,175.82,30.74,6.68
600,0.24,197.55,33.30,21.45
700,1.27,224.39,36.04,31.11
800,1.35,245.87,38.33,46.12
900,-0.31,309.65,40.77,18.85
1000,-0.70,359.28,42.91,5.72
2000,-0.31,711.99,67.55,18.00
3000,-1.38,1101.18,93.78,-6.20
4000,-1.28,1494.81,116.67,-34.83
5000,1.34,1845.08,140.24,-20.11
6000,1.09,2144.81,166.10,45.15
7000,-1.12,2464.65,189.67,90.31
8000,2.96,2710.32,214.31,209.63
9000,-0.44,3076.46,242.38,208.49
10000,0.11,3348.98,267.32,300.96
