episode,epReward,cumReward,cumRegret,empRegret
10,1.24,11.94,24.27,17.24
20,2.30,33.35,34.13,25.02
30,-0.84,62.62,37.26,24.93
40,3.21,93.99,37.26,22.75
50,2.94,134.44,37.26,11.48
60,1.03,158.51,37.26,16.60
70,3.54,190.86,37.26,13.43
80,1.87,221.97,37.26,11.51
90,5.69,250.04,37.26,12.62
100,0.07,284.89,37.26,6.96
200,3.28,558.59,38.29,25.10
300,0.66,844.55,39.33,30.98
400,3.76,1162.87,39.33,4.51
500,0.93,1441.38,39.33,17.84
600,4.08,1757.74,41.05,-6.66
700,4.83,2034.86,41.05,8.06
800,5.66,2336.18,41.05,-1.42
900,4.59,2638.27,41.05,-11.66
1000,1.84,2930.94,41.05,-12.49
2000,5.36,5844.14,41.17,-7.23
3000,4.41,8733.41,41.17,21.96
4000,4.67,11581.29,43.24,92.54
5000,1.64,14445.67,46.34,146.61
6000,0.87,17273.92,46.34,236.82
7000,5.80,20150.26,47.38,278.94
8000,1.77,23154.75,48.41,192.90
9000,3.59,26066.78,48.41,199.33
10000,2.06,28994.70,48.41,189.86
