episode,epReward,cumReward,cumRegret,empRegret
10,0.00,-1.25,4.33,5.69
20,0.00,2.60,5.33,6.29
30,0.00,7.86,6.67,5.48
40,0.00,9.41,8.00,8.37
50,0.00,15.09,9.00,7.14
60,0.00,14.26,9.67,12.41
70,1.80,17.01,10.33,14.10
80,0.00,18.75,12.00,16.81
90,1.74,23.09,12.00,16.91
100,0.81,26.53,12.00,17.91
200,0.00,70.51,13.00,18.38
300,1.32,121.87,13.00,11.46
400,0.00,168.46,13.00,9.32
500,0.00,213.80,13.00,8.42
600,0.43,260.43,13.67,6.23
700,2.38,296.12,14.67,14.99
800,1.52,340.23,14.67,15.32
900,0.00,383.87,14.67,16.13
1000,1.40,421.94,14.67,22.50
2000,1.54,857.96,14.67,30.93
3000,0.00,1310.21,15.67,23.13
4000,-0.44,1728.31,17.33,49.46
5000,0.00,2162.97,20.00,59.25
6000,0.15,2588.45,20.00,78.22
7000,0.00,3024.35,20.00,86.76
8000,2.03,3455.21,20.00,100.35
9000,0.00,3946.73,20.00,53.27
10000,0.00,4398.69,20.00,45.76
