episode,epReward,cumReward,cumRegret,empRegret
10,1.35,-2.49,2.22,6.93
20,1.96,-1.50,4.56,10.39
30,0.00,4.90,6.33,8.44
40,0.12,7.03,6.33,10.75
50,0.00,9.15,7.22,13.07
60,0.00,10.82,8.22,15.84
70,1.79,18.96,9.22,12.15
80,0.00,20.68,9.22,14.87
90,1.20,25.58,9.22,14.42
100,0.00,28.88,9.22,15.56
200,0.06,61.86,12.56,27.03
300,1.38,112.09,14.56,21.25
400,0.00,157.69,15.56,20.09
500,0.00,193.38,15.56,28.84
600,0.00,234.56,15.56,32.11
700,0.00,270.81,15.56,40.30
800,0.00,316.31,16.56,39.24
900,0.00,353.16,16.56,46.84
1000,0.16,392.10,18.56,52.34
2000,0.22,812.47,22.56,76.42
3000,0.00,1295.40,23.22,37.93
4000,1.45,1725.27,25.89,52.50
5000,0.00,2172.13,27.33,50.09
6000,1.32,2612.68,27.33,53.99
7000,1.55,3012.08,27.33,99.03
8000,0.00,3429.90,28.33,125.66
9000,0.00,3888.30,28.33,111.70
10000,1.25,4315.93,28.33,128.52
