episode,epReward,cumReward,cumRegret,empRegret
10,0.00,-3.07,2.22,7.52
20,1.06,-0.81,5.22,9.70
30,-0.02,-0.71,5.22,14.04
40,0.00,1.25,5.89,16.52
50,0.00,6.45,6.89,15.77
60,0.00,10.09,8.22,16.58
70,-0.42,19.53,11.11,11.59
80,0.72,28.02,11.11,7.53
90,-0.79,35.35,11.11,4.65
100,0.58,43.42,11.11,1.03
200,0.00,88.77,11.11,0.12
300,0.00,132.28,11.11,1.05
400,0.00,175.22,11.11,2.56
500,1.07,245.71,11.11,-23.49
600,0.15,292.30,11.11,-25.63
700,0.84,328.32,11.11,-17.21
800,0.00,383.91,12.11,-28.36
900,0.00,441.21,12.56,-41.21
1000,1.19,477.61,12.56,-33.17
2000,1.93,899.72,13.56,-10.83
3000,0.00,1336.28,15.22,-2.95
4000,0.00,1777.90,15.22,-0.12
5000,0.00,2185.04,15.22,37.18
6000,0.74,2639.28,15.67,27.38
7000,1.83,3071.05,18.78,40.07
8000,0.00,3466.05,18.78,89.51
9000,1.81,3943.41,18.78,56.59
10000,0.71,4407.12,18.78,37.32
