episode,epReward,cumReward,cumRegret,empRegret
10,0.24,-1.52,8.78,8.35
20,-1.89,12.71,12.34,0.96
30,1.54,23.65,13.49,-3.14
40,0.09,27.77,14.42,-0.43
50,1.37,20.79,19.70,13.39
60,0.56,23.44,20.08,17.58
70,1.21,29.91,20.85,17.95
80,-2.07,34.30,21.62,20.39
90,2.94,46.48,22.20,15.05
100,-0.30,49.00,23.16,19.36
200,-5.93,107.88,31.51,28.85
300,1.86,141.12,42.79,63.97
400,-0.60,199.43,49.14,74.03
500,1.56,256.91,55.26,84.91
600,1.85,344.43,63.44,65.75
700,-0.15,431.88,69.98,46.66
800,-0.33,529.47,77.10,17.44
900,3.08,573.45,83.45,41.82
1000,0.34,605.88,90.38,77.76
2000,0.10,1210.23,150.97,157.04
3000,-0.15,1850.71,222.06,200.20
4000,2.33,2395.02,286.24,339.52
5000,2.54,3007.69,357.03,410.49
6000,5.42,3695.61,419.70,406.21
7000,3.05,4205.01,491.79,580.44
8000,0.73,4755.97,553.95,713.12
9000,0.43,5448.15,616.11,704.57
10000,-2.22,6034.30,686.96,802.06
