episode,epReward,cumReward,cumRegret,empRegret
10,1.81,4.07,8.99,14.32
20,1.87,14.09,9.46,22.69
30,2.02,17.34,11.87,37.82
40,1.07,29.19,12.34,44.37
50,3.74,49.90,13.30,42.04
60,1.82,59.67,13.30,50.66
70,0.84,75.24,14.25,53.49
80,1.24,92.13,14.72,54.99
90,2.17,108.61,15.68,56.89
100,3.14,122.26,16.15,61.64
200,1.39,289.89,20.09,77.90
300,1.06,464.62,23.43,87.05
400,3.95,626.98,23.43,108.58
500,1.82,760.97,23.43,158.49
600,5.96,950.38,25.37,152.97
700,2.16,1126.40,25.85,160.84
800,-0.45,1311.94,26.33,159.19
900,3.27,1524.88,26.33,130.14
1000,0.77,1700.25,26.33,138.66
2000,3.24,3599.78,34.46,78.05
3000,3.67,5464.69,38.27,52.04
4000,3.21,7257.13,41.85,98.52
5000,1.73,9115.55,45.23,79.01
6000,0.16,10954.37,47.65,79.11
7000,3.17,12766.30,49.60,106.09
8000,4.12,14602.20,51.03,109.10
9000,3.67,16470.87,51.51,79.35
10000,2.42,18334.90,51.98,54.23
