episode,epReward,cumReward,cumRegret,empRegret
10,-0.24,-3.27,8.49,11.26
20,-0.55,-1.01,10.02,16.98
30,3.07,6.10,11.56,17.85
40,-1.53,9.85,15.55,22.08
50,-0.95,11.85,20.44,28.05
60,-5.60,0.13,26.39,47.76
70,2.52,4.20,28.85,51.67
80,-2.69,1.33,34.04,62.51
90,3.79,14.64,37.11,57.19
100,-1.12,20.76,40.18,59.06
200,1.82,67.81,75.95,91.81
300,2.10,105.22,106.65,134.21
400,-1.81,156.94,137.36,162.30
500,-0.08,200.70,168.06,198.35
600,-0.22,270.61,198.76,208.25
700,-1.92,327.56,232.10,231.11
800,2.23,372.09,262.80,266.40
900,0.96,435.56,293.50,282.73
1000,2.91,519.38,324.21,278.73
2000,1.25,1005.58,637.22,590.62
3000,0.86,1442.05,948.79,952.26
4000,-1.10,1916.18,1260.48,1276.24
5000,0.07,2378.52,1567.50,1612.00
6000,-1.20,2804.18,1874.52,1984.45
7000,0.99,3261.02,2181.85,2325.71
8000,0.08,3742.79,2491.30,2642.04
9000,0.24,4232.25,2800.44,2950.69
10000,0.78,4577.08,3107.46,3403.96
