episode,epReward,cumReward,cumRegret,empRegret
10,0.00,-2.73,1.78,7.18
20,0.00,-1.98,5.44,10.87
30,0.00,1.65,8.11,11.68
40,-0.74,-3.88,12.89,21.66
50,0.59,-1.42,15.44,23.64
60,1.53,4.04,18.89,22.63
70,0.20,6.92,20.56,24.19
80,1.22,13.30,20.56,22.25
90,0.50,23.37,20.56,16.63
100,0.28,28.90,20.56,15.54
200,-1.38,54.98,20.56,33.91
300,0.86,99.43,20.56,33.90
400,-0.30,140.42,20.56,37.36
500,-0.07,174.49,20.56,47.73
600,0.43,222.11,20.56,44.55
700,0.30,257.62,21.56,53.50
800,1.39,300.01,21.56,55.55
900,-0.98,346.74,21.56,53.26
1000,0.99,407.71,21.56,36.73
2000,2.12,949.66,23.22,-60.77
3000,1.32,1379.31,24.22,-45.98
4000,1.14,1783.50,24.22,-5.72
5000,-0.49,2227.43,25.89,-5.21
6000,0.55,2698.62,25.89,-31.95
7000,0.08,3181.54,26.89,-70.43
8000,2.87,3692.37,26.89,-136.81
9000,0.56,4138.74,26.89,-138.74
10000,-1.61,4563.78,26.89,-119.33
