episode,epReward,cumReward,cumRegret,empRegret
10,0.00,1.99,4.11,2.45
20,1.11,12.41,6.78,-3.52
30,-2.24,6.92,9.89,6.41
40,1.52,7.53,10.78,10.25
50,0.00,5.15,15.33,17.07
60,0.06,4.37,18.11,22.30
70,0.00,0.49,22.89,30.63
80,3.15,5.08,25.11,30.48
90,-0.69,3.85,27.33,36.15
100,0.66,4.13,30.00,40.32
200,0.29,23.19,36.11,65.70
300,2.30,59.55,37.22,73.79
400,0.92,96.40,38.22,81.38
500,0.21,123.61,40.89,98.61
600,0.20,147.60,40.89,119.06
700,2.10,211.24,40.89,99.87
800,-1.36,256.98,40.89,98.58
900,2.38,333.27,40.89,66.73
1000,-2.56,366.05,40.89,78.40
2000,1.35,767.02,44.89,121.87
3000,0.49,1227.41,47.22,105.92
4000,-0.37,1652.86,48.22,124.91
5000,-0.33,2030.78,48.22,191.44
6000,1.07,2503.36,48.22,163.30
7000,1.13,2969.65,50.22,141.47
8000,-0.66,3435.84,50.22,119.72
9000,1.54,3840.98,51.22,159.02
10000,-1.70,4238.20,51.22,206.25
