episode,epReward,cumReward,cumRegret,empRegret
10,-3.52,-12.02,11.68,19.62
20,-1.00,-4.07,14.02,19.26
30,0.01,-8.01,14.02,30.80
40,0.46,-7.25,14.02,37.64
50,1.76,0.08,14.02,37.91
60,-0.93,4.69,14.02,40.90
70,0.93,16.14,14.02,37.04
80,0.08,18.14,16.36,42.64
90,-1.00,27.38,16.36,41.00
100,0.69,34.05,16.36,41.93
200,-1.30,117.79,26.01,34.17
300,4.15,188.35,26.01,39.59
400,-1.32,277.02,26.01,26.90
500,-2.42,363.75,26.01,16.14
600,4.21,463.55,26.01,-7.68
700,2.89,510.63,26.01,21.22
800,3.46,574.72,26.01,33.11
900,1.93,637.22,26.01,46.59
1000,2.40,736.15,26.01,23.63
2000,-2.10,1506.78,30.34,12.79
3000,-0.08,2276.18,41.69,3.17
4000,1.60,2999.66,44.03,39.47
5000,3.89,3807.54,44.03,-8.63
6000,2.40,4542.29,44.03,16.40
7000,4.47,5280.27,48.70,38.21
8000,1.73,6059.96,58.06,18.30
9000,3.54,6856.99,66.41,-18.95
10000,4.19,7662.72,66.41,-64.90
