episode,epReward,cumReward,cumRegret,empRegret
10,-1.70,-14.83,11.62,13.54
20,-3.29,-28.75,12.95,26.16
30,0.60,-32.88,12.95,28.99
40,-0.68,-32.38,12.95,27.19
50,-0.05,-39.73,14.03,33.25
60,-0.08,-41.03,14.03,33.25
70,-3.02,-46.54,17.19,37.47
80,0.18,-54.47,17.19,44.09
90,-1.20,-43.35,17.19,31.68
100,-4.84,-52.61,17.19,39.65
200,-0.79,-40.67,17.19,14.73
300,0.35,-83.28,19.28,44.38
400,-0.75,-74.34,19.28,22.47
500,-0.35,-109.35,19.28,44.51
600,-0.64,-132.20,19.28,54.39
700,2.91,-145.87,19.28,55.09
800,-1.36,-145.08,19.28,41.33
900,0.22,-167.47,19.28,50.76
1000,-1.40,-178.42,19.28,48.74
2000,-0.28,-262.57,20.60,3.20
3000,1.55,-376.13,20.60,-12.92
4000,-0.95,-483.36,22.69,-35.38
5000,2.06,-613.55,22.69,-34.87
6000,-0.39,-723.40,22.69,-54.70
7000,-0.95,-907.46,22.69,-0.33
8000,-3.76,-1040.13,22.69,2.66
9000,-4.04,-1138.91,24.78,-28.25
10000,-4.29,-1315.27,24.78,18.43
