episode,epReward,cumReward,cumRegret,empRegret
10,3.03,13.50,14.40,3.51
20,4.17,18.09,20.43,15.92
30,2.93,36.40,21.63,14.62
40,-0.05,38.08,24.03,29.95
50,0.89,53.90,27.02,31.14
60,3.58,67.93,30.62,34.11
70,0.80,78.14,34.82,40.91
80,1.37,90.12,38.65,45.94
90,0.38,98.38,42.85,54.69
100,3.93,111.05,46.45,59.04
200,2.02,265.01,75.22,75.15
300,3.98,406.58,116.97,103.66
400,2.75,519.72,155.93,160.61
500,4.83,655.13,196.69,195.28
600,2.09,808.22,234.45,212.27
700,3.13,996.47,268.01,194.10
800,-0.15,1116.56,308.77,244.09
900,0.49,1252.77,348.93,277.97
1000,2.09,1385.93,387.29,314.88
2000,1.40,2695.38,787.57,706.25
3000,3.04,3960.13,1184.96,1142.31
4000,-0.88,5213.25,1592.54,1590.02
5000,0.66,6555.19,1997.37,1948.89
6000,1.29,7924.23,2394.64,2280.67
7000,0.34,9157.61,2795.27,2748.10
8000,2.30,10491.14,3189.91,3115.39
9000,-0.31,11863.58,3586.70,3443.76
10000,2.03,13240.30,3982.90,3767.87
