episode,epReward,cumReward,cumRegret,empRegret
10,-5.76,-27.06,25.28,25.19
20,-1.34,-53.77,43.24,50.03
30,1.99,-59.68,43.24,54.07
40,-1.36,-64.11,43.24,56.63
50,2.61,-45.43,43.24,36.08
60,2.18,-47.53,43.24,36.31
70,-1.66,-42.49,43.24,29.40
80,-3.43,-48.09,43.24,33.12
90,1.17,-46.82,43.24,29.98
100,-0.15,-58.33,43.24,39.63
200,-2.59,-104.39,43.24,66.98
300,1.64,-121.20,43.24,65.09
400,-3.20,-146.98,43.24,72.17
500,-1.73,-193.24,43.24,99.73
600,-4.35,-277.06,43.24,164.84
700,-0.05,-290.72,43.24,159.80
800,3.46,-281.29,43.24,131.67
900,-2.90,-358.50,43.24,190.18
1000,0.49,-397.64,45.78,210.61
2000,-0.78,-661.84,49.42,287.79
3000,2.54,-848.11,51.60,287.04
4000,2.16,-1026.00,52.32,277.90
5000,3.24,-1136.34,52.32,201.21
6000,-1.49,-1302.51,52.32,180.37
7000,0.79,-1527.17,52.32,218.00
8000,-3.51,-1827.33,52.32,331.13
9000,-0.88,-2056.92,52.32,373.70
10000,3.31,-2240.85,52.32,370.61
