episode,epReward,cumReward,cumRegret,empRegret
10,3.29,22.97,7.70,-5.95
20,3.93,39.61,8.69,-5.57
30,-1.14,56.99,9.74,-5.93
40,4.14,83.91,10.68,-15.83
50,3.75,93.78,11.74,-8.68
60,2.90,112.64,14.74,-10.52
70,4.51,131.96,15.56,-12.82
80,1.59,155.19,16.39,-19.03
90,5.23,169.57,17.61,-16.40
100,2.40,188.96,18.20,-18.77
200,2.38,315.77,31.09,24.62
300,3.69,475.71,43.15,34.88
400,4.66,659.15,52.09,21.63
500,-2.57,837.38,60.79,13.59
600,-0.05,997.12,71.26,24.04
700,0.07,1162.60,79.96,28.76
800,1.72,1341.67,88.55,19.89
900,3.06,1512.57,97.72,19.18
1000,5.34,1682.15,107.13,19.80
2000,2.60,3421.96,198.13,-18.08
3000,5.52,4961.90,287.98,143.93
4000,1.29,6605.44,384.02,202.34
5000,1.85,8168.61,475.40,341.11
6000,2.75,9805.58,567.54,406.08
7000,0.23,11472.33,659.16,441.28
8000,3.90,13081.14,750.42,534.41
9000,2.12,14708.62,842.51,608.88
10000,2.09,16316.55,932.36,702.89
