episode,epReward,cumReward,cumRegret,empRegret
10,1.35,-12.65,14.68,12.67
20,-0.94,-16.79,14.68,16.83
30,-1.39,-17.57,15.72,17.63
40,1.12,-18.60,15.72,18.68
50,-0.56,-19.62,15.72,19.72
60,0.26,-27.46,15.72,27.58
70,1.59,-28.24,15.72,28.38
80,0.96,-25.31,15.72,25.47
90,1.61,-21.50,15.72,21.68
100,4.36,-17.15,15.72,17.35
200,0.50,-28.67,24.16,29.07
300,-1.61,-48.16,25.89,48.76
400,-0.17,-77.61,27.64,78.41
500,3.58,-56.22,28.67,57.22
600,-2.82,-75.25,30.74,76.45
700,-1.31,-34.01,30.74,35.41
800,0.29,-45.74,34.99,47.34
900,-1.46,-51.07,34.99,52.87
1000,0.08,-5.72,34.99,7.72
2000,0.53,14.05,34.99,-10.06
3000,0.95,-1.73,36.45,7.72
4000,-0.58,13.96,37.16,-5.97
5000,0.53,77.25,37.16,-67.26
6000,1.31,59.36,38.20,-47.37
7000,-2.49,41.75,38.20,-27.77
8000,-0.00,22.33,38.20,-6.35
9000,-0.53,-3.20,38.20,21.18
10000,-2.57,16.97,38.20,3.01
