episode,epReward,cumReward,cumRegret,empRegret
10,0.47,6.12,4.78,-1.67
20,1.45,0.89,8.11,8.00
30,-0.18,-2.84,12.33,16.18
40,-0.04,-3.78,15.89,21.56
50,3.46,2.26,19.44,19.96
60,-0.95,0.05,21.67,26.62
70,0.37,5.60,23.67,25.51
80,0.91,12.27,26.33,23.28
90,0.40,15.51,27.67,24.49
100,1.36,16.14,30.33,28.31
200,1.93,42.77,36.56,46.12
300,1.39,70.35,37.22,62.99
400,2.34,118.33,39.22,59.45
500,0.21,157.29,39.89,64.93
600,1.28,182.98,39.89,83.68
700,-2.99,226.13,41.56,84.98
800,1.18,261.10,41.56,94.46
900,2.67,314.55,42.22,85.45
1000,0.75,360.43,42.22,84.02
2000,-0.01,827.83,43.33,61.06
3000,0.18,1262.49,43.33,70.85
4000,0.27,1699.72,44.33,78.06
5000,0.57,2055.14,44.33,167.08
6000,0.72,2483.44,44.33,183.22
7000,2.71,2923.30,45.33,187.81
8000,0.32,3340.42,46.33,215.14
9000,1.79,3806.05,46.33,193.95
10000,-0.10,4245.28,47.00,199.17
