episode,epReward,cumReward,cumRegret,empRegret
10,2.09,21.37,6.23,3.14
20,3.32,37.19,9.43,11.84
30,3.95,55.07,10.95,18.49
40,1.71,85.19,13.85,12.88
50,-0.00,102.79,16.07,19.80
60,4.27,115.90,17.90,31.21
70,2.13,136.61,18.44,35.02
80,2.77,158.78,18.75,37.37
90,3.84,184.31,18.75,36.36
100,1.36,201.69,18.75,43.50
200,2.18,431.39,21.58,58.99
300,4.34,664.02,22.66,71.54
400,1.34,898.39,22.96,82.36
500,2.48,1143.85,22.96,82.09
600,5.23,1404.82,22.96,66.31
700,3.48,1664.59,22.96,51.72
800,2.58,1905.62,22.96,55.88
900,0.93,2127.46,24.11,79.24
1000,1.81,2358.93,25.64,92.94
2000,4.87,4837.25,48.58,66.51
3000,1.17,7239.41,55.30,116.23
4000,1.76,9705.44,59.87,102.08
5000,6.68,12064.58,64.15,194.81
6000,-0.25,14451.78,67.20,259.50
7000,2.16,16853.46,69.03,309.69
8000,5.53,19252.91,69.64,362.12
9000,2.04,21667.64,70.25,399.27
10000,0.14,24134.81,70.56,383.98
