episode,epReward,cumReward,cumRegret,empRegret
10,0.00,9.95,4.89,-5.50
20,1.19,13.19,6.89,-4.30
30,-0.06,17.99,7.56,-4.66
40,1.06,23.51,7.56,-5.73
50,1.14,32.65,9.22,-10.43
60,0.98,36.93,9.22,-10.26
70,0.00,38.59,9.22,-7.48
80,2.79,45.80,9.22,-10.25
90,-0.03,47.22,9.89,-7.22
100,-0.01,48.75,10.89,-4.31
200,0.70,80.39,12.22,8.49
300,-1.28,133.08,12.89,0.26
400,0.24,193.98,12.89,-16.20
500,-1.96,238.85,12.89,-16.63
600,0.71,263.14,12.89,3.53
700,-0.15,295.35,13.56,15.76
800,0.52,336.02,13.56,19.53
900,0.07,378.48,13.56,21.52
1000,0.40,414.50,14.56,29.94
2000,2.85,854.95,15.22,33.94
3000,-0.35,1289.74,15.89,43.59
4000,-1.17,1792.28,17.89,-14.50
5000,0.51,2197.68,17.89,24.55
6000,2.75,2601.32,17.89,65.35
7000,0.56,3026.08,17.89,85.03
8000,0.20,3478.17,17.89,77.38
9000,-0.27,3825.29,17.89,174.71
10000,-1.34,4300.12,17.89,144.32
