episode,epReward,cumReward,cumRegret,empRegret
10,-1.79,2.97,4.44,1.47
20,1.21,1.63,7.33,7.26
30,-2.48,1.07,12.00,12.26
40,2.01,8.74,15.89,9.04
50,-2.25,16.84,20.11,5.38
60,-0.61,18.90,24.11,7.76
70,2.18,31.44,28.56,-0.32
80,0.51,39.01,33.11,-3.45
90,-1.75,37.19,37.56,2.81
100,0.16,35.53,42.00,8.91
200,0.80,7.33,86.89,81.56
300,-0.22,14.29,131.11,119.05
400,-3.92,0.72,175.56,177.06
500,-2.16,-11.81,217.33,234.03
600,0.53,-19.09,259.67,285.76
700,0.19,15.43,293.89,295.69
800,1.33,41.80,302.11,313.75
900,1.24,61.45,302.11,338.55
1000,0.89,96.30,302.11,348.15
2000,1.16,563.90,306.11,324.99
3000,0.26,1005.05,309.11,328.28
4000,1.70,1446.90,309.11,330.87
5000,0.50,1937.88,309.11,284.34
6000,1.09,2414.63,309.11,252.04
7000,0.82,2766.35,311.11,344.76
8000,1.59,3133.60,311.11,421.96
9000,1.08,3568.00,311.11,432.00
10000,-2.51,4079.15,311.11,365.29
