episode,epReward,cumReward,cumRegret,empRegret
10,-1.97,-3.67,1.37,-1.47
20,-3.26,-7.66,5.12,-2.63
30,-1.67,-13.41,5.26,-2.03
40,2.09,-14.17,5.55,-6.41
50,-1.71,-31.27,7.90,5.55
60,-3.64,-45.56,8.05,14.69
70,0.66,-44.76,8.05,8.74
80,0.67,-53.38,8.19,12.22
90,-0.32,-62.04,8.19,15.74
100,-0.93,-66.39,8.21,14.94
200,0.04,-111.83,10.23,8.93
300,0.13,-141.51,10.81,-12.84
400,-0.23,-178.36,11.25,-27.44
500,-0.58,-225.75,13.60,-31.50
600,1.81,-313.14,13.60,4.43
700,-3.11,-339.04,13.89,-21.12
800,-1.87,-387.84,14.03,-23.77
900,-2.03,-444.22,14.03,-18.83
1000,-2.33,-486.05,14.03,-28.45
2000,-2.65,-1060.80,14.03,31.79
3000,-1.57,-1599.63,14.03,56.12
4000,-1.46,-2094.41,14.03,36.39
5000,-1.87,-2671.52,14.03,98.99
6000,-2.91,-3255.44,14.18,168.40
7000,-0.36,-3728.64,14.32,127.09
8000,0.36,-4265.47,14.32,149.41
9000,-2.42,-4790.54,16.67,159.99
10000,-1.09,-5329.53,16.67,184.47
