episode,epReward,cumReward,cumRegret,empRegret
10,1.90,2.03,3.89,2.41
20,1.08,3.12,6.56,5.77
30,1.14,5.62,10.00,7.72
40,1.14,6.89,12.56,10.89
50,1.82,11.98,14.56,10.25
60,1.76,23.80,15.00,2.87
70,0.75,22.51,15.89,8.60
80,1.31,23.66,17.78,11.89
90,-0.25,29.10,17.78,10.90
100,2.15,36.79,19.22,7.65
200,-0.39,69.94,24.22,18.95
300,1.55,122.66,25.22,10.68
400,-1.29,172.13,25.89,5.65
500,-1.34,231.96,25.89,-9.74
600,0.90,274.13,26.89,-7.46
700,1.22,326.08,26.89,-14.96
800,0.98,391.65,27.89,-36.10
900,-0.44,451.89,28.89,-51.89
1000,0.74,514.35,28.89,-69.91
2000,0.02,990.81,30.89,-101.92
3000,2.38,1389.14,30.89,-55.81
4000,-1.41,1826.67,32.89,-48.90
5000,-0.24,2320.23,33.56,-98.01
6000,0.76,2715.90,34.56,-49.23
7000,1.48,3154.35,34.56,-43.24
8000,0.33,3565.31,34.56,-9.76
9000,-0.29,4049.54,34.56,-49.54
10000,-2.18,4506.11,35.56,-61.67
