episode,epReward,cumReward,cumRegret,empRegret
10,0.00,-1.31,2.89,5.75
20,-1.65,-5.02,7.56,13.91
30,0.00,-3.94,9.67,17.28
40,0.00,-1.67,13.00,19.44
50,1.55,2.08,13.00,20.14
60,1.67,9.30,14.00,17.37
70,1.13,20.28,14.00,10.84
80,0.00,23.99,14.00,11.56
90,0.00,25.98,14.00,14.02
100,0.00,31.28,14.67,13.16
200,0.00,83.14,15.33,5.75
300,0.00,135.05,15.33,-1.72
400,0.00,177.50,15.33,0.27
500,0.74,216.58,15.33,5.64
600,0.99,268.56,15.33,-1.89
700,1.50,309.24,15.33,1.87
800,0.00,354.98,15.33,0.58
900,0.91,394.20,15.33,5.80
1000,0.00,445.17,15.33,-0.73
2000,0.00,888.64,16.33,0.25
3000,1.32,1399.04,18.33,-65.70
4000,0.00,1837.04,18.33,-59.27
5000,0.95,2270.76,18.33,-48.54
6000,0.00,2736.40,18.33,-69.74
7000,0.43,3144.24,18.33,-33.13
8000,0.00,3561.75,18.33,-6.20
9000,0.00,3985.88,18.33,14.12
10000,1.56,4436.83,18.33,7.62
