episode,epReward,cumReward,cumRegret,empRegret
10,0.74,-0.59,3.00,5.03
20,0.00,2.31,4.33,6.58
30,1.69,6.92,5.44,6.41
40,2.78,13.08,5.44,4.70
50,0.00,16.01,6.44,6.22
60,2.04,22.87,7.44,3.80
70,0.00,25.25,7.44,5.86
80,0.15,32.61,7.89,2.95
90,0.00,35.53,7.89,4.47
100,1.17,42.49,8.33,1.95
200,0.93,92.69,9.22,-3.80
300,0.25,151.75,9.22,-18.41
400,-0.92,201.04,9.22,-23.26
500,1.76,216.11,10.22,6.11
600,-1.00,263.69,10.22,2.98
700,1.74,300.62,10.22,10.49
800,0.38,342.18,10.22,13.38
900,2.44,393.30,10.22,6.70
1000,1.93,453.23,10.89,-8.79
2000,-1.44,880.00,13.56,8.89
3000,0.76,1353.37,14.56,-20.03
4000,2.48,1785.28,16.22,-7.50
5000,-0.36,2239.75,16.22,-17.52
6000,1.60,2699.51,17.89,-32.84
7000,0.38,3095.03,17.89,16.08
8000,0.52,3527.28,17.89,28.27
9000,0.26,4045.94,17.89,-45.94
10000,0.11,4417.95,17.89,26.49
