episode,epReward,cumReward,cumRegret,empRegret
10,0.00,-1.99,5.11,6.43
20,0.00,-3.55,7.11,12.44
30,0.00,-3.66,10.33,16.99
40,-1.67,-1.43,12.89,19.21
50,0.44,-0.17,14.33,22.39
60,0.00,-0.17,15.33,26.83
70,2.14,1.82,18.67,29.29
80,0.00,5.21,20.67,30.35
90,-0.28,12.72,20.67,27.28
100,0.00,10.68,20.67,33.77
200,0.00,51.15,22.67,37.74
300,1.52,82.19,24.67,51.15
400,1.84,129.62,24.67,48.16
500,1.87,175.44,24.67,46.79
600,0.00,219.35,24.67,47.32
700,0.00,257.67,26.67,53.44
800,0.75,302.87,27.67,52.68
900,0.00,336.12,27.67,63.88
1000,2.24,369.94,27.67,74.51
2000,0.00,801.68,32.67,87.21
3000,0.15,1210.48,32.67,122.85
4000,-0.10,1629.46,32.67,148.32
5000,0.00,2142.44,32.67,79.78
6000,0.00,2555.69,32.67,110.98
7000,2.28,2983.80,32.67,127.31
8000,0.00,3436.11,32.67,119.45
9000,0.00,3849.40,32.67,150.60
10000,0.33,4267.07,32.67,177.37
