episode,epReward,cumReward,cumRegret,empRegret
10,0.00,0.50,1.11,3.94
20,0.09,0.15,3.56,8.74
30,0.00,1.64,5.89,11.69
40,0.40,6.37,5.89,11.40
50,0.00,12.04,5.89,10.18
60,0.10,19.92,6.33,6.75
70,0.00,20.98,6.33,10.13
80,2.21,32.80,6.33,2.75
90,0.00,36.24,6.33,3.76
100,0.11,38.28,6.33,6.17
200,-0.23,77.84,8.44,11.05
300,0.31,121.24,10.11,12.09
400,0.00,150.99,11.44,26.78
500,0.00,186.08,11.44,36.14
600,0.00,228.09,11.44,38.58
700,-0.50,268.65,11.44,42.46
800,0.49,317.87,11.44,37.69
900,2.68,353.49,11.44,46.51
1000,0.00,391.83,15.44,52.61
2000,2.23,836.12,18.11,52.77
3000,0.00,1313.31,19.11,20.03
4000,0.76,1833.92,20.11,-56.14
5000,0.00,2249.05,20.78,-26.83
6000,0.00,2691.21,20.78,-24.54
7000,0.00,3117.77,20.78,-6.66
8000,1.40,3527.21,20.78,28.35
9000,0.00,3998.07,20.78,1.93
10000,0.00,4454.69,20.78,-10.24
