episode,epReward,cumReward,cumRegret,empRegret
10,1.21,3.27,13.65,12.23
20,0.02,7.03,26.55,23.95
30,5.14,11.36,39.62,35.12
40,3.70,13.96,53.32,48.01
50,-2.24,17.57,67.03,59.89
60,1.23,14.76,79.55,78.20
70,-0.04,17.41,93.25,91.04
80,0.96,21.45,106.95,102.49
90,-1.58,19.52,120.66,119.92
100,0.36,30.56,134.36,124.37
200,2.22,93.00,271.40,216.86
300,-2.85,103.33,408.44,361.47
400,-0.45,125.94,544.92,493.78
500,-0.42,156.42,681.39,618.23
600,-1.17,169.51,818.43,760.08
700,0.42,191.72,954.90,892.80
800,1.17,213.28,1091.94,1026.17
900,1.47,221.54,1227.61,1172.84
1000,-1.81,248.33,1364.09,1300.98
2000,-1.13,384.95,2732.55,2713.67
3000,-0.03,541.40,4102.95,4106.53
4000,0.38,685.60,5473.35,5511.64
5000,-0.26,906.78,6843.75,6839.77
6000,-1.62,1153.52,8214.15,8142.34
7000,-0.85,1364.18,9584.55,9480.99
8000,-4.01,1541.17,10953.65,10853.31
9000,-2.32,1739.44,12324.05,12204.35
10000,1.91,1840.26,13693.75,13652.84
