episode,epReward,cumReward,cumRegret,empRegret
10,2.21,0.35,5.11,4.10
20,0.39,5.92,5.11,2.97
30,0.00,10.18,6.44,3.15
40,3.78,17.69,6.44,0.09
50,0.86,26.44,6.44,-4.22
60,0.00,32.56,6.44,-5.89
70,0.00,36.80,6.44,-5.69
80,0.00,38.58,6.44,-3.03
90,1.79,45.39,7.11,-5.39
100,0.00,52.87,7.78,-8.42
200,0.00,107.84,7.78,-18.95
300,0.00,147.30,7.78,-13.97
400,0.00,200.58,8.44,-22.80
500,0.00,247.34,9.11,-25.12
600,0.00,281.62,9.11,-14.95
700,0.00,312.70,9.11,-1.59
800,0.00,353.72,9.11,1.84
900,1.67,397.61,9.11,2.39
1000,0.00,430.37,9.11,14.08
2000,0.00,900.05,9.78,-11.16
3000,0.20,1357.35,10.44,-24.02
4000,0.94,1805.85,10.44,-28.08
5000,0.00,2255.12,11.11,-32.90
6000,0.00,2687.02,11.11,-20.35
7000,3.67,3147.78,11.11,-36.66
8000,2.06,3574.86,11.11,-19.30
9000,2.19,4010.06,11.11,-10.06
10000,0.00,4454.89,11.11,-10.45
