episode,epReward,cumReward,cumRegret,empRegret
10,2.66,18.99,8.93,9.81
20,-0.10,53.17,10.78,4.43
30,4.24,81.26,12.26,5.14
40,4.40,114.57,13.50,0.63
50,4.14,138.44,15.84,5.56
60,4.37,155.95,17.82,16.85
70,2.91,184.23,19.67,17.37
80,0.76,205.91,21.40,24.49
90,4.30,235.55,22.63,23.65
100,-0.17,261.63,24.36,26.37
200,-1.25,520.11,41.53,55.88
300,3.41,813.55,57.08,50.44
400,1.64,1068.31,76.71,83.68
500,2.29,1319.13,94.98,120.86
600,5.09,1564.56,110.91,163.43
700,0.79,1838.00,126.59,177.99
800,3.68,2120.42,144.98,183.56
900,4.15,2421.65,162.51,170.33
1000,7.13,2682.50,179.18,197.48
2000,4.22,5412.05,346.32,347.90
3000,2.15,8080.67,518.89,559.26
4000,-1.16,10893.70,677.01,626.21
5000,1.12,13736.63,841.43,663.26
6000,7.01,16434.23,1005.24,845.63
7000,5.18,19240.04,1164.84,919.81
8000,-1.04,22042.33,1326.79,997.49
9000,0.34,24749.35,1496.89,1170.45
10000,5.11,27451.22,1661.19,1348.56
