episode,epReward,cumReward,cumRegret,empRegret
10,1.69,19.26,3.97,-2.55
20,2.10,42.54,5.34,-9.12
30,1.74,65.98,5.34,-15.85
40,-1.35,81.64,6.71,-14.80
50,2.27,102.64,6.71,-19.09
60,4.39,119.76,6.71,-19.50
70,1.73,136.10,6.71,-19.13
80,2.37,154.44,6.71,-20.76
90,0.58,169.72,9.90,-19.33
100,3.16,182.07,9.90,-14.97
200,5.14,358.66,11.30,-24.46
300,6.25,516.44,12.67,-15.14
400,-2.70,674.53,12.67,-6.12
500,2.30,850.07,12.67,-14.56
600,2.24,1027.60,12.67,-24.99
700,1.56,1192.82,12.67,-23.11
800,0.12,1346.63,12.67,-9.82
900,4.22,1511.54,14.07,-7.63
1000,1.71,1678.71,14.07,-7.69
2000,2.68,3327.19,14.07,14.84
3000,3.10,4898.17,14.07,114.88
4000,2.27,6566.37,14.07,117.70
5000,1.22,8285.98,14.07,69.10
6000,-0.11,9923.90,14.07,102.19
7000,1.27,11643.58,14.07,53.53
8000,1.72,13335.76,14.07,32.37
9000,1.88,15036.98,14.07,2.16
10000,5.63,16657.38,14.07,52.78
