episode,epReward,cumReward,cumRegret,empRegret
10,2.95,25.78,6.26,4.11
20,0.24,59.01,6.26,0.76
30,2.81,85.44,6.26,4.21
40,4.86,114.56,6.26,4.98
50,6.53,143.09,6.26,6.33
60,1.96,173.02,6.26,6.29
70,2.64,206.18,6.26,3.02
80,1.35,226.05,6.26,13.03
90,3.06,255.43,6.26,13.53
100,2.42,289.67,6.26,9.18
200,2.35,581.43,6.26,16.27
300,1.84,883.22,6.26,13.34
400,3.25,1152.82,6.26,42.59
500,-0.11,1439.22,6.26,55.04
600,0.29,1757.36,9.40,35.76
700,5.69,2057.38,9.40,34.59
800,0.60,2335.26,9.40,55.56
900,2.22,2641.96,9.40,47.71
1000,4.27,2947.70,9.40,40.82
2000,4.88,5826.33,9.40,150.72
3000,3.33,8697.65,15.68,267.93
4000,2.00,11640.70,27.70,313.41
5000,3.13,14689.62,27.70,253.02
6000,0.49,17670.75,27.70,260.42
7000,2.26,20614.47,27.70,305.22
8000,2.84,23541.39,27.70,366.84
9000,0.95,26489.77,27.70,406.98
10000,3.48,29466.78,30.84,418.50
