episode,epReward,cumReward,cumRegret,empRegret
10,0,-1.10,3.89,5.54
20,0,2.17,7.89,6.72
30,0,2.17,9.22,11.16
40,0,2.17,12.56,15.61
50,0,2.17,17.22,20.05
60,0,2.17,21.89,24.49
70,0,2.17,25.89,28.94
80,0,2.17,31.22,33.38
90,0,2.17,35.56,37.83
100,0,2.17,38.89,42.27
200,0,2.17,86.56,86.72
300,0,2.17,124.56,131.16
400,0,2.17,167.22,175.61
500,0,2.17,214.89,220.05
600,0,2.17,265.56,264.49
700,0,2.17,309.89,308.94
800,0,2.17,361.22,353.38
900,0,2.17,403.89,397.83
1000,0,2.17,447.22,442.27
2000,0,2.17,888.56,886.72
3000,0,2.17,1350.56,1331.16
4000,0,2.17,1818.22,1775.61
5000,0,2.17,2266.89,2220.05
6000,0,2.17,2706.56,2664.49
7000,0,2.17,3165.56,3108.94
8000,0,2.17,3601.89,3553.38
9000,0,2.17,4049.22,3997.83
10000,0,2.17,4514.89,4442.27
