episode,epReward,cumReward,cumRegret,empRegret
10,-1.23,-3.51,4.00,7.95
20,1.92,1.56,8.44,7.33
30,-0.66,-1.61,12.89,14.95
40,-2.22,-6.50,17.33,24.28
50,-0.01,-10.27,23.00,32.49
60,-1.19,-14.07,25.67,40.73
70,0.00,-4.57,30.67,35.68
80,0.81,-6.45,35.11,42.01
90,2.89,-2.00,39.56,42.00
100,-1.73,2.92,44.00,41.52
200,-2.25,31.19,88.44,57.70
300,-1.32,1.67,132.89,131.66
400,2.46,-0.41,177.33,178.19
500,-1.86,23.52,221.78,198.71
600,1.21,16.08,266.22,250.58
700,2.73,36.56,310.67,274.56
800,-0.90,32.01,355.11,323.55
900,0.69,29.64,399.56,370.36
1000,4.26,16.74,444.00,427.70
2000,2.30,-16.52,888.44,905.41
3000,0.49,-57.33,1332.89,1390.66
4000,0.79,-4.38,1777.33,1782.16
5000,3.63,-12.98,2221.78,2235.20
6000,-1.55,-39.01,2666.22,2705.67
7000,-1.24,-34.20,3110.67,3145.31
8000,3.11,-35.48,3555.11,3591.03
9000,-2.47,-19.58,3999.56,4019.58
10000,1.23,-51.40,4444.00,4495.84
