episode,epReward,cumReward,cumRegret,empRegret
10,-0.11,8.54,10.75,14.89
20,0.73,35.99,14.27,10.87
30,4.73,61.56,16.21,8.72
40,1.92,77.85,19.91,15.86
50,-3.75,91.96,25.18,25.17
60,2.16,109.85,26.94,30.72
70,0.98,134.38,26.94,29.61
80,1.70,153.44,26.94,33.99
90,1.80,175.10,30.64,35.75
100,3.82,199.37,32.58,34.90
200,1.76,409.88,42.60,58.68
300,2.58,672.69,42.60,30.14
400,2.20,918.64,42.60,18.47
500,3.50,1172.42,42.60,-1.04
600,2.69,1373.96,42.60,31.70
700,2.56,1627.37,42.60,12.56
800,3.30,1873.02,42.60,1.19
900,4.28,2098.66,42.60,9.83
1000,1.95,2335.98,42.60,6.78
2000,1.94,4704.51,42.60,-18.98
3000,1.81,6961.74,42.60,66.55
4000,0.68,9321.13,42.60,49.92
5000,1.87,11622.17,42.60,91.65
6000,2.42,13994.15,42.60,62.43
7000,3.61,16356.71,42.60,42.63
8000,-1.59,18620.40,42.60,121.71
9000,5.90,21009.08,42.60,75.80
10000,0.76,23421.80,42.60,5.84
