episode,epReward,cumReward,cumRegret,empRegret
10,0,-3.73,3.89,8.18
20,0,-3.73,6.22,12.62
30,0,-2.07,9.22,15.40
40,0,-2.07,12.89,19.85
50,0,-2.07,16.89,24.29
60,0,-2.07,21.89,28.73
70,0,-2.07,25.56,33.18
80,0,-2.07,28.89,37.62
90,0,-2.07,33.56,42.07
100,0,-2.07,36.89,46.51
200,0,-2.07,89.89,90.96
300,0,-2.07,130.22,135.40
400,0,-2.07,174.56,179.85
500,0,-2.07,224.89,224.29
600,0,-2.07,274.22,268.73
700,0,-2.07,318.56,313.18
800,0,-2.07,360.22,357.62
900,0,-2.07,405.22,402.07
1000,0,-2.07,447.56,446.51
2000,0,-2.07,878.89,890.96
3000,0,-2.07,1337.22,1335.40
4000,0,-2.07,1786.89,1779.85
5000,0,-2.07,2214.22,2224.29
6000,0,-2.07,2665.22,2668.73
7000,0,-2.07,3100.22,3113.18
8000,0,-2.07,3566.89,3557.62
9000,0,-2.07,4001.22,4002.07
10000,0,-2.07,4438.22,4446.51
