episode,epReward,cumReward,cumRegret,empRegret
10,-2.95,-2.12,9.09,6.40
20,-0.93,-3.83,13.96,12.39
30,-0.64,-6.95,16.32,19.78
40,1.00,-10.17,20.97,27.28
50,1.50,-6.17,23.19,27.55
60,5.02,-4.43,25.48,30.10
70,-2.93,-6.79,32.36,36.74
80,1.21,-4.74,34.65,38.96
90,1.30,-8.38,37.01,46.88
100,0.17,-0.72,38.19,43.49
200,0.05,41.81,48.54,43.74
300,-2.03,55.36,56.66,72.97
400,2.26,101.52,64.72,69.59
500,0.88,145.09,70.55,68.81
600,1.30,205.76,70.55,50.92
700,3.11,246.22,71.73,53.23
800,0.86,267.34,76.46,74.89
900,2.89,308.75,79.86,76.26
1000,1.67,345.59,86.73,82.19
2000,-2.35,720.42,100.55,135.16
3000,-1.80,962.82,129.37,320.54
4000,0.48,1436.92,136.24,274.23
5000,-1.66,1825.88,149.09,313.06
6000,0.27,2202.24,150.27,364.48
7000,1.10,2669.77,153.82,324.74
8000,1.03,3177.41,156.04,244.89
9000,-0.01,3663.83,158.40,186.25
10000,1.11,4076.54,158.40,201.33
