episode,epReward,cumReward,cumRegret,empRegret
10,1.03,2.63,3.11,1.82
20,0.35,8.91,5.11,-0.02
30,0.97,8.88,7.89,4.45
40,-0.19,15.15,9.67,2.63
50,1.10,25.56,9.67,-3.34
60,0.51,30.70,10.67,-4.03
70,0.42,32.30,10.67,-1.19
80,-1.09,36.12,10.67,-0.56
90,0.94,42.29,10.67,-2.29
100,2.34,48.06,10.67,-3.62
200,-0.63,101.38,12.00,-12.49
300,-2.32,148.07,12.00,-14.73
400,1.59,189.76,12.00,-11.98
500,2.49,251.39,12.00,-29.16
600,0.25,296.41,12.00,-29.74
700,2.82,346.55,12.67,-35.44
800,-2.36,394.49,12.67,-38.93
900,-1.80,408.41,12.67,-8.41
1000,0.90,460.92,12.67,-16.48
2000,0.86,907.11,12.67,-18.22
3000,0.12,1332.67,14.00,0.67
4000,0.36,1786.40,14.00,-8.62
5000,-0.23,2222.77,14.67,-0.55
6000,3.18,2690.83,15.33,-24.17
7000,1.13,3187.87,15.33,-76.76
8000,-0.25,3638.72,15.33,-83.16
9000,2.66,4023.07,15.33,-23.07
10000,1.72,4467.72,15.33,-23.27
