episode,epReward,cumReward,cumRegret,empRegret
10,0.00,-0.92,2.44,5.37
20,0.00,1.01,3.78,7.88
30,0.00,3.85,4.78,9.49
40,0.00,5.07,4.78,12.71
50,1.55,8.12,5.44,14.10
60,0.00,9.64,5.44,17.02
70,0.86,13.48,6.44,17.63
80,1.60,16.87,6.44,18.69
90,-0.67,14.46,6.44,25.54
100,1.47,18.30,6.89,26.15
200,0.97,78.13,6.89,10.76
300,-1.09,125.61,6.89,7.72
400,0.00,181.31,6.89,-3.53
500,1.19,217.87,6.89,4.35
600,0.00,275.27,6.89,-8.60
700,0.94,320.09,6.89,-8.98
800,-0.14,359.02,6.89,-3.46
900,0.00,401.44,6.89,-1.44
1000,1.47,455.92,7.56,-11.47
2000,0.00,826.94,7.56,61.95
3000,0.00,1271.44,8.00,61.90
4000,-0.63,1725.49,9.11,52.29
5000,0.55,2153.18,9.78,69.04
6000,1.18,2579.74,9.78,86.92
7000,0.00,3032.55,9.78,78.56
8000,0.00,3472.06,9.78,83.50
9000,2.36,3938.36,9.78,61.64
10000,-0.22,4400.64,10.44,43.81
