episode,epReward,cumReward,cumRegret,empRegret
10,-1.90,-1.99,4.44,6.44
20,-2.69,6.13,8.89,2.76
30,0.78,7.05,12.89,6.28
40,-0.15,7.31,17.33,10.46
50,0.80,3.65,21.78,18.57
60,0.28,-8.61,26.22,35.27
70,4.46,-7.73,30.89,38.84
80,-0.25,-1.21,35.33,36.77
90,-2.00,1.99,39.78,38.01
100,3.74,3.03,44.22,41.41
200,-1.95,-4.32,88.78,93.21
300,0.94,16.55,133.33,116.79
400,3.23,35.35,177.78,142.42
500,-0.73,67.20,221.78,155.03
600,-1.67,81.54,266.22,185.13
700,-0.09,80.79,310.67,230.32
800,-2.81,88.11,355.11,267.44
900,-0.68,94.54,399.56,305.46
1000,-2.08,86.23,444.00,358.21
2000,-1.57,49.01,888.00,839.88
3000,-1.59,48.46,1332.00,1284.87
4000,-2.20,-25.47,1776.44,1803.25
5000,-0.66,13.68,2220.89,2208.54
6000,-3.34,62.93,2665.33,2603.74
7000,0.70,141.64,3109.78,2969.47
8000,3.81,108.78,3553.78,3446.77
9000,0.81,140.35,3998.22,3859.65
10000,3.25,126.23,4442.67,4318.22
