episode,epReward,cumReward,cumRegret,empRegret
10,0.57,2.95,3.67,1.49
20,-1.75,9.33,8.33,-0.44
30,0.78,8.86,13.00,4.47
40,-0.86,3.30,17.44,14.47
50,-0.25,0.53,21.89,21.70
60,-0.57,-2.80,26.33,29.47
70,3.56,7.73,30.78,23.38
80,-0.65,7.61,35.22,27.95
90,-1.78,6.73,39.67,33.27
100,1.54,10.24,44.11,34.21
200,-0.55,26.61,88.33,62.28
300,-0.01,26.04,132.78,107.30
400,-0.32,51.14,177.22,126.64
500,1.94,61.12,221.67,161.10
600,-4.75,68.81,266.11,197.86
700,0.28,80.83,310.56,230.29
800,-0.03,84.26,355.00,271.30
900,-1.45,114.14,399.44,285.86
1000,-0.11,154.82,443.89,289.62
2000,0.74,186.24,887.89,702.65
3000,1.93,255.29,1332.33,1078.04
4000,5.20,339.52,1776.78,1438.26
5000,2.31,354.00,2220.78,1868.22
6000,-2.57,270.05,2664.78,2396.61
7000,-1.45,374.27,3109.33,2736.84
8000,0.17,341.94,3553.78,3213.61
9000,-1.31,428.86,3998.22,3571.14
10000,1.08,410.38,4442.67,4034.06
