episode,epReward,cumReward,cumRegret,empRegret
10,5.00,36.97,1.49,-1.41
20,4.39,64.97,10.55,6.16
30,3.79,90.32,15.99,16.37
40,2.12,121.40,21.43,20.85
50,0.21,153.21,25.78,24.60
60,5.02,185.40,35.93,27.98
70,2.05,212.02,41.91,36.92
80,3.67,242.77,48.90,41.73
90,2.70,271.61,54.88,48.46
100,3.15,295.69,61.40,59.94
200,2.60,574.55,126.46,136.71
300,0.69,872.90,191.62,194.00
400,4.48,1139.81,254.15,282.71
500,6.46,1423.70,319.29,354.46
600,5.58,1715.13,383.91,418.65
700,3.27,2029.79,448.06,459.62
800,2.44,2330.64,512.68,514.41
900,2.79,2603.57,580.54,597.11
1000,3.54,2904.29,645.24,652.02
2000,0.54,5771.67,1292.11,1340.95
3000,6.87,8669.20,1928.68,1999.74
4000,3.93,11549.91,2573.94,2675.34
5000,3.41,14398.97,3206.23,3382.58
6000,3.91,17333.01,3839.07,4004.85
7000,-0.52,20143.01,4481.69,4751.17
8000,3.65,23068.37,5105.83,5382.12
9000,4.44,26046.03,5734.77,5960.77
10000,-0.38,28939.58,6356.73,6623.53
