episode,epReward,cumReward,cumRegret,empRegret
10,-0.34,2.14,1.83,5.86
20,-0.20,6.01,3.66,9.98
30,0.83,2.73,7.24,21.27
40,2.36,12.87,9.83,19.13
50,1.78,14.80,9.83,25.20
60,-0.34,18.94,11.67,29.06
70,5.28,30.52,11.67,25.47
80,0.28,41.09,11.67,22.91
90,0.22,41.30,11.67,30.69
100,3.39,55.30,11.67,24.70
200,1.84,100.60,15.33,59.38
300,2.64,201.85,17.93,38.13
400,0.14,293.55,19.76,26.42
500,-2.92,352.71,19.76,47.25
600,-1.01,430.82,19.76,49.13
700,-1.72,525.78,19.76,34.17
800,-0.72,592.36,19.76,47.58
900,0.29,680.13,19.76,39.80
1000,2.24,778.66,19.76,21.27
2000,-2.22,1528.87,19.76,70.98
3000,0.77,2298.63,19.76,101.14
4000,-3.31,3129.56,19.76,70.14
5000,-0.67,3851.79,19.76,147.84
6000,0.91,4691.66,19.76,107.89
7000,0.27,5537.08,19.76,62.40
8000,1.66,6281.92,19.76,117.48
9000,1.11,7108.98,19.76,90.35
10000,-2.68,7876.65,19.76,122.60
