episode,epReward,cumReward,cumRegret,empRegret
10,3.57,23.87,3.28,5.39
20,3.76,54.45,4.96,4.07
30,8.25,88.86,6.63,-1.08
40,2.66,119.20,8.30,-2.17
50,-0.87,145.41,9.97,0.88
60,0.15,171.15,11.64,4.41
70,1.09,185.33,13.32,19.48
80,3.20,213.76,14.99,20.31
90,3.34,236.75,16.66,26.58
100,2.21,266.90,18.33,25.69
200,1.94,543.93,37.79,41.25
300,-0.25,812.30,55.01,65.47
400,0.06,1051.74,72.98,118.62
500,2.96,1345.01,89.70,117.94
600,2.02,1601.67,107.68,153.87
700,3.39,1863.69,124.40,184.43
800,2.72,2091.88,141.12,248.83
900,2.47,2359.73,157.84,273.58
1000,2.85,2628.09,175.20,297.81
2000,1.63,5311.15,342.41,540.64
3000,1.10,8104.62,509.61,673.06
4000,3.97,10882.25,676.82,821.33
5000,4.13,13647.90,844.02,981.58
6000,3.63,16393.62,1011.23,1161.75
7000,3.49,19130.63,1178.43,1350.63
8000,1.55,21934.73,1345.64,1472.43
9000,5.21,24781.73,1512.85,1551.33
10000,0.80,27516.87,1680.05,1742.08
