episode,epReward,cumReward,cumRegret,empRegret
10,1.86,7.32,4.56,-2.88
20,-0.65,7.58,8.33,1.31
30,0.33,0.29,10.56,13.04
40,-0.34,-1.38,14.56,19.16
50,0.68,9.57,18.11,12.65
60,-0.69,14.53,22.56,12.13
70,-2.49,8.67,27.00,22.44
80,0.29,15.24,31.44,20.31
90,1.71,29.87,35.44,10.13
100,1.30,30.45,39.89,13.99
200,0.63,20.77,84.11,68.11
300,-1.21,58.66,128.22,74.67
400,0.36,63.61,172.67,114.17
500,1.44,39.20,217.11,183.03
600,-1.28,15.61,261.56,251.06
700,0.41,30.68,306.00,280.43
800,-3.41,24.84,350.44,330.71
900,-0.71,52.51,394.89,347.49
1000,-3.15,43.73,439.33,400.71
2000,1.10,71.80,883.78,817.09
3000,-2.62,102.39,1328.22,1230.94
4000,0.65,230.92,1772.67,1546.86
5000,-2.71,155.23,2217.11,2066.99
6000,0.30,89.19,2661.56,2577.48
7000,2.11,71.61,3106.00,3039.50
8000,1.07,93.45,3550.44,3462.11
9000,2.63,38.08,3994.89,3961.92
10000,1.81,46.42,4439.33,4398.03
