episode,epReward,cumReward,cumRegret,empRegret
10,-2.41,-15.09,3.53,3.90
20,1.62,-29.98,3.53,7.60
30,1.25,-40.32,3.53,6.75
40,-0.69,-45.79,4.06,1.03
50,-3.75,-60.73,4.06,4.78
60,-0.24,-74.88,4.06,7.74
70,-1.20,-87.15,4.06,8.82
80,2.86,-94.73,4.06,5.22
90,1.22,-100.78,4.06,0.08
100,-1.41,-99.08,4.06,-12.81
200,-1.31,-216.33,5.45,-7.45
300,-0.92,-303.29,5.71,-32.39
400,-0.53,-407.10,7.56,-40.47
500,-2.05,-511.89,7.56,-47.57
600,-0.52,-629.28,7.56,-42.07
700,-1.99,-706.92,7.56,-76.33
800,-2.77,-808.62,7.56,-86.52
900,-2.13,-934.54,7.56,-72.49
1000,-0.11,-1074.14,7.56,-44.78
2000,-2.74,-2190.34,7.56,-47.49
3000,-2.44,-3331.06,7.56,-25.70
4000,-0.38,-4528.90,7.56,53.23
5000,-0.27,-5705.10,7.56,110.51
6000,1.99,-6835.11,7.82,121.61
7000,-1.14,-7976.57,7.82,144.15
8000,-1.19,-9047.87,7.82,96.53
9000,0.07,-10187.14,7.82,116.89
10000,-0.22,-11324.74,7.82,135.57
