episode,epReward,cumReward,cumRegret,empRegret
10,0.00,-0.44,3.33,4.88
20,-1.19,-1.55,7.67,10.44
30,0.00,-2.57,9.89,15.91
40,0.00,0.53,11.89,17.25
50,0.00,2.09,12.56,20.13
60,2.41,8.28,12.56,18.39
70,0.00,9.19,13.56,21.93
80,-0.21,13.21,14.56,22.34
90,0.00,15.46,14.56,24.54
100,0.00,22.07,14.56,22.38
200,1.26,59.11,14.56,29.78
300,0.00,100.07,14.56,33.26
400,-0.60,134.70,16.56,43.07
500,0.00,170.85,18.56,51.38
600,0.00,211.63,18.56,55.04
700,0.00,257.37,18.56,53.74
800,0.00,300.99,18.56,54.56
900,0.00,341.01,18.56,58.99
1000,0.00,386.42,20.56,58.03
2000,0.39,806.44,22.22,82.45
3000,1.00,1230.37,23.89,102.97
4000,0.00,1673.04,25.56,104.74
5000,0.06,2114.00,27.56,108.22
6000,1.58,2524.55,27.56,142.12
7000,0.18,2987.58,27.56,123.53
8000,0.00,3399.51,27.56,156.05
9000,0.00,3817.15,27.56,182.85
10000,1.07,4235.09,27.56,209.35
