episode,epReward,cumReward,cumRegret,empRegret
10,0.00,-5.65,3.56,10.09
20,0.00,-4.12,8.56,13.01
30,0.00,0.83,9.22,12.51
40,1.64,5.96,9.22,11.82
50,0.00,8.74,9.89,13.48
60,1.44,13.13,9.89,13.54
70,1.20,17.06,10.56,14.05
80,0.39,21.35,10.56,14.20
90,0.22,23.20,10.56,16.80
100,0.12,25.84,10.56,18.60
200,0.00,75.99,11.89,12.90
300,1.37,129.27,11.89,4.07
400,0.00,170.98,11.89,6.79
500,0.72,227.69,13.56,-5.47
600,0.00,272.70,13.56,-6.03
700,0.90,309.78,15.22,1.33
800,0.00,334.67,15.22,20.89
900,0.25,388.86,15.22,11.14
1000,0.16,434.25,16.22,10.19
2000,0.85,902.34,17.89,-13.46
3000,1.00,1353.03,19.89,-19.70
4000,0.00,1767.62,19.89,10.16
5000,0.00,2214.18,19.89,8.04
6000,0.00,2685.54,21.56,-18.87
7000,2.15,3119.36,21.56,-8.25
8000,0.00,3548.26,21.56,7.30
9000,0.37,3962.07,21.56,37.93
10000,0.00,4380.18,22.56,64.26
