episode,epReward,cumReward,cumRegret,empRegret
10,0.00,1.76,5.44,2.68
20,2.54,1.00,9.22,7.89
30,1.29,7.23,10.89,6.10
40,0.00,8.22,10.89,9.56
50,0.00,12.78,10.89,9.45
60,0.00,14.48,11.56,12.19
70,-0.09,18.95,11.56,12.16
80,0.61,29.88,11.56,5.67
90,1.11,32.74,11.56,7.26
100,0.60,39.43,11.56,5.02
200,0.00,92.12,11.56,-3.23
300,0.00,133.32,12.56,0.01
400,0.00,169.35,14.22,8.42
500,0.00,208.75,14.22,13.47
600,1.72,249.90,14.89,16.77
700,2.03,299.27,15.89,11.84
800,2.43,330.62,15.89,24.93
900,0.76,379.94,15.89,20.06
1000,0.93,412.04,15.89,32.40
2000,0.00,892.71,17.56,-3.82
3000,0.94,1381.78,17.56,-48.44
4000,0.13,1818.03,17.56,-40.26
5000,0.00,2278.83,17.56,-56.61
6000,0.00,2696.11,17.56,-29.44
7000,-0.95,3094.15,18.89,16.96
8000,1.67,3533.73,19.89,21.83
9000,0.00,3990.44,21.89,9.56
10000,1.69,4464.20,21.89,-19.75
