episode,epReward,cumReward,cumRegret,empRegret
10,0.14,-2.25,3.78,6.69
20,0.00,-3.69,7.11,12.58
30,0.00,0.18,8.78,13.15
40,0.07,0.05,9.67,17.73
50,0.00,2.62,11.00,19.60
60,0.00,6.00,11.00,20.67
70,1.21,10.06,11.00,21.05
80,0.00,13.69,12.00,21.86
90,3.63,19.59,12.00,20.41
100,0.00,25.35,12.00,19.09
200,0.00,70.44,14.67,18.45
300,0.00,111.53,14.67,21.80
400,0.00,155.85,17.33,21.93
500,0.33,209.54,18.00,12.68
600,1.46,261.45,19.00,5.21
700,1.04,292.99,19.00,18.12
800,-0.75,340.83,21.00,14.73
900,0.00,392.20,24.00,7.80
1000,0.28,443.79,24.00,0.66
2000,0.00,870.70,24.67,18.18
3000,0.00,1292.89,25.33,40.45
4000,0.00,1765.30,27.00,12.48
5000,0.00,2233.60,27.67,-11.38
6000,0.00,2669.87,27.67,-3.20
7000,0.00,3123.36,27.67,-12.25
8000,-0.85,3547.91,27.67,7.65
9000,1.66,3986.87,28.33,13.13
10000,0.67,4408.22,30.33,36.23
