episode,epReward,cumReward,cumRegret,empRegret
10,0.00,-2.70,3.89,7.14
20,0.00,-4.80,7.89,13.69
30,0.00,-0.77,12.78,14.10
40,0.00,3.45,14.11,14.32
50,0.00,7.98,14.11,14.24
60,-1.53,13.83,14.11,12.84
70,0.00,15.76,14.11,15.35
80,2.16,24.50,14.11,11.05
90,0.00,25.54,14.11,14.46
100,1.83,29.76,14.11,14.68
200,-0.17,84.50,14.78,4.39
300,-1.45,123.26,14.78,10.08
400,0.00,180.11,15.22,-2.33
500,0.00,227.20,15.22,-4.98
600,2.76,278.87,15.22,-12.20
700,0.00,306.95,15.89,4.17
800,0.00,345.62,16.89,9.94
900,0.00,380.08,17.89,19.92
1000,1.57,426.62,18.89,17.83
2000,0.00,849.94,20.56,38.95
3000,0.00,1301.94,21.56,31.39
4000,0.00,1765.00,21.56,12.78
5000,0.00,2183.96,21.56,38.27
6000,0.97,2569.43,22.56,97.24
7000,-0.69,3050.68,24.22,60.43
8000,1.16,3481.91,25.89,73.64
9000,0.00,3866.53,25.89,133.47
10000,0.00,4342.04,25.89,102.40
