episode,epReward,cumReward,cumRegret,empRegret
10,1.01,2.97,3.22,1.47
20,-0.21,4.50,6.33,4.38
30,1.97,3.50,9.44,9.83
40,-0.74,2.28,14.11,15.50
50,0.63,-2.78,17.22,25.00
60,2.51,8.30,19.67,18.37
70,-3.96,12.04,23.67,19.07
80,0.49,22.43,27.22,13.13
90,-1.23,14.19,31.22,25.81
100,2.97,11.39,35.22,33.05
200,0.51,38.51,74.89,50.37
300,0.73,27.54,116.44,105.79
400,-0.03,33.16,156.89,144.62
500,1.69,30.60,196.44,191.62
600,1.07,54.44,240.44,212.23
700,0.63,73.67,283.67,237.44
800,-2.15,82.61,328.33,272.94
900,2.10,88.97,373.33,311.03
1000,0.91,71.53,417.33,372.92
2000,1.87,45.58,860.56,843.30
3000,-1.03,0.44,1304.78,1332.89
4000,1.57,-10.89,1749.33,1788.67
5000,-0.77,-50.54,2193.78,2272.76
6000,1.31,-24.15,2637.89,2690.82
7000,0.32,54.13,3082.89,3056.98
8000,0.36,123.66,3527.33,3431.89
9000,3.36,119.29,3971.78,3880.71
10000,1.55,120.86,4416.22,4323.58
