episode,epReward,cumReward,cumRegret,empRegret
10,-0.95,-3.14,4.00,7.58
20,-1.26,-3.77,7.56,12.66
30,2.19,-3.19,11.78,16.52
40,-5.13,-9.19,16.00,26.97
50,0.00,-5.87,21.22,28.09
60,0.00,-9.49,24.22,36.16
70,0.00,-13.98,27.44,45.10
80,0.10,-11.19,29.33,46.75
90,0.00,-12.64,32.78,52.64
100,-0.86,-11.93,33.67,56.37
200,-2.45,36.97,36.44,51.92
300,0.47,61.83,37.44,71.50
400,-0.97,95.85,39.44,81.93
500,3.68,129.99,40.44,92.23
600,0.32,175.78,41.44,90.89
700,0.69,217.87,41.44,93.24
800,-0.38,252.94,42.44,102.62
900,0.64,316.61,42.44,83.39
1000,-2.11,354.05,42.44,90.40
2000,0.38,815.09,44.11,73.80
3000,-0.34,1216.99,46.78,116.34
4000,-0.89,1680.87,47.78,96.90
5000,0.20,2115.04,50.78,107.19
6000,1.17,2541.50,50.78,125.17
7000,-2.39,2962.90,51.44,148.22
8000,0.57,3465.50,51.44,90.05
9000,0.20,3923.71,51.44,76.29
10000,1.57,4317.05,51.44,127.39
