episode,epReward,cumReward,cumRegret,empRegret
10,-1.94,-1.62,4.22,6.07
20,1.97,-0.33,7.67,9.22
30,0.00,0.63,10.44,12.71
40,0.04,-1.04,12.78,18.82
50,0.94,0.95,15.00,21.27
60,-0.42,5.56,17.11,21.10
70,0.00,8.32,17.78,22.79
80,0.95,12.07,20.22,23.49
90,0.31,22.13,23.56,17.87
100,1.73,23.38,24.44,21.06
200,1.15,71.40,27.33,17.49
300,1.11,112.37,27.33,20.97
400,2.18,157.14,30.33,20.64
500,0.20,194.92,31.33,27.31
600,0.26,240.04,31.33,26.62
700,1.80,288.15,31.33,22.96
800,3.31,336.37,32.33,19.19
900,2.64,385.60,33.33,14.40
1000,0.53,408.84,33.33,35.60
2000,0.70,793.17,33.33,95.72
3000,0.74,1249.53,36.33,83.80
4000,0.75,1693.35,38.33,84.42
5000,1.74,2205.17,40.67,17.05
6000,0.61,2620.77,40.67,45.90
7000,0.66,3078.49,42.33,32.62
8000,-0.37,3485.07,42.33,70.49
9000,1.32,3954.43,42.33,45.57
10000,1.06,4405.39,42.33,39.06
