episode,epReward,cumReward,cumRegret,empRegret
10,0.00,2.34,4.56,2.10
20,3.09,7.49,6.11,1.40
30,-1.33,11.06,6.78,2.28
40,0.00,15.07,6.78,2.70
50,0.08,24.09,6.78,-1.87
60,0.00,25.08,7.44,1.58
70,0.00,28.85,8.11,2.26
80,-0.16,32.82,8.11,2.73
90,0.00,34.65,8.11,5.35
100,-0.14,40.71,9.11,3.73
200,0.25,82.94,9.11,5.95
300,1.46,130.06,9.11,3.28
400,2.76,175.52,9.78,2.26
500,0.00,221.55,10.78,0.67
600,0.00,266.01,10.78,0.66
700,0.00,309.59,10.78,1.52
800,0.00,347.25,10.78,8.31
900,0.00,387.47,10.78,12.53
1000,1.08,426.59,10.78,17.85
2000,-1.06,899.08,12.78,-10.19
3000,0.00,1367.01,13.78,-33.68
4000,0.00,1828.11,15.44,-50.33
5000,0.00,2293.21,16.11,-70.99
6000,0.00,2774.05,16.11,-107.38
7000,0.07,3250.57,16.11,-139.46
8000,0.00,3728.07,16.11,-172.51
9000,2.69,4175.14,16.11,-175.14
10000,1.59,4668.45,16.11,-224.01
