episode,epReward,cumReward,cumRegret,empRegret
10,1.54,5.70,2.89,-1.25
20,0.00,-1.80,6.22,10.68
30,0.00,1.08,6.89,12.26
40,0.00,5.61,8.56,12.17
50,1.28,6.89,11.22,15.33
60,0.00,7.61,13.56,19.06
70,-0.23,9.02,15.22,22.09
80,1.74,19.17,15.22,16.38
90,0.00,24.80,15.22,15.20
100,0.00,28.82,15.22,15.63
200,0.86,65.47,15.89,23.42
300,0.00,113.75,15.89,19.58
400,0.50,170.08,15.89,7.70
500,0.00,227.00,15.89,-4.78
600,0.00,283.94,16.89,-17.27
700,1.29,325.89,16.89,-14.78
800,0.00,395.39,16.89,-39.84
900,1.59,432.01,16.89,-32.01
1000,0.00,471.35,16.89,-26.91
2000,0.00,908.43,16.89,-19.54
3000,1.36,1331.43,17.89,1.90
4000,0.00,1786.45,17.89,-8.67
5000,0.00,2208.06,18.89,14.16
6000,1.03,2627.23,18.89,39.44
7000,0.66,3072.24,18.89,38.87
8000,0.59,3486.23,19.56,69.33
9000,0.00,3939.18,19.56,60.82
10000,0.86,4357.08,19.56,87.36
