episode,epReward,cumReward,cumRegret,empRegret
10,2.02,4.46,3.11,-0.01
20,1.74,5.21,7.22,3.68
30,0.00,0.32,10.67,13.02
40,1.55,-4.11,13.33,21.88
50,0.62,-6.43,17.89,28.65
60,-2.63,-9.91,21.67,36.57
70,-2.29,-13.44,25.33,44.55
80,0.36,-8.65,26.67,44.20
90,0.50,-4.43,27.33,44.43
100,0.16,-7.44,28.22,51.88
200,0.77,16.69,30.78,72.20
300,0.39,67.09,32.78,66.25
400,0.31,120.14,34.78,57.64
500,-2.16,149.76,34.78,72.46
600,1.86,194.97,34.78,71.70
700,1.04,242.70,35.44,68.41
800,1.22,287.95,35.44,67.60
900,-1.36,334.26,37.44,65.74
1000,-0.01,359.47,39.11,84.97
2000,0.76,850.84,40.78,38.05
3000,-0.62,1262.12,41.78,71.21
4000,-1.40,1717.87,43.44,59.91
5000,-2.02,2133.08,43.44,89.14
6000,-1.60,2563.23,43.44,103.43
7000,-1.61,2976.03,43.44,135.08
8000,1.33,3480.99,43.44,74.57
9000,1.30,3903.23,44.44,96.77
10000,-1.16,4415.71,46.44,28.73
