episode,epReward,cumReward,cumRegret,empRegret
10,1.96,5.25,2.67,-0.80
20,0.71,7.96,7.00,0.93
30,2.03,14.07,8.00,-0.74
40,-2.51,13.47,9.11,4.31
50,0.64,12.89,9.56,9.33
60,0.00,18.50,10.56,8.16
70,0.54,28.69,11.89,2.42
80,-0.05,27.42,11.89,8.14
90,-1.35,35.00,11.89,5.00
100,-0.55,38.24,11.89,6.20
200,0.87,92.40,12.56,-3.51
300,1.70,133.20,12.56,0.13
400,1.01,195.90,13.22,-18.12
500,0.81,246.00,13.22,-23.78
600,0.09,255.87,13.22,10.80
700,1.15,288.05,13.22,23.06
800,0.89,324.96,13.89,30.59
900,-0.51,352.15,14.56,47.85
1000,0.52,387.50,14.56,56.94
2000,1.79,881.71,15.22,7.18
3000,-0.56,1274.75,15.22,58.58
4000,0.10,1711.18,15.89,66.60
5000,-1.17,2097.36,15.89,124.87
6000,-0.47,2535.72,15.89,130.94
7000,2.22,2945.64,15.89,165.47
8000,-1.91,3395.24,15.89,160.32
9000,3.04,3859.67,15.89,140.33
10000,0.70,4290.95,15.89,153.49
