episode,epReward,cumReward,cumRegret,empRegret
10,2.08,4.19,2.41,4.02
20,0.91,5.07,6.95,11.37
30,-1.38,1.11,11.61,23.53
40,-0.01,2.14,13.69,30.72
50,-1.46,3.75,14.73,37.33
60,-1.83,0.16,18.10,49.14
70,-0.17,4.89,22.55,52.63
80,1.83,-1.61,27.43,67.34
90,2.52,4.12,28.46,69.83
100,0.92,5.59,29.71,76.58
200,1.84,85.20,49.12,79.14
300,2.87,166.20,67.91,80.30
400,-2.05,230.68,83.70,97.98
500,-0.66,300.60,100.32,110.23
600,-2.64,369.47,117.14,123.52
700,-1.29,399.32,133.14,175.84
800,-0.10,487.13,148.92,170.20
900,-3.30,548.36,165.54,191.13
1000,2.99,624.69,181.95,196.96
2000,0.20,1278.46,343.15,364.85
3000,-0.18,1928.31,506.42,536.65
4000,1.55,2500.59,669.07,786.02
5000,2.45,3189.18,824.04,919.09
6000,-2.99,3798.01,988.35,1131.91
7000,1.26,4472.55,1149.55,1279.03
8000,-1.76,5128.41,1314.69,1444.82
9000,1.21,5799.26,1472.77,1595.63
10000,2.11,6479.72,1633.76,1736.82
