episode,epReward,cumReward,cumRegret,empRegret
10,2.02,5.85,4.00,-1.41
20,1.01,2.99,8.22,5.90
30,0.00,4.61,12.33,8.72
40,1.70,6.86,16.78,10.92
50,1.73,9.90,20.78,12.32
60,-2.81,6.28,23.89,20.38
70,-2.27,1.85,27.89,29.26
80,-1.53,-1.23,32.33,36.79
90,-3.07,12.62,36.78,27.38
100,-3.10,20.77,41.22,23.67
200,-1.80,4.91,86.22,83.98
300,-2.63,30.27,130.67,103.06
400,1.52,49.74,174.22,128.04
500,-0.39,62.78,218.67,159.45
600,-0.08,55.64,263.11,211.02
700,-0.20,20.42,307.56,290.70
800,1.33,22.90,351.56,332.65
900,1.53,10.20,396.11,389.80
1000,-0.70,1.03,440.56,443.41
2000,1.20,-42.51,885.00,931.40
3000,2.57,-59.05,1329.44,1392.39
4000,2.47,-188.44,1773.89,1966.22
5000,1.52,-148.13,2218.33,2370.35
6000,1.48,-103.59,2662.78,2770.26
7000,0.18,-120.17,3107.22,3231.28
8000,0.64,-145.35,3551.67,3700.91
9000,-1.73,-133.64,3996.11,4133.64
10000,-3.08,-70.90,4440.56,4515.34
