episode,epReward,cumReward,cumRegret,empRegret
10,0,-3.02,2.44,7.46
20,0,-2.62,6.56,11.51
30,0,-2.62,8.89,15.95
40,0,-2.62,14.89,20.40
50,0,-2.62,19.89,24.84
60,0,-2.34,20.56,29.01
70,0,-2.17,24.56,33.28
80,0,-2.17,26.89,37.73
90,0,-2.17,30.56,42.17
100,0,-2.17,33.56,46.62
200,0,-2.17,79.56,91.06
300,0,-2.17,115.22,135.51
400,0,-2.17,160.22,179.95
500,0,-2.17,205.22,224.39
600,0,-2.17,245.56,268.84
700,0,-2.17,286.89,313.28
800,0,-2.17,328.56,357.73
900,0,-2.17,374.22,402.17
1000,0,-2.17,416.56,446.62
2000,0,-2.17,844.56,891.06
3000,0,-2.17,1285.22,1335.51
4000,0,-2.17,1724.22,1779.95
5000,0,-2.17,2187.89,2224.39
6000,0,-2.17,2641.56,2668.84
7000,0,-2.17,3080.89,3113.28
8000,0,-2.17,3542.89,3557.73
9000,0,-2.17,3999.56,4002.17
10000,0,-2.17,4431.56,4446.62
