episode,epReward,cumReward,cumRegret,empRegret
10,-4.86,-5.42,10.51,10.80
20,1.10,-2.31,19.77,13.07
30,1.17,-5.80,29.95,21.94
40,-1.75,-18.45,39.20,39.97
50,-0.46,-15.86,49.39,42.76
60,-0.24,-15.49,60.49,47.77
70,-2.78,-16.06,69.75,53.73
80,0.33,-26.92,79.01,69.96
90,1.64,-32.89,88.26,81.31
100,-2.19,-43.38,98.45,97.18
200,-0.67,-107.28,203.97,214.88
300,1.05,-149.36,308.57,310.76
400,-0.94,-211.96,424.28,427.17
500,-3.68,-258.07,534.43,527.08
600,-0.21,-272.42,642.73,595.23
700,-1.77,-300.92,749.19,677.53
800,-2.17,-365.88,859.34,796.29
900,-3.86,-436.35,967.64,920.56
1000,0.52,-494.50,1082.42,1032.52
2000,0.11,-921.58,2146.93,1997.61
3000,-3.59,-1403.91,3241.99,3017.96
4000,2.56,-2061.47,4332.41,4213.52
5000,-2.39,-2587.50,5417.87,5277.57
6000,-0.62,-3145.12,6485.16,6373.20
7000,-2.76,-3674.12,7553.37,7440.22
8000,-1.37,-4128.45,8630.84,8432.56
9000,-0.51,-4758.10,9728.67,9600.22
10000,-2.95,-5344.86,10808.92,10725.00
