episode,epReward,cumReward,cumRegret,empRegret
10,0.25,20.48,9.08,9.25
20,0.77,50.73,13.66,8.73
30,0.58,76.19,14.44,13.00
40,5.17,109.10,22.28,9.82
50,5.43,145.44,29.25,3.20
60,2.79,167.82,35.84,10.55
70,1.49,191.85,44.07,16.25
80,-1.50,203.33,51.13,34.50
90,2.00,233.64,58.10,33.92
100,2.58,265.37,65.07,31.92
200,2.06,500.65,129.35,93.92
300,5.01,724.25,195.98,167.61
400,6.04,974.53,258.14,214.62
500,1.50,1178.78,329.39,307.66
600,2.61,1415.76,410.28,367.96
700,2.57,1628.06,480.36,452.95
800,2.23,1862.71,550.32,515.59
900,1.74,2078.74,612.86,596.84
1000,3.44,2334.44,681.30,638.43
2000,1.09,4668.49,1353.05,1277.26
3000,3.51,6940.31,2046.89,1978.31
4000,3.13,9142.19,2758.11,2749.30
5000,2.19,11334.42,3484.45,3529.95
6000,-0.04,13632.86,4175.50,4204.38
7000,3.68,15942.73,4855.86,4867.39
8000,4.56,18213.42,5530.66,5569.57
9000,5.50,20520.89,6208.99,6234.98
10000,3.20,22846.02,6874.90,6882.72
