episode,epReward,cumReward,cumRegret,empRegret
10,-2.44,-0.88,7.71,1.50
20,-1.38,-6.86,10.54,8.10
30,-0.41,-4.92,10.54,6.77
40,0.92,-3.11,10.54,5.58
50,0.71,-7.48,10.54,10.57
60,1.00,-15.42,10.54,19.13
70,2.05,-14.96,10.54,19.29
80,2.17,-16.15,10.54,21.09
90,-1.37,-18.82,10.54,24.38
100,-0.68,-16.47,10.54,22.65
200,-0.38,-22.95,10.54,35.31
300,2.56,-21.43,11.95,39.97
400,-0.05,-12.71,11.95,37.44
500,1.86,39.81,11.95,-8.90
600,-2.64,59.34,11.95,-22.25
700,-2.92,87.51,11.95,-44.23
800,-2.21,97.98,11.95,-48.52
900,-1.94,91.80,11.95,-36.16
1000,1.38,116.80,11.95,-54.97
2000,3.84,214.46,11.95,-90.82
3000,1.42,223.39,11.95,-37.92
4000,-0.08,391.37,11.95,-144.07
5000,1.45,413.91,11.95,-104.79
6000,0.86,560.36,15.76,-189.42
7000,-3.26,468.17,15.76,-35.41
8000,-1.83,444.28,15.76,50.30
9000,-0.69,462.91,15.76,93.50
10000,-0.33,447.51,15.76,170.73
