episode,epReward,cumReward,cumRegret,empRegret
10,2.89,9.69,1.33,2.07
20,1.86,20.68,2.01,2.84
30,0.81,27.01,2.01,8.28
40,1.95,46.90,2.02,0.15
50,2.96,66.88,2.04,-8.07
60,4.61,81.62,2.04,-11.06
70,2.83,96.98,2.04,-14.66
80,0.50,107.59,2.04,-13.50
90,-1.53,110.20,2.05,-4.36
100,0.29,124.99,2.05,-7.38
200,-2.47,230.64,2.38,4.58
300,-1.78,332.63,2.72,20.20
400,0.01,445.07,3.05,25.37
500,1.17,527.52,3.05,60.53
600,2.96,672.54,3.05,33.12
700,2.34,804.95,3.05,18.32
800,-1.18,921.22,3.06,19.66
900,3.61,1046.22,6.06,12.27
1000,1.78,1154.73,6.06,21.37
2000,0.81,2332.19,6.39,20.02
3000,-0.83,3517.83,8.16,10.48
4000,0.67,4616.81,8.49,87.60
5000,3.89,5751.74,8.49,128.78
6000,3.16,6876.43,8.49,180.19
7000,5.41,8096.15,8.49,136.58
8000,1.85,9281.86,8.49,126.98
9000,-0.71,10372.48,8.50,212.46
10000,-0.81,11498.87,8.50,262.17
