episode,epReward,cumReward,cumRegret,empRegret
10,0.00,0.76,3.44,3.69
20,2.24,4.39,4.11,4.50
30,0.00,5.61,5.44,7.73
40,3.20,12.04,7.89,5.73
50,0.70,14.87,7.89,7.35
60,0.00,18.60,8.56,8.07
70,0.97,20.57,8.56,10.54
80,0.00,26.29,9.56,9.26
90,0.00,27.32,9.56,12.68
100,0.00,29.65,10.67,14.80
200,0.00,72.63,14.33,16.26
300,0.00,113.99,14.33,19.35
400,0.00,157.48,14.33,20.29
500,0.00,208.83,14.33,13.40
600,1.08,257.56,14.33,9.10
700,0.00,305.72,14.33,5.39
800,0.88,352.47,14.33,3.08
900,2.95,402.01,14.33,-2.01
1000,1.86,447.26,14.78,-2.82
2000,1.20,859.45,14.78,29.44
3000,0.00,1270.83,14.78,62.50
4000,0.77,1671.28,14.78,106.50
5000,0.00,2102.87,15.22,119.36
6000,0.00,2520.97,15.22,145.70
7000,1.23,2959.59,15.22,151.52
8000,0.00,3408.54,15.22,147.01
9000,0.00,3816.26,15.22,183.74
10000,1.45,4272.93,15.22,171.51
