episode,epReward,cumReward,cumRegret,empRegret
10,0.00,7.10,5.11,-2.66
20,0.72,19.91,6.00,-11.02
30,1.24,27.45,6.00,-14.12
40,1.26,26.74,6.44,-8.96
50,-0.01,31.86,8.67,-9.64
60,0.54,37.60,9.11,-10.93
70,2.30,45.69,10.00,-14.58
80,-0.40,44.54,11.56,-8.99
90,-1.30,45.23,11.56,-5.23
100,0.57,56.01,11.56,-11.56
200,2.65,83.30,16.44,5.59
300,0.25,119.29,17.33,14.05
400,1.46,170.47,17.78,7.31
500,2.30,210.62,17.78,11.60
600,2.24,250.65,17.78,16.02
700,-0.35,281.40,17.78,29.71
800,0.45,350.82,17.78,4.74
900,0.16,385.86,17.78,14.14
1000,1.76,444.01,18.44,0.43
2000,-1.88,966.65,20.11,-77.77
3000,-0.18,1390.52,20.11,-57.19
4000,-0.25,1816.60,20.11,-38.82
5000,0.58,2322.51,20.11,-100.29
6000,2.21,2735.82,20.11,-69.16
7000,-0.18,3098.74,20.78,12.37
8000,1.27,3477.66,20.78,77.89
9000,-0.20,3924.74,20.78,75.26
10000,1.72,4335.35,20.78,109.10
