episode,epReward,cumReward,cumRegret,empRegret
10,-2.18,-4.51,4.00,8.96
20,-2.84,-10.37,8.00,19.26
30,1.08,-14.17,12.00,27.51
40,2.68,-7.40,16.00,25.18
50,0.19,-2.15,20.22,24.38
60,-1.03,-0.57,24.89,27.24
70,2.72,2.01,29.33,29.10
80,1.31,5.28,33.78,30.27
90,0.03,8.28,38.22,31.72
100,0.47,4.39,42.67,40.05
200,-1.41,13.88,87.33,75.01
300,2.01,27.12,130.33,106.22
400,0.14,15.43,174.89,162.35
500,4.10,8.10,216.67,214.12
600,0.60,4.83,261.22,261.84
700,1.28,22.95,304.33,288.16
800,2.40,21.10,348.78,334.46
900,-1.74,-2.50,393.22,402.50
1000,-0.50,1.87,437.67,442.57
2000,2.51,-40.72,882.11,929.61
3000,1.62,-60.47,1326.56,1393.80
4000,-1.14,-4.98,1771.00,1782.75
5000,-0.16,39.27,2215.44,2182.95
6000,0.13,112.55,2659.89,2554.12
7000,0.46,168.85,3104.33,2942.26
8000,-1.47,132.52,3548.78,3423.04
9000,0.16,140.80,3993.22,3859.20
10000,0.09,209.34,4437.67,4235.10
