episode,epReward,cumReward,cumRegret,empRegret
10,5.00,27.46,4.25,1.57
20,2.87,58.21,5.12,-0.15
30,3.83,91.66,6.62,-4.57
40,3.55,119.60,7.16,-3.48
50,4.77,143.97,8.25,1.19
60,2.80,170.01,8.52,4.18
70,4.19,202.72,8.84,0.50
80,1.56,216.14,10.47,16.12
90,5.55,250.07,11.89,11.22
100,3.86,279.12,13.75,11.19
200,-0.20,533.62,33.98,47.02
300,0.16,789.96,57.36,80.99
400,4.60,1090.81,76.53,70.45
500,1.19,1345.46,95.70,106.12
600,1.06,1594.94,116.14,146.95
700,2.76,1884.25,135.32,147.96
800,0.97,2190.33,154.28,132.19
900,2.42,2454.33,174.51,158.51
1000,5.00,2725.25,195.76,177.91
2000,-1.89,5387.84,392.36,418.48
3000,1.12,8098.52,589.38,610.96
4000,2.80,10923.94,786.61,688.69
5000,1.00,13589.79,989.57,926.00
6000,1.29,16372.47,1182.57,1046.48
7000,-1.07,19194.40,1379.59,1127.71
8000,1.28,21910.57,1577.24,1314.69
9000,-0.48,24632.59,1777.23,1495.83
10000,3.77,27290.37,1976.59,1741.21
