episode,epReward,cumReward,cumRegret,empRegret
10,1.72,1.44,20.55,28.94
20,1.05,5.02,47.42,55.74
30,3.68,8.94,73.11,82.21
40,0.81,14.53,99.17,107.00
50,2.84,19.71,126.72,132.21
60,1.34,19.28,154.27,163.03
70,0.50,26.41,179.53,186.28
80,-1.23,30.81,206.40,212.26
90,2.18,34.48,231.79,238.98
100,1.67,37.48,257.17,266.36
200,-0.61,56.20,531.93,551.48
300,1.82,111.51,792.15,800.02
400,2.22,164.68,1063.30,1050.69
500,0.66,209.69,1342.64,1309.52
600,-1.05,224.08,1619.60,1598.97
700,-0.75,258.04,1889.35,1868.86
800,-0.39,300.58,2164.55,2130.16
900,-0.86,325.73,2435.35,2408.85
1000,1.47,330.78,2708.20,2707.64
2000,-0.81,604.07,5409.08,5472.77
3000,0.92,899.10,8138.49,8216.16
4000,-2.39,1158.30,10843.78,10995.38
5000,-1.98,1406.36,13557.28,13785.74
6000,2.19,1775.48,16294.68,16455.03
7000,-1.88,2071.90,18988.44,19197.03
8000,0.27,2429.04,21742.17,21878.32
9000,4.66,2631.90,24464.47,24713.87
10000,0.72,2977.51,27182.67,27406.68
