episode,epReward,cumReward,cumRegret,empRegret
10,0.31,-1.68,3.89,6.13
20,-1.06,-6.19,9.22,15.08
30,-1.37,-10.69,12.33,24.02
40,2.00,-16.52,16.78,34.30
50,-0.64,-21.51,21.22,43.74
60,-2.63,-29.77,25.67,56.43
70,-1.16,-34.11,30.11,65.22
80,0.91,-32.77,34.56,68.33
90,-1.17,-40.12,39.00,80.12
100,1.50,-36.49,43.44,80.94
200,-0.76,-30.36,87.89,119.25
300,-1.07,-33.17,132.33,166.51
400,0.56,-23.83,176.78,201.61
500,-2.67,-15.65,221.22,237.88
600,-1.19,-21.92,265.67,288.58
700,0.66,-27.08,310.11,338.19
800,2.68,-24.67,354.56,380.23
900,0.70,-19.16,399.00,419.16
1000,-0.42,-24.59,443.44,469.03
2000,1.16,-69.68,887.89,958.57
3000,1.48,-192.19,1332.33,1525.52
4000,1.15,-269.72,1776.78,2047.50
5000,0.38,-196.89,2221.22,2419.11
6000,0.01,-189.40,2665.67,2856.07
7000,0.33,-73.75,3110.11,3184.86
8000,1.67,16.00,3554.56,3539.55
9000,-0.80,-37.70,3999.00,4037.70
10000,1.03,-37.67,4443.44,4482.12
