episode,epReward,cumReward,cumRegret,empRegret
10,2.30,14.06,9.57,17.30
20,2.18,37.57,10.23,25.14
30,2.04,67.85,12.08,26.22
40,1.20,94.99,13.40,30.43
50,0.70,122.61,19.08,34.16
60,3.45,149.92,20.39,38.21
70,-0.05,176.40,20.39,43.09
80,2.23,205.88,20.39,44.96
90,1.90,240.16,20.39,42.04
100,4.07,277.13,20.39,36.42
200,5.63,570.56,23.02,56.55
300,1.79,859.47,23.68,81.19
400,3.58,1182.94,24.34,71.27
500,4.66,1465.71,24.34,102.05
600,0.93,1785.44,24.34,95.88
700,2.53,2126.29,24.99,68.58
800,3.01,2401.59,25.65,106.83
900,2.61,2721.82,25.65,100.15
1000,1.02,3052.28,26.96,83.25
2000,6.58,6265.23,31.56,5.82
3000,2.38,9347.15,32.87,59.44
4000,2.31,12428.29,34.19,113.82
5000,3.07,15673.69,34.84,3.95
6000,5.61,18809.12,34.84,4.05
7000,5.95,22001.62,35.50,-52.92
8000,5.14,25182.29,35.50,-98.07
9000,3.61,28283.05,36.16,-63.30
10000,-0.86,31530.76,36.82,-175.48
