episode,epReward,cumReward,cumRegret,empRegret
10,-1.55,6.86,14.89,5.47
20,-2.91,1.03,31.27,23.64
30,-1.66,-1.17,44.58,38.17
40,-1.23,-5.21,60.57,54.54
50,-1.90,-4.48,73.88,66.15
60,-1.28,-5.43,88.52,79.42
70,1.24,-8.14,101.83,94.47
80,-3.17,-14.16,115.14,112.82
90,-2.33,-27.79,129.79,138.79
100,-1.14,-24.10,143.52,147.43
200,2.05,-65.80,277.96,312.45
300,1.21,-96.55,411.06,466.53
400,-2.71,-106.76,544.16,600.07
500,-0.96,-105.77,677.27,722.41
600,2.83,-112.00,811.70,851.96
700,1.57,-95.33,944.80,958.62
800,-3.18,-130.22,1077.90,1116.85
900,0.67,-138.52,1211.00,1248.48
1000,-0.44,-143.16,1344.10,1376.44
2000,-2.43,-147.97,2676.44,2614.54
3000,1.20,-194.22,4007.45,3894.07
4000,-0.78,-204.17,5338.46,5137.30
5000,-2.56,-383.75,6669.47,6550.16
6000,-0.81,-441.01,8000.48,7840.70
7000,-2.41,-623.24,9331.49,9256.22
8000,-0.14,-710.41,10662.50,10576.67
9000,2.32,-813.17,11993.51,11912.71
10000,3.77,-875.03,13324.52,13207.85
