episode,epReward,cumReward,cumRegret,empRegret
10,-2.96,-0.66,4.44,5.11
20,-3.60,3.76,9.11,5.13
30,0.05,4.11,13.22,9.22
40,-1.93,-4.19,17.67,21.97
50,-2.06,-5.99,22.11,28.21
60,2.47,1.52,26.78,25.15
70,-1.09,-7.29,31.78,38.41
80,0.00,-5.27,36.33,40.83
90,0.15,-6.84,40.78,46.84
100,-0.76,-11.44,44.78,55.88
200,-0.35,-1.55,87.67,90.44
300,-1.14,-14.41,132.11,147.74
400,-0.82,-21.40,176.56,199.17
500,0.11,-23.86,221.00,246.09
600,-1.38,-12.65,265.44,279.32
700,2.92,-34.03,309.89,345.14
800,0.50,-54.26,354.33,409.82
900,-0.67,-34.99,398.78,434.99
1000,-2.24,-13.03,443.22,457.47
2000,0.17,-65.65,887.67,954.54
3000,-1.82,-94.77,1332.11,1428.11
4000,-0.05,-137.72,1776.56,1915.50
5000,0.35,-54.52,2221.00,2276.75
6000,-2.03,-32.01,2665.44,2698.67
7000,1.62,-39.34,3109.89,3150.45
8000,1.57,8.65,3554.33,3546.90
9000,-0.33,46.74,3998.78,3953.26
10000,-0.70,0.33,4443.22,4444.12
