episode,epReward,cumReward,cumRegret,empRegret
10,1.00,3.00,3.78,1.45
20,1.34,0.28,8.44,8.61
30,-0.13,6.80,12.56,6.53
40,1.50,13.61,15.67,4.16
50,-0.56,17.23,16.11,5.00
60,0.62,24.83,16.56,1.83
70,-0.23,32.92,16.56,-1.81
80,1.68,39.45,16.56,-3.89
90,-0.02,44.71,16.56,-4.71
100,-0.38,49.11,16.56,-4.66
200,-1.43,95.51,18.22,-6.62
300,2.23,143.45,18.89,-10.11
400,0.83,193.12,20.22,-15.34
500,0.39,247.57,21.56,-25.34
600,1.35,300.09,22.56,-33.43
700,-0.97,342.36,23.56,-31.25
800,0.51,404.50,24.22,-48.94
900,-1.85,457.44,24.22,-57.44
1000,-1.22,507.65,24.89,-63.20
2000,-0.03,934.39,24.89,-45.50
3000,-0.24,1389.00,24.89,-55.66
4000,-1.32,1814.17,24.89,-36.39
5000,0.01,2321.66,24.89,-99.44
6000,0.87,2836.90,24.89,-170.24
7000,0.63,3314.60,25.56,-203.49
8000,-0.49,3779.45,25.56,-223.90
9000,1.76,4240.25,25.56,-240.25
10000,-0.38,4669.92,25.56,-225.48
