episode,epReward,cumReward,cumRegret,empRegret
10,0.00,5.23,3.44,-0.79
20,0.00,5.03,6.78,3.86
30,0.00,6.76,8.44,6.57
40,0.00,11.88,8.44,5.90
50,0.00,15.79,8.44,6.44
60,1.44,21.11,8.44,5.56
70,-0.13,23.99,8.44,7.12
80,0.19,26.52,9.11,9.04
90,0.00,31.29,9.11,8.71
100,0.00,36.75,9.11,7.70
200,2.18,81.01,9.11,7.88
300,0.00,116.88,9.11,16.45
400,0.00,162.97,9.11,14.80
500,0.00,206.43,9.78,15.79
600,0.00,245.14,9.78,21.53
700,0.00,289.39,9.78,21.72
800,2.67,341.11,9.78,14.45
900,0.00,376.65,9.78,23.35
1000,0.27,422.56,9.78,21.89
2000,0.00,869.20,11.11,19.69
3000,0.89,1304.30,11.56,29.03
4000,0.00,1719.92,12.22,57.86
5000,1.62,2163.46,12.22,58.76
6000,0.14,2574.64,12.22,92.02
7000,0.00,3019.15,12.22,91.96
8000,0.00,3470.93,12.22,84.63
9000,0.00,3937.79,12.22,62.21
10000,0.00,4374.15,12.89,70.30
