episode,epReward,cumReward,cumRegret,empRegret
10,-2.41,29.31,3.60,7.51
20,3.47,67.32,3.60,6.32
30,0.81,107.75,3.60,2.72
40,6.54,154.28,3.60,-6.99
50,0.24,177.95,3.60,6.17
60,0.77,216.04,3.60,4.89
70,4.48,264.17,3.60,-6.40
80,1.10,290.42,3.60,4.17
90,4.35,332.53,3.60,-1.12
100,5.36,378.34,3.60,-10.11
200,4.65,752.08,7.72,-15.62
300,1.14,1134.20,7.72,-29.52
400,2.59,1506.74,7.72,-33.82
500,2.22,1862.89,7.72,-21.74
600,3.61,2237.53,7.72,-28.15
700,0.83,2635.55,7.72,-57.95
800,2.56,2979.34,7.72,-33.50
900,7.11,3319.48,7.72,-5.41
1000,3.16,3685.05,7.72,-2.75
2000,4.15,7274.13,7.72,90.47
3000,3.51,11039.71,7.72,7.18
4000,5.05,14771.72,11.84,-42.53
5000,5.91,18497.64,11.84,-86.15
6000,1.50,22199.25,11.84,-105.47
7000,3.58,25947.92,11.84,-171.84
8000,1.55,29638.40,11.84,-180.02
9000,4.55,33346.26,11.84,-205.58
10000,3.26,36984.57,11.84,-161.59
