episode,epReward,cumReward,cumRegret,empRegret
10,-3.19,-18.69,8.07,16.19
20,-0.05,-30.85,18.06,25.84
30,-3.23,-37.66,28.66,30.14
40,-0.33,-41.55,38.65,31.52
50,-1.32,-56.32,49.03,43.79
60,-0.41,-63.61,59.68,48.57
70,1.84,-82.14,70.20,64.60
80,-4.01,-103.64,80.57,83.58
90,-3.71,-120.67,90.95,98.11
100,-0.38,-134.90,101.33,109.83
200,1.16,-265.92,204.33,215.78
300,-1.58,-383.62,308.10,308.42
400,-3.69,-531.10,411.86,430.83
500,-0.45,-654.69,515.62,529.36
600,-2.13,-766.72,619.39,616.32
700,-4.13,-923.64,723.15,748.17
800,0.06,-1023.28,826.92,822.75
900,-2.07,-1142.66,930.68,917.06
1000,-1.53,-1300.74,1034.67,1050.07
2000,-0.06,-2628.69,2072.31,2127.35
3000,-0.76,-3944.69,3108.96,3192.68
4000,-1.88,-5283.00,4146.61,4280.32
5000,-4.65,-6482.55,5184.25,5229.20
6000,0.20,-7789.81,6221.89,6285.78
7000,-0.68,-9077.72,7259.53,7323.03
8000,0.08,-10350.14,8297.17,8344.78
9000,-0.49,-11675.37,9334.81,9419.34
10000,-0.17,-12944.39,10372.07,10437.68
