episode,epReward,cumReward,cumRegret,empRegret
10,-0.28,-28.46,20.24,7.72
20,-3.39,-53.19,21.89,11.72
30,-6.07,-102.64,27.48,40.43
40,-5.33,-131.08,31.15,48.13
50,-3.26,-152.54,31.15,48.85
60,-4.20,-183.55,34.82,59.13
70,0.21,-204.72,34.82,59.56
80,-0.71,-223.05,34.82,57.15
90,1.00,-242.95,34.82,56.31
100,-3.17,-264.38,34.82,57.01
200,-0.72,-448.13,34.82,33.39
300,-0.23,-645.06,34.82,22.95
400,-4.47,-862.38,34.82,32.90
500,-1.49,-1059.98,34.82,23.13
600,-0.77,-1304.67,34.82,60.44
700,-0.22,-1491.13,34.82,39.53
800,-3.86,-1697.68,34.82,38.71
900,0.18,-1887.53,34.82,21.19
1000,1.45,-2074.26,34.82,0.55
2000,-1.84,-4171.62,34.82,24.20
3000,-5.80,-6196.19,34.82,-24.95
4000,1.20,-8374.65,34.82,79.80
5000,0.90,-10530.87,34.82,162.30
6000,-2.24,-12670.01,34.82,227.73
7000,1.23,-14729.13,34.82,213.14
8000,-2.80,-16698.74,34.82,109.04
9000,1.86,-18826.04,34.82,162.62
10000,0.10,-20917.58,34.82,180.45
