episode,epReward,cumReward,cumRegret,empRegret
10,1.34,14.57,14.30,12.24
20,2.15,31.77,21.45,21.85
30,4.26,52.96,27.39,27.46
40,-1.14,71.72,34.80,35.50
50,0.45,81.91,43.67,52.13
60,0.89,99.01,50.44,61.83
70,0.06,117.43,56.66,70.21
80,0.50,140.95,57.76,73.50
90,-1.57,157.13,60.60,84.13
100,2.56,193.71,69.19,74.36
200,-0.59,432.22,86.27,103.91
300,0.70,673.96,100.90,130.24
400,4.93,934.99,117.34,137.28
500,2.23,1168.28,126.77,172.05
600,1.32,1433.20,136.29,175.20
700,4.33,1709.37,144.11,167.09
800,1.61,1981.65,153.65,162.88
900,1.57,2232.70,158.00,179.90
1000,2.25,2483.48,163.22,197.18
2000,3.56,5221.00,208.53,140.32
3000,3.25,7847.31,248.94,194.68
4000,1.90,10622.92,276.57,99.73
5000,1.58,13236.62,305.93,166.70
6000,1.56,15848.79,337.02,235.19
7000,6.23,18523.24,368.26,241.39
8000,4.54,21138.07,397.60,307.23
9000,1.82,23889.63,426.96,236.33
10000,3.09,26525.58,454.61,281.05
