episode,epReward,cumReward,cumRegret,empRegret
10,2.28,5.28,14.13,7.42
20,0.86,11.11,28.98,14.29
30,-3.28,7.53,45.86,30.57
40,1.55,6.53,66.46,44.27
50,2.15,9.29,80.03,54.21
60,-1.43,6.18,96.50,70.02
70,0.83,-1.18,111.11,90.08
80,3.99,0.15,122.10,101.45
90,0.16,2.43,128.53,111.87
100,4.45,13.52,137.32,113.49
200,-3.51,25.13,215.24,228.88
300,2.46,81.94,288.28,299.07
400,1.70,113.33,367.88,394.69
500,1.15,154.00,431.98,481.02
600,2.00,199.69,502.14,562.33
700,4.92,269.17,562.41,619.85
800,1.29,345.58,624.51,670.45
900,3.64,437.32,689.89,705.72
1000,-0.99,454.42,767.51,815.62
2000,-0.43,1012.72,1445.51,1527.35
3000,2.80,1709.67,2117.19,2100.43
4000,-0.75,2260.83,2789.59,2819.31
5000,-1.32,2945.32,3445.09,3404.86
6000,2.48,3601.90,4094.83,4018.31
7000,3.11,4198.66,4763.23,4691.59
8000,-2.10,4880.71,5424.66,5279.57
9000,3.38,5579.00,6088.99,5851.32
10000,-0.43,6113.99,6757.61,6586.36
