episode,epReward,cumReward,cumRegret,empRegret
10,0.00,0.72,3.22,3.72
20,0.00,3.00,4.89,5.89
30,0.00,8.52,4.89,4.81
40,-0.38,10.67,5.89,7.11
50,0.00,13.63,5.89,8.59
60,0.02,15.41,6.56,11.25
70,-0.28,19.64,7.56,11.47
80,0.00,25.22,7.56,10.34
90,0.00,27.58,7.56,12.42
100,0.90,31.71,7.56,12.74
200,0.00,76.94,8.22,11.94
300,0.00,120.23,9.56,13.10
400,1.45,182.48,9.56,-4.70
500,0.00,240.70,9.56,-18.48
600,1.16,284.41,9.56,-17.74
700,0.93,323.07,9.56,-11.96
800,0.65,360.34,9.56,-4.79
900,0.00,403.46,9.56,-3.46
1000,0.00,443.88,9.56,0.57
2000,1.66,908.96,9.56,-20.07
3000,0.72,1363.81,10.22,-30.48
4000,0.00,1825.86,10.89,-48.08
5000,0.00,2281.03,11.56,-58.81
6000,0.00,2761.96,11.56,-95.30
7000,0.00,3211.26,11.56,-100.15
8000,0.00,3631.56,11.56,-76.01
9000,0.00,4072.90,11.56,-72.90
10000,0.47,4532.76,11.56,-88.32
