episode,epReward,cumReward,cumRegret,empRegret
10,2.60,-0.13,20.65,15.49
20,0.45,8.04,25.97,22.69
30,2.29,24.68,29.16,21.41
40,3.91,32.17,29.16,29.28
50,0.40,43.10,29.16,33.71
60,6.08,59.88,30.89,32.30
70,0.75,73.83,30.89,33.71
80,1.79,94.64,30.89,28.26
90,3.31,115.80,30.89,22.47
100,1.06,132.44,30.89,21.19
200,2.61,308.80,30.89,-1.54
300,2.78,465.65,31.75,-4.76
400,-1.56,620.32,31.75,-5.81
500,3.81,785.99,31.75,-17.84
600,0.24,932.75,31.75,-10.98
700,1.05,1107.86,31.75,-32.45
800,-0.02,1221.14,31.75,7.90
900,2.07,1380.56,31.75,2.10
1000,2.55,1529.76,31.75,6.53
2000,0.75,3008.49,31.75,64.09
3000,1.69,4627.39,31.75,-18.52
4000,1.68,6124.99,31.75,20.17
5000,2.30,7679.51,31.75,1.95
6000,3.24,9264.69,31.75,-46.95
7000,0.17,10893.39,31.75,-139.36
8000,-0.09,12308.36,31.75,-18.04
9000,3.59,13863.02,31.75,-36.41
10000,0.85,15349.22,31.75,13.69
