episode,epReward,cumReward,cumRegret,empRegret
10,-0.40,0.71,2.78,3.73
20,2.11,6.32,2.78,2.57
30,2.82,7.80,3.67,5.53
40,0.00,9.03,4.67,8.75
50,0.80,10.69,5.33,11.53
60,0.00,20.20,5.33,6.47
70,0.00,25.26,5.33,5.85
80,0.00,27.53,5.33,8.02
90,0.00,27.71,6.33,12.29
100,0.00,30.81,6.33,13.64
200,0.00,73.32,9.11,15.57
300,2.12,118.14,9.78,15.19
400,0.00,162.37,9.78,15.41
500,0.00,206.49,9.78,15.73
600,0.00,228.57,9.78,38.10
700,0.00,270.84,9.78,40.27
800,0.33,315.62,9.78,39.94
900,-0.83,362.52,10.44,37.48
1000,0.49,413.74,10.44,30.71
2000,-0.84,877.33,11.11,11.56
3000,1.41,1326.76,11.56,6.58
4000,0.00,1744.48,12.22,33.30
5000,1.04,2170.55,12.22,51.67
6000,0.00,2584.83,12.22,81.84
7000,0.00,2973.33,12.22,137.78
8000,0.00,3433.88,12.22,121.67
9000,2.48,3896.09,12.22,103.91
10000,2.53,4369.26,12.89,75.18
