episode,epReward,cumReward,cumRegret,empRegret
10,6.41,27.09,8.85,3.15
20,7.31,65.32,11.42,-4.84
30,6.08,101.65,11.42,-10.94
40,3.85,141.23,11.74,-20.27
50,1.55,173.40,11.96,-22.21
60,2.72,194.00,12.39,-12.57
70,1.10,216.02,12.49,-4.35
80,5.30,241.54,12.60,0.37
90,4.99,279.48,12.92,-7.33
100,0.62,314.46,13.03,-12.06
200,2.72,610.97,14.43,-6.19
300,2.52,926.30,17.01,-19.13
400,-0.19,1223.06,20.19,-13.49
500,7.96,1502.18,23.09,9.78
600,0.76,1835.17,24.59,-20.82
700,4.08,2131.92,27.28,-15.18
800,5.17,2443.60,30.42,-24.47
900,2.31,2771.28,32.36,-49.76
1000,4.95,3079.91,36.42,-56.00
2000,4.62,6073.67,62.48,-25.85
3000,0.41,9123.87,86.83,-52.13
4000,1.53,12054.88,111.15,40.77
5000,3.79,15118.15,134.05,1.42
6000,-0.42,18026.05,157.70,117.43
7000,2.55,21046.62,182.75,120.77
8000,3.26,24090.59,208.23,100.71
9000,-1.27,27013.28,231.46,201.94
10000,2.96,29991.14,255.43,247.99
