episode,epReward,cumReward,cumRegret,empRegret
10,0.44,2.50,1.56,1.94
20,0.00,6.19,3.67,2.70
30,2.97,13.33,3.67,0.00
40,0.00,18.94,4.67,-1.16
50,0.00,22.51,4.67,-0.29
60,0.83,24.44,4.67,2.22
70,0.69,28.81,4.67,2.30
80,0.05,34.30,5.33,1.25
90,0.00,44.06,5.33,-4.06
100,2.43,47.27,5.33,-2.82
200,0.00,91.52,6.33,-2.64
300,0.42,136.39,7.33,-3.06
400,0.00,185.34,8.00,-7.56
500,2.38,231.68,9.33,-9.45
600,-0.39,283.01,9.33,-16.34
700,0.25,333.92,10.00,-22.81
800,-0.09,382.37,11.78,-26.82
900,0.00,437.75,11.78,-37.75
1000,0.52,481.26,11.78,-36.81
2000,1.18,902.08,11.78,-13.19
3000,0.30,1347.67,11.78,-14.33
4000,0.00,1784.02,12.89,-6.24
5000,0.00,2221.25,12.89,0.97
6000,2.29,2662.58,12.89,4.09
7000,1.94,3110.90,12.89,0.21
8000,0.00,3590.88,12.89,-35.32
9000,2.18,4061.68,12.89,-61.68
10000,0.00,4470.99,13.56,-26.55
