episode,epReward,cumReward,cumRegret,empRegret
10,-1.94,-0.31,4.11,4.76
20,0.00,-0.31,9.11,9.20
30,0.45,1.74,9.11,11.59
40,0.00,1.45,9.78,16.33
50,1.06,5.83,11.78,16.39
60,-1.72,6.29,12.44,20.38
70,0.00,16.53,12.44,14.58
80,2.36,19.83,12.44,15.72
90,0.00,23.22,12.44,16.78
100,0.00,28.67,12.44,15.78
200,0.89,75.52,12.44,13.37
300,0.00,130.11,12.44,3.22
400,0.00,173.81,12.44,3.97
500,0.00,198.73,12.44,23.49
600,0.00,239.40,12.44,27.27
700,-0.09,293.11,12.44,18.00
800,1.55,348.23,12.44,7.33
900,1.46,379.57,12.44,20.43
1000,0.19,419.17,12.44,25.28
2000,0.00,876.80,12.44,12.09
3000,0.00,1374.88,12.44,-41.54
4000,0.00,1796.94,12.44,-19.16
5000,0.00,2225.57,12.44,-3.34
6000,1.00,2681.96,12.89,-15.30
7000,0.00,3112.37,13.56,-1.26
8000,0.00,3593.23,13.56,-37.68
9000,0.21,4061.73,13.56,-61.73
10000,2.92,4498.60,13.56,-54.16
