episode,epReward,cumReward,cumRegret,empRegret
10,4.45,31.21,11.98,8.60
20,2.77,70.66,14.19,8.94
30,3.30,114.33,15.25,5.07
40,5.33,159.84,15.25,-0.63
50,4.63,194.05,15.25,4.97
60,4.53,230.96,19.48,7.86
70,5.28,260.84,20.54,17.78
80,3.49,299.31,21.60,19.11
90,3.49,338.50,22.66,19.72
100,6.34,376.92,22.66,21.11
200,5.69,769.52,29.12,26.53
300,5.56,1171.25,29.12,22.84
400,1.76,1604.43,30.18,-12.31
500,1.61,2008.28,30.18,-18.14
600,2.01,2385.93,32.39,2.25
700,5.92,2795.26,32.39,-9.05
800,2.17,3202.86,32.39,-18.63
900,1.91,3602.19,32.39,-19.93
1000,-0.33,3973.17,32.39,7.13
2000,7.15,7968.81,36.62,-8.22
3000,3.73,12024.47,36.62,-83.59
4000,5.96,16043.68,37.68,-122.51
5000,6.41,19993.93,37.68,-92.46
6000,3.60,23937.97,38.74,-56.20
7000,4.90,27924.54,39.80,-62.48
8000,5.99,31878.08,39.80,-35.73
9000,5.02,35794.21,39.80,28.44
10000,2.80,39764.81,39.80,38.13
