episode,epReward,cumReward,cumRegret,empRegret
10,0.47,1.05,1.78,3.40
20,0.00,0.92,4.11,7.97
30,0.00,4.42,5.11,8.91
40,-0.32,8.07,5.78,9.71
50,0.00,10.96,6.44,11.26
60,0.00,14.34,7.11,12.33
70,0.00,14.99,7.78,16.12
80,1.37,19.11,9.78,16.45
90,0.00,22.51,9.78,17.49
100,2.05,24.03,9.78,20.41
200,0.00,56.25,11.78,32.63
300,-0.87,96.11,12.44,37.22
400,0.00,144.63,12.44,33.14
500,2.08,187.99,12.44,34.23
600,0.05,235.30,12.44,31.36
700,0.00,288.70,12.44,22.42
800,0.00,326.67,12.44,28.88
900,0.00,363.99,12.44,36.01
1000,0.00,404.21,12.44,40.24
2000,0.00,818.16,12.44,70.73
3000,0.00,1288.10,12.44,45.24
4000,0.00,1764.46,12.44,13.31
5000,2.36,2197.19,12.44,25.03
6000,0.98,2650.79,12.44,15.88
7000,0.00,3064.96,12.44,46.15
8000,0.00,3523.04,12.44,32.51
9000,0.00,3981.00,12.44,19.00
10000,0.23,4409.68,12.44,34.77
