episode,epReward,cumReward,cumRegret,empRegret
10,-1.25,-4.78,4.00,9.23
20,-2.15,-2.48,7.78,11.37
30,2.58,5.55,10.00,7.78
40,-0.27,-2.37,14.44,20.15
50,0.56,-5.48,17.56,27.71
60,1.09,4.48,21.78,22.18
70,-2.64,2.84,25.89,28.27
80,0.35,7.63,27.22,27.92
90,0.14,13.36,30.00,26.64
100,-1.34,15.12,32.78,29.32
200,-2.35,56.57,40.44,32.31
300,0.39,94.81,41.11,38.52
400,1.77,143.30,41.11,34.48
500,-0.65,197.97,41.11,24.25
600,-0.01,269.94,41.11,-3.28
700,-0.72,323.20,41.11,-12.09
800,-1.65,358.98,41.11,-3.42
900,0.76,415.74,41.11,-15.74
1000,-0.01,448.89,41.11,-4.44
2000,1.63,891.58,43.11,-2.69
3000,1.70,1346.07,43.11,-12.74
4000,2.49,1776.33,43.78,1.45
5000,1.78,2276.40,43.78,-54.18
6000,0.90,2680.79,43.78,-14.12
7000,-0.27,3063.37,43.78,47.74
8000,-1.37,3514.78,43.78,40.77
9000,-0.19,3960.65,44.44,39.35
10000,-1.89,4396.41,44.44,48.03
