episode,epReward,cumReward,cumRegret,empRegret
10,-1.14,3.46,2.67,0.98
20,0.47,12.53,6.00,-3.64
30,-1.33,9.24,9.11,4.10
40,1.16,9.42,11.33,8.36
50,-0.41,8.96,14.67,13.27
60,-2.38,10.53,17.78,16.13
70,-1.02,17.10,20.89,14.01
80,-0.60,15.18,24.89,20.37
90,0.96,15.84,29.33,24.16
100,-2.61,18.74,33.78,25.71
200,0.46,33.36,69.89,55.53
300,0.92,60.37,76.44,72.97
400,0.45,114.48,76.44,63.30
500,0.47,144.45,76.44,77.78
600,-1.26,190.57,77.78,76.10
700,-1.21,240.15,77.78,70.96
800,2.27,300.83,77.78,54.72
900,0.89,357.23,77.78,42.77
1000,1.81,398.05,77.78,46.40
2000,1.16,831.65,77.78,57.24
3000,3.26,1241.09,77.78,92.24
4000,-2.32,1674.90,77.78,102.88
5000,0.80,2163.61,78.44,58.61
6000,-0.24,2604.75,79.11,61.92
7000,-0.43,3104.70,79.78,6.41
8000,1.41,3496.09,79.78,59.47
9000,-0.67,3901.88,79.78,98.12
10000,2.81,4362.53,79.78,81.91
