episode,epReward,cumReward,cumRegret,empRegret
10,-4.26,-0.77,4.67,5.21
20,1.00,-1.04,9.67,9.93
30,-0.76,1.44,14.67,11.89
40,-0.00,12.95,18.22,4.83
50,-1.71,11.19,22.44,11.03
60,2.75,15.62,27.11,11.05
70,-0.98,17.26,31.11,13.85
80,-0.06,21.69,35.11,13.87
90,-0.22,22.50,39.78,17.50
100,3.06,27.27,43.78,17.17
200,0.41,38.71,87.56,50.18
300,0.63,54.49,130.67,78.84
400,-1.17,45.26,175.11,132.52
500,-1.25,30.47,219.56,191.75
600,0.71,-4.93,264.00,271.59
700,1.83,-15.68,308.00,326.79
800,-1.61,-19.13,352.44,374.69
900,-0.47,-26.12,396.44,426.12
1000,-0.83,-34.53,440.89,478.97
2000,0.21,-69.81,884.89,958.70
3000,1.94,-298.47,1329.33,1631.80
4000,-1.15,-198.20,1774.33,1975.98
5000,-0.93,-215.13,2218.33,2437.35
6000,-1.50,-251.75,2662.78,2918.42
7000,0.13,-256.99,3107.22,3368.10
8000,0.26,-298.44,3551.67,3853.99
9000,1.58,-326.44,3996.11,4326.44
10000,1.46,-295.70,4440.67,4740.15
