episode,epReward,cumReward,cumRegret,empRegret
10,-2.91,-0.90,4.00,5.34
20,-2.81,-4.75,8.44,13.64
30,1.19,-7.20,12.89,20.54
40,0.32,-2.36,17.33,20.13
50,0.09,-8.80,21.78,31.02
60,0.29,-8.09,26.22,34.76
70,0.55,-7.02,30.67,38.13
80,-1.19,-10.21,35.67,45.76
90,-0.62,-16.50,40.11,56.50
100,-3.57,-19.17,44.78,63.62
200,0.84,-4.85,89.22,93.74
300,-2.08,-42.56,133.67,175.89
400,1.90,-30.26,178.11,208.03
500,-0.73,-31.80,222.56,254.03
600,0.94,-36.57,267.00,303.23
700,0.63,-12.58,311.44,323.69
800,1.19,-10.46,355.89,366.01
900,4.27,-10.52,400.33,410.52
1000,-0.38,0.85,444.78,443.60
2000,0.16,60.95,889.22,827.94
3000,-1.11,-5.33,1333.22,1338.66
4000,-3.47,-23.53,1777.22,1801.31
5000,-1.79,53.03,2221.67,2169.19
6000,0.92,116.15,2666.11,2550.52
7000,-1.25,126.99,3110.78,2984.12
8000,-1.83,234.70,3555.22,3320.86
9000,0.38,328.43,3999.67,3671.57
10000,-0.85,360.13,4443.67,4084.32
