episode,epReward,cumReward,cumRegret,empRegret
10,0.15,-4.15,2.22,8.60
20,-0.02,-4.17,7.22,13.06
30,0.00,-1.39,9.89,14.73
40,0.00,2.37,9.89,15.41
50,0.57,6.74,10.56,15.48
60,0.00,16.72,10.56,9.95
70,0.00,23.03,10.56,8.08
80,-1.14,27.01,10.56,8.55
90,1.98,36.76,10.56,3.24
100,0.00,36.73,10.56,7.71
200,0.00,73.60,10.56,15.28
300,0.00,115.48,10.56,17.85
400,3.42,155.57,10.56,22.21
500,1.77,183.43,11.22,38.80
600,0.00,232.12,11.22,34.55
700,1.57,281.10,11.22,30.01
800,0.00,340.02,11.22,15.54
900,0.96,377.86,11.22,22.14
1000,0.00,422.97,11.22,21.48
2000,0.00,909.37,11.89,-20.48
3000,2.23,1296.51,11.89,36.82
4000,2.46,1760.86,11.89,16.92
5000,1.16,2187.92,12.56,34.31
6000,0.00,2589.82,12.56,76.85
7000,-0.83,3054.11,12.56,57.00
8000,0.00,3402.68,12.56,152.87
9000,0.00,3834.24,12.56,165.76
10000,0.19,4253.27,12.56,191.17
