episode,epReward,cumReward,cumRegret,empRegret
10,-0.22,-31.86,6.70,2.59
20,-4.23,-60.94,10.50,2.40
30,-2.82,-94.57,11.37,6.77
40,-3.60,-125.79,13.10,8.72
50,-3.10,-162.13,16.32,15.79
60,-5.01,-190.85,17.62,15.24
70,-2.12,-217.42,20.77,12.55
80,-6.41,-248.02,21.95,13.88
90,-3.43,-277.30,23.25,13.89
100,-4.66,-324.72,24.98,32.04
200,-3.21,-632.87,34.39,47.52
300,-1.19,-919.54,46.95,41.52
400,-6.04,-1215.22,54.75,44.53
500,-2.05,-1516.31,63.85,52.95
600,-2.35,-1824.61,72.95,68.57
700,-3.37,-2111.34,85.95,62.63
800,-0.41,-2409.92,95.91,68.54
900,-2.82,-2712.92,102.42,78.86
1000,-6.94,-3016.04,111.52,89.31
2000,-1.53,-6073.04,208.01,219.57
3000,-4.04,-9063.24,298.58,283.04
4000,-3.02,-12064.11,389.58,357.18
5000,-3.36,-15083.48,488.39,449.81
6000,0.39,-18120.19,575.49,559.79
7000,-4.35,-21112.94,673.43,625.81
8000,-1.70,-24102.71,761.83,688.85
9000,-0.02,-27160.64,860.63,820.04
10000,-5.28,-30187.05,952.93,919.73
