episode,epReward,cumReward,cumRegret,empRegret
10,7.20,64.77,3.10,7.50
20,8.02,128.92,3.10,15.63
30,7.93,195.45,3.10,21.37
40,7.68,268.40,3.10,20.70
50,7.44,338.39,3.10,22.99
60,6.61,402.49,3.10,31.16
70,7.37,480.46,3.10,25.47
80,5.84,557.95,3.10,20.25
90,9.34,630.90,3.10,19.58
100,7.20,700.05,3.10,22.70
200,11.23,1436.06,3.10,9.45
300,5.35,2194.30,3.10,-26.03
400,8.85,2889.77,3.10,1.24
500,3.75,3586.95,3.10,26.82
600,7.60,4310.45,3.10,26.07
700,7.57,5040.04,3.10,19.24
800,8.72,5786.05,3.10,-4.02
900,7.70,6496.74,3.10,8.04
1000,9.71,7218.04,3.10,9.50
2000,6.52,14414.83,8.27,40.25
3000,5.79,21607.50,8.27,75.12
4000,7.45,28785.04,8.27,125.12
5000,6.77,36026.02,8.27,111.68
6000,8.48,43225.59,8.27,139.65
7000,7.46,50370.70,8.27,222.08
8000,7.51,57677.98,8.27,142.35
9000,9.25,64988.06,8.27,59.81
10000,8.64,72229.17,14.99,46.23
