episode,epReward,cumReward,cumRegret,empRegret
10,0.00,2.36,2.44,2.08
20,0.00,6.26,2.44,2.63
30,0.00,7.32,2.44,6.01
40,0.00,9.18,3.44,8.60
50,0.00,11.39,5.44,10.83
60,0.30,17.24,7.11,9.43
70,1.30,23.51,7.11,7.61
80,0.00,24.93,7.11,10.62
90,0.00,25.33,8.11,14.67
100,0.00,30.51,8.11,13.93
200,0.00,86.33,8.78,2.55
300,0.00,138.42,10.11,-5.09
400,0.00,179.46,10.11,-1.69
500,0.00,196.55,10.78,25.67
600,0.00,236.64,11.89,30.03
700,0.00,282.21,11.89,28.90
800,1.30,329.13,11.89,26.42
900,0.00,379.74,11.89,20.26
1000,0.00,442.34,12.56,2.10
2000,-0.29,888.05,13.67,0.84
3000,0.00,1334.41,14.33,-1.08
4000,0.00,1760.85,14.33,16.92
5000,2.01,2232.63,14.78,-10.41
6000,0.00,2635.82,14.78,30.84
7000,0.00,3039.55,14.78,71.56
8000,0.27,3503.36,14.78,52.20
9000,0.00,3883.95,14.78,116.05
10000,0.00,4332.20,15.44,112.25
