episode,epReward,cumReward,cumRegret,empRegret
10,5.66,51.75,4.66,8.26
20,5.79,103.18,9.62,16.83
30,8.41,156.64,14.58,23.38
40,5.89,208.27,18.73,31.75
50,4.28,266.19,22.88,33.84
60,3.29,324.59,27.03,35.44
70,7.98,378.66,31.19,41.37
80,8.04,443.16,35.34,36.88
90,3.59,497.93,39.49,42.12
100,4.78,561.44,43.64,38.61
200,7.24,1118.92,85.17,81.18
300,2.77,1633.32,126.69,166.82
400,2.33,2184.10,168.21,216.09
500,7.92,2761.44,209.74,238.79
600,6.24,3317.09,251.26,283.19
700,4.21,3868.00,292.78,332.32
800,4.29,4416.49,334.31,383.88
900,3.80,4959.35,377.69,441.07
1000,6.02,5538.76,419.21,461.70
2000,7.75,11085.98,834.45,914.95
3000,4.22,16698.20,1249.68,1303.20
4000,6.16,22275.73,1664.92,1726.13
5000,2.51,27752.35,2080.96,2249.98
6000,6.66,33297.68,2496.19,2705.11
7000,7.33,38844.12,2911.43,3159.13
8000,3.48,44342.87,3326.66,3660.85
9000,4.60,49858.20,3741.90,4145.99
10000,8.34,55392.93,4157.94,4611.72
