episode,epReward,cumReward,cumRegret,empRegret
10,4.32,20.49,14.99,15.34
20,3.43,49.26,20.33,22.40
30,2.06,78.22,20.33,29.27
40,3.80,107.29,20.33,36.03
50,4.00,145.31,20.33,33.83
60,2.42,182.47,20.33,32.50
70,3.25,217.30,20.33,33.49
80,1.49,248.04,25.67,38.58
90,3.26,286.13,25.67,36.32
100,1.38,316.28,25.67,42.00
200,5.08,674.01,25.67,42.55
300,3.04,1069.11,36.61,5.73
400,2.54,1440.23,41.95,-7.11
500,3.03,1799.37,41.95,-7.96
600,4.82,2142.88,47.29,6.80
700,3.77,2450.51,47.29,57.45
800,6.03,2797.56,47.29,68.68
900,3.95,3154.84,47.29,69.69
1000,2.98,3511.10,47.29,71.71
2000,5.78,7159.47,58.23,6.14
3000,2.59,10690.78,58.23,57.65
4000,4.19,14188.04,63.83,143.20
5000,4.92,17907.61,63.83,6.43
6000,3.71,21428.11,63.83,68.74
7000,4.31,25026.02,63.83,53.64
8000,1.94,28560.06,63.83,102.40
9000,0.52,32117.58,63.83,127.69
10000,2.69,35708.50,63.83,119.58
