episode,epReward,cumReward,cumRegret,empRegret
10,0.96,-0.73,2.11,5.17
20,0.00,0.48,2.11,8.41
30,0.50,4.60,2.56,8.73
40,0.00,9.53,3.67,8.25
50,0.00,14.72,5.11,7.50
60,0.00,18.02,5.78,8.65
70,0.76,24.00,6.22,7.11
80,1.35,27.97,6.22,7.59
90,2.36,33.67,7.22,6.33
100,0.00,38.22,7.22,6.22
200,0.00,84.25,10.56,4.64
300,-0.28,125.85,10.56,7.49
400,0.00,167.60,10.56,10.18
500,0.00,209.07,10.56,13.15
600,0.00,229.72,11.22,36.94
700,0.00,283.76,11.22,27.35
800,0.00,315.78,11.22,39.78
900,-0.67,364.71,11.89,35.29
1000,0.00,402.95,11.89,41.50
2000,0.00,840.75,12.56,48.14
3000,-0.12,1250.16,12.56,83.18
4000,0.16,1681.01,12.56,96.77
5000,2.44,2171.11,12.56,51.11
6000,2.77,2637.50,12.56,29.17
7000,0.00,3114.38,12.56,-3.27
8000,0.89,3553.10,13.89,2.45
9000,-0.03,3953.30,13.89,46.70
10000,-0.51,4421.00,13.89,23.44
