episode,epReward,cumReward,cumRegret,empRegret
10,0.00,-2.48,5.78,6.93
20,0.00,0.08,8.56,8.81
30,0.00,0.74,9.89,12.59
40,0.00,2.58,13.22,15.20
50,0.00,7.28,13.89,14.94
60,1.61,12.77,14.33,13.90
70,1.95,22.83,14.33,8.28
80,0.00,28.81,14.33,6.75
90,0.03,28.42,14.33,11.58
100,0.00,29.23,14.78,15.21
200,-0.29,65.20,14.78,23.69
300,0.00,104.28,14.78,29.05
400,0.00,145.99,15.22,31.79
500,0.00,184.05,15.22,38.17
600,1.06,232.20,15.22,34.47
700,1.01,270.82,15.22,40.29
800,0.00,310.70,15.22,44.85
900,0.00,369.39,15.22,30.61
1000,0.00,410.99,15.22,33.45
2000,0.00,864.13,15.67,24.76
3000,0.00,1303.50,15.67,29.83
4000,0.00,1787.71,15.67,-9.94
5000,1.76,2243.33,15.67,-21.11
6000,0.00,2713.35,15.67,-46.69
7000,0.00,3159.45,15.67,-48.34
8000,0.00,3616.48,15.67,-60.93
9000,0.00,4052.35,15.67,-52.35
10000,0.00,4483.65,15.67,-39.20
