episode,epReward,cumReward,cumRegret,empRegret
10,0.00,1.63,3.89,2.82
20,0.00,1.15,5.00,7.73
30,0.00,4.93,8.00,8.40
40,0.49,8.35,9.67,9.43
50,1.00,12.39,10.33,9.83
60,0.00,18.98,10.33,7.69
70,0.91,22.57,10.33,8.54
80,1.08,28.23,10.33,7.33
90,-0.39,32.17,10.33,7.83
100,0.00,36.13,10.33,8.31
200,2.39,81.26,11.00,7.63
300,0.00,123.69,11.00,9.64
400,0.00,151.47,11.00,26.31
500,1.97,197.36,11.00,24.86
600,1.14,243.82,11.67,22.85
700,-0.34,273.49,11.67,37.62
800,0.00,311.05,11.67,44.51
900,0.00,359.00,11.67,41.00
1000,-0.88,409.80,11.67,34.65
2000,2.03,836.82,12.11,52.07
3000,0.00,1299.87,12.56,33.47
4000,0.67,1800.72,13.22,-22.94
5000,0.00,2236.59,13.89,-14.36
6000,0.00,2668.66,13.89,-2.00
7000,0.59,3103.46,13.89,7.65
8000,0.00,3525.24,13.89,30.32
9000,0.00,4030.33,13.89,-30.33
10000,0.00,4448.57,13.89,-4.12
