episode,epReward,cumReward,cumRegret,empRegret
10,0.00,-3.29,3.78,7.73
20,1.21,1.58,4.78,7.30
30,0.89,6.73,5.44,6.60
40,1.16,15.52,6.11,2.26
50,-1.93,13.44,6.56,8.79
60,0.00,16.62,6.56,10.05
70,0.00,20.96,6.56,10.15
80,0.00,21.72,7.22,13.83
90,0.00,25.74,7.22,14.26
100,0.00,31.16,7.22,13.28
200,0.00,74.91,7.22,13.98
300,0.00,112.41,7.22,20.93
400,-0.03,155.45,8.33,22.33
500,1.33,195.88,8.33,26.34
600,0.50,238.46,8.33,28.21
700,0.00,288.70,8.33,22.41
800,0.33,332.83,8.33,22.72
900,0.00,379.77,8.33,20.23
1000,0.00,428.42,8.33,16.02
2000,0.00,876.52,11.44,12.37
3000,0.00,1345.66,12.78,-12.32
4000,0.46,1740.47,12.78,37.31
5000,2.09,2201.30,13.44,20.92
6000,0.00,2657.61,13.44,9.06
7000,0.00,3109.84,13.44,1.27
8000,1.20,3518.25,13.44,37.31
9000,0.00,3949.00,13.44,51.00
10000,0.49,4398.49,13.44,45.95
