episode,epReward,cumReward,cumRegret,empRegret
10,0.00,-2.86,5.56,7.30
20,-0.09,-1.03,7.22,9.92
30,1.67,5.06,7.22,8.28
40,0.00,8.98,7.67,8.80
50,0.00,15.65,8.67,6.58
60,2.22,21.98,8.67,4.69
70,1.21,25.17,9.67,5.94
80,-0.41,24.97,9.67,10.59
90,1.23,29.29,9.67,10.71
100,-0.15,29.54,10.33,14.91
200,0.00,64.29,10.33,24.60
300,0.76,94.05,11.00,39.28
400,0.00,126.26,11.00,51.52
500,0.00,178.12,11.00,44.11
600,0.00,204.07,11.00,62.60
700,-0.10,246.96,11.00,64.15
800,0.00,281.52,11.00,74.03
900,-0.19,325.34,11.44,74.66
1000,0.98,378.71,11.44,65.73
2000,0.00,802.24,11.44,86.64
3000,0.00,1252.86,12.11,80.47
4000,1.61,1696.47,12.11,81.31
5000,0.00,2117.20,12.78,105.02
6000,1.27,2554.97,13.44,111.70
7000,0.00,3052.01,13.44,59.11
8000,0.00,3466.93,13.44,88.63
9000,0.00,3900.55,13.89,99.45
10000,0.00,4356.71,13.89,87.74
