episode,epReward,cumReward,cumRegret,empRegret
10,-2.11,-23.51,3.51,2.18
20,-2.09,-52.29,6.77,9.62
30,-2.29,-60.44,8.50,-3.56
40,-3.55,-78.44,9.31,-6.89
50,-4.70,-104.51,10.13,-2.15
60,-2.70,-126.12,10.53,-1.88
70,-3.78,-145.41,10.94,-3.92
80,-2.11,-167.23,10.94,-3.44
90,1.75,-193.61,10.94,1.61
100,0.15,-211.32,10.94,-2.01
200,-4.26,-424.71,10.94,-1.95
300,-2.61,-652.32,10.94,12.32
400,-4.12,-841.32,10.94,-12.01
500,-0.98,-1045.67,10.94,-20.99
600,-0.77,-1237.64,11.16,-42.36
700,-0.87,-1468.81,11.59,-24.53
800,-0.49,-1693.65,11.59,-13.02
900,-1.42,-1894.50,11.59,-25.50
1000,-0.98,-2099.18,11.59,-34.15
2000,-3.89,-4150.86,11.59,-115.81
3000,-0.39,-6327.78,11.81,-72.22
4000,0.59,-8403.73,11.81,-129.60
5000,-4.51,-10565.74,11.81,-100.93
6000,-2.89,-12652.08,11.81,-147.92
7000,-2.65,-14691.17,12.03,-242.17
8000,-1.96,-16734.92,12.03,-331.75
9000,-3.31,-18907.67,12.03,-292.33
10000,-0.79,-20998.12,12.03,-335.22
