episode,epReward,cumReward,cumRegret,empRegret
10,1.24,29.57,7.76,10.39
20,5.89,60.87,8.75,19.04
30,4.00,93.68,8.75,26.20
40,5.63,140.88,8.75,18.95
50,1.26,174.56,8.75,25.23
60,5.46,218.76,8.75,20.98
70,1.20,263.61,8.75,16.10
80,4.69,298.48,8.75,21.18
90,3.70,337.24,8.75,22.38
100,6.92,378.38,8.75,21.20
200,3.33,772.65,9.74,26.50
300,4.43,1173.38,9.74,25.36
400,5.56,1580.74,9.74,17.58
500,4.18,2013.12,9.74,-15.23
600,7.68,2419.53,9.74,-22.06
700,6.08,2810.33,9.74,-13.28
800,2.82,3207.55,9.74,-10.92
900,5.85,3601.05,9.74,-4.85
1000,5.42,3992.58,9.74,3.20
2000,4.44,7982.75,9.74,8.82
3000,6.26,11947.65,9.74,39.70
4000,3.20,15942.29,9.74,40.84
5000,0.13,19919.19,9.74,59.72
6000,1.54,23890.42,9.74,84.28
7000,2.29,27885.77,9.74,84.72
8000,3.71,31789.94,11.72,176.33
9000,2.50,35836.56,11.72,125.49
10000,5.14,39821.01,12.71,136.83
