episode,epReward,cumReward,cumRegret,empRegret
10,0.24,4.29,2.33,0.15
20,0.58,8.54,4.22,0.35
30,-3.12,9.90,6.89,3.44
40,-0.17,12.51,7.78,5.27
50,1.84,16.04,8.89,6.18
60,-0.43,17.48,8.89,9.19
70,0.85,25.86,9.89,5.25
80,0.15,29.39,9.89,6.17
90,0.40,35.11,10.33,4.89
100,-1.57,36.73,10.78,7.72
200,0.72,70.71,16.44,18.18
300,2.69,118.84,19.22,14.50
400,1.95,159.68,20.11,18.09
500,-1.49,221.33,20.11,0.90
600,-0.78,265.06,20.11,1.60
700,-2.82,303.37,20.78,7.74
800,1.22,338.47,20.78,17.08
900,1.32,395.86,20.78,4.14
1000,0.08,420.19,20.78,24.25
2000,1.98,845.39,22.11,43.49
3000,-0.05,1350.77,22.11,-17.43
4000,1.46,1789.98,22.11,-12.20
5000,-0.26,2276.32,22.78,-54.10
6000,-1.85,2753.33,22.78,-86.66
7000,1.20,3219.83,22.78,-108.72
8000,-0.35,3594.56,23.44,-39.00
9000,1.81,4093.41,23.44,-93.41
10000,0.80,4612.99,23.44,-168.54
