episode,epReward,cumReward,cumRegret,empRegret
10,6.44,49.36,3.57,-1.23
20,4.45,91.93,8.17,4.33
30,2.60,135.49,11.35,8.89
40,2.66,181.06,11.35,11.46
50,7.47,225.24,11.35,15.40
60,4.47,265.97,11.35,22.81
70,7.83,316.18,11.35,20.72
80,4.68,367.37,11.35,17.67
90,1.49,414.34,11.35,18.82
100,6.88,461.34,11.35,19.96
200,5.56,928.19,11.35,34.40
300,7.18,1388.15,11.35,55.73
400,1.18,1862.67,11.35,62.50
500,2.75,2324.07,14.48,82.39
600,4.39,2787.52,14.48,100.24
700,7.11,3236.01,14.48,133.05
800,4.94,3705.28,14.48,145.07
900,3.99,4208.47,16.71,123.17
1000,2.93,4680.20,16.71,132.74
2000,5.87,9456.69,19.85,169.19
3000,2.26,14324.53,22.08,114.28
4000,3.90,19150.94,22.08,100.81
5000,4.15,24049.33,22.08,15.35
6000,4.32,28795.43,22.08,82.18
7000,3.57,33665.01,22.08,25.54
8000,4.67,38432.26,22.08,71.23
9000,2.85,43242.56,22.08,73.86
10000,4.34,48106.37,22.08,22.99
