episode,epReward,cumReward,cumRegret,empRegret
10,0.62,33.82,4.52,1.34
20,2.85,64.85,4.52,5.45
30,1.73,100.52,4.52,4.94
40,2.02,131.46,4.52,9.15
50,-1.02,162.63,4.52,13.13
60,2.72,195.75,4.52,15.16
70,3.05,227.38,4.52,18.68
80,1.91,268.16,4.52,13.06
90,2.98,307.47,6.12,8.89
100,4.56,342.56,6.12,8.96
200,1.94,684.91,6.12,18.12
300,0.14,1058.35,6.12,-3.80
400,3.79,1394.65,7.72,11.41
500,1.25,1729.14,7.72,28.44
600,7.32,2076.48,7.72,32.61
700,1.24,2427.08,7.72,33.53
800,6.92,2781.26,7.72,30.87
900,2.36,3120.05,7.72,43.59
1000,4.14,3485.13,7.72,30.03
2000,4.09,7006.44,13.05,23.87
3000,1.67,10520.71,13.05,24.76
4000,2.87,14100.05,13.05,-39.43
5000,3.97,17700.12,13.05,-124.35
6000,8.18,21208.16,13.05,-117.23
7000,7.10,24785.52,13.05,-179.44
8000,3.52,28391.06,13.05,-269.83
9000,2.15,31921.96,13.05,-285.57
10000,0.44,35431.59,13.05,-280.05
