episode,epReward,cumReward,cumRegret,empRegret
10,0.00,0.81,4.78,3.64
20,2.62,3.44,7.00,5.45
30,0.98,8.28,7.00,5.05
40,2.59,16.30,7.44,1.48
50,-2.42,12.81,7.44,9.41
60,3.31,21.87,7.44,4.79
70,0.24,23.07,7.44,8.04
80,2.49,27.64,8.33,7.91
90,0.37,34.53,8.78,5.47
100,0.55,37.63,8.78,6.82
200,0.37,85.56,12.33,3.33
300,-0.86,123.66,13.00,9.67
400,1.12,193.97,14.00,-16.19
500,2.20,235.08,14.00,-12.85
600,1.02,282.78,14.67,-16.11
700,-0.13,341.31,14.67,-30.20
800,0.71,395.95,14.67,-40.39
900,0.46,432.97,15.67,-32.97
1000,-0.25,494.13,15.67,-49.68
2000,2.11,902.01,16.33,-13.12
3000,1.67,1349.26,16.33,-15.93
4000,-1.17,1870.30,17.00,-92.52
5000,1.07,2319.41,17.67,-97.18
6000,-1.05,2795.78,17.67,-129.11
7000,0.14,3330.10,18.33,-218.99
8000,0.92,3787.03,19.00,-231.47
9000,0.90,4268.26,19.00,-268.26
10000,0.07,4748.05,19.00,-303.61
