episode,epReward,cumReward,cumRegret,empRegret
10,0.36,-8.15,9.52,16.49
20,3.81,7.33,9.52,9.36
30,-0.97,19.16,9.52,5.87
40,2.46,32.40,10.93,0.97
50,0.93,41.96,12.54,-0.24
60,-1.06,46.68,13.96,3.38
70,0.17,50.24,18.95,8.16
80,0.60,54.22,21.78,12.53
90,1.56,57.21,23.20,17.88
100,5.44,64.54,26.03,18.90
200,-0.41,75.87,139.12,90.99
300,-2.01,41.44,280.74,208.85
400,-3.01,-44.13,422.37,377.86
500,3.03,-103.03,563.99,520.19
600,-0.91,-136.79,705.62,637.38
700,0.66,-175.06,847.25,759.09
800,-1.15,-210.47,988.87,877.92
900,-2.05,-276.71,1130.50,1027.59
1000,-0.74,-322.14,1272.13,1156.46
2000,-1.44,-881.41,2688.39,2550.04
3000,0.96,-1387.61,4104.66,3890.57
4000,2.41,-1951.78,5520.92,5289.05
5000,0.02,-2548.06,6937.18,6719.64
6000,-3.75,-3146.68,8353.45,8152.59
7000,-1.53,-3637.05,9769.71,9477.27
8000,0.79,-4159.48,11185.98,10834.02
9000,-3.32,-4662.63,12602.24,12171.49
10000,1.57,-5232.55,14018.50,13575.72
