episode,epReward,cumReward,cumRegret,empRegret
10,-4.24,-10.98,4.19,11.18
20,0.59,-15.23,4.85,15.65
30,2.55,-7.38,6.12,8.00
40,-0.68,-12.32,7.63,13.15
50,-0.52,-11.27,8.48,12.30
60,-0.36,-8.81,8.91,10.05
70,1.85,-8.08,9.99,9.52
80,-2.77,-2.98,11.27,4.63
90,-1.01,-7.04,12.55,8.90
100,0.85,-2.13,13.83,4.20
200,0.60,-3.96,25.56,8.09
300,-1.51,-29.76,34.11,35.96
400,1.45,-34.74,42.44,43.01
500,1.10,-41.46,53.59,51.80
600,0.13,-68.73,63.82,81.13
700,-0.55,-83.40,74.91,97.87
800,-0.34,-80.33,84.28,96.87
900,-1.77,-83.79,94.42,102.39
1000,1.66,-76.97,102.09,97.63
2000,-2.62,-175.92,189.11,217.25
3000,-0.14,-328.76,288.43,390.76
4000,-2.21,-451.25,391.16,533.91
5000,1.79,-618.60,482.37,721.93
6000,1.34,-760.14,582.54,884.14
7000,-2.44,-832.98,672.48,977.64
8000,-1.59,-814.00,768.39,979.33
9000,1.10,-877.32,868.98,1063.32
10000,1.48,-1016.48,968.30,1223.15
