episode,epReward,cumReward,cumRegret,empRegret
10,1.78,9.34,3.56,-4.90
20,-0.97,10.68,8.00,-1.79
30,-0.22,14.32,12.00,-0.99
40,-1.44,16.36,16.67,1.42
50,-1.17,10.97,20.67,11.26
60,-1.27,19.52,25.11,7.15
70,0.93,16.89,29.56,14.22
80,-1.42,12.33,34.00,23.23
90,1.67,13.11,38.56,26.89
100,-1.44,18.87,44.11,25.57
200,-0.24,13.09,85.67,75.80
300,-2.88,33.55,108.11,99.78
400,-0.25,86.83,109.44,90.94
500,1.18,135.20,109.44,87.02
600,0.72,184.28,110.11,82.38
700,-1.12,231.92,110.11,79.19
800,0.60,301.59,110.11,53.97
900,0.14,337.55,110.11,62.45
1000,1.38,386.87,110.11,57.58
2000,0.14,767.73,110.78,121.16
3000,1.71,1199.75,110.78,133.59
4000,0.05,1570.16,110.78,207.62
5000,0.97,2003.15,111.44,219.07
6000,-0.42,2535.68,111.44,130.99
7000,1.25,2995.24,111.44,115.87
8000,-1.29,3461.55,111.44,94.01
9000,-1.33,3924.26,112.78,75.74
10000,1.83,4360.09,112.78,84.36
