episode,epReward,cumReward,cumRegret,empRegret
10,-1.14,-5.72,4.33,10.17
20,0.72,-10.36,9.11,19.25
30,-0.27,-5.50,13.11,18.84
40,0.44,-8.87,17.11,26.65
50,2.70,-1.59,21.56,23.81
60,-2.70,-0.63,26.78,27.29
70,3.79,7.95,30.78,23.16
80,0.34,5.05,35.22,30.50
90,0.81,5.16,39.22,34.84
100,1.87,8.54,43.78,35.90
200,1.89,38.50,85.22,50.39
300,-1.78,36.56,129.67,96.77
400,-2.20,62.55,174.11,115.23
500,0.29,28.19,218.56,194.03
600,-3.09,-1.42,263.00,268.09
700,0.38,-0.73,307.44,311.84
800,-0.05,13.49,351.89,342.07
900,1.75,-8.01,396.33,408.01
1000,2.62,-23.80,440.78,468.24
2000,0.19,-5.24,885.22,894.13
3000,-2.62,5.17,1329.67,1328.17
4000,-0.50,2.52,1774.11,1775.26
5000,-0.09,62.61,2218.56,2159.61
6000,-1.41,-41.91,2663.00,2708.58
7000,-2.36,-119.74,3107.44,3230.85
8000,-2.51,-129.61,3551.89,3685.17
9000,-3.67,-100.22,3996.33,4100.22
10000,0.43,-89.18,4440.78,4533.62
