episode,epReward,cumReward,cumRegret,empRegret
10,2.51,13.23,5.05,5.42
20,0.62,37.30,5.05,0.00
30,3.62,60.12,6.23,-4.17
40,3.10,87.54,8.77,-12.95
50,2.71,110.98,9.95,-17.74
60,3.02,130.47,13.29,-18.58
70,1.80,144.54,16.34,-14.00
80,4.50,163.71,17.51,-14.52
90,0.62,174.17,18.69,-6.32
100,1.60,187.24,19.87,-0.74
200,3.87,347.94,33.23,25.04
300,0.32,565.09,33.23,-5.61
400,4.24,716.66,39.32,29.31
500,1.58,897.54,43.06,34.92
600,2.19,1086.18,43.06,32.77
700,0.99,1290.86,43.06,14.59
800,1.62,1472.64,43.06,19.30
900,0.44,1656.43,43.06,22.00
1000,1.45,1859.58,43.06,5.35
2000,2.94,3712.47,47.58,17.38
3000,-0.09,5572.49,47.58,22.29
4000,2.65,7445.06,47.58,14.65
5000,0.31,9286.86,47.58,37.78
6000,-3.13,11077.53,47.58,112.03
7000,1.11,12947.53,47.58,106.96
8000,0.61,14771.53,47.58,147.89
9000,1.89,16667.94,47.58,116.40
10000,0.43,18584.49,47.58,64.77
