episode,epReward,cumReward,cumRegret,empRegret
10,2.93,26.07,5.72,-0.13
20,2.58,43.77,5.72,8.11
30,-0.37,70.19,5.72,7.63
40,0.50,96.07,5.72,7.69
50,4.98,124.58,9.50,5.12
60,2.85,144.98,9.50,10.67
70,0.47,172.51,9.50,9.08
80,2.97,204.47,9.50,3.06
90,3.15,234.89,9.50,-1.42
100,4.41,270.45,9.50,-11.04
200,3.01,554.72,9.50,-35.90
300,2.34,820.21,9.50,-41.97
400,2.96,1064.10,10.90,-26.46
500,2.68,1336.23,12.84,-39.17
600,-0.42,1593.93,12.84,-37.46
700,5.95,1830.10,13.68,-14.22
800,-0.67,2080.67,13.68,-5.39
900,4.28,2343.54,13.68,-8.84
1000,2.05,2602.97,13.68,-8.86
2000,1.33,5275.89,16.45,-87.67
3000,4.10,7908.78,20.65,-126.44
4000,4.36,10472.56,20.65,-96.11
5000,4.14,13028.28,22.58,-57.73
6000,0.77,15782.10,22.58,-217.44
7000,-2.52,18508.49,22.58,-349.72
8000,0.51,21096.14,22.58,-343.26
9000,0.14,23686.61,22.58,-339.62
10000,4.20,26339.83,22.58,-398.73
