episode,epReward,cumReward,cumRegret,empRegret
10,0.00,0.25,4.22,4.19
20,1.26,3.95,6.56,4.94
30,-0.33,9.20,6.56,4.14
40,0.00,14.10,6.56,3.68
50,1.11,17.22,8.22,5.01
60,1.72,21.47,8.22,5.19
70,1.46,24.15,9.22,6.96
80,0.00,24.81,9.22,10.75
90,0.00,30.20,9.22,9.80
100,1.64,35.81,9.22,8.64
200,0.00,70.33,9.67,18.56
300,0.00,110.66,10.33,22.67
400,0.00,146.80,10.33,30.98
500,0.00,184.33,11.00,37.89
600,-0.79,229.56,11.00,37.11
700,0.00,284.65,11.00,26.46
800,0.00,330.17,11.00,25.38
900,0.20,351.37,11.00,48.63
1000,0.00,395.21,11.00,49.24
2000,0.00,814.67,11.44,74.22
3000,2.18,1268.85,12.11,64.48
4000,0.00,1765.24,12.78,12.54
5000,0.00,2192.87,13.44,29.35
6000,0.00,2612.12,14.11,54.54
7000,0.66,3053.69,14.78,57.42
8000,0.00,3502.95,15.22,52.61
9000,0.00,3950.58,15.22,49.42
10000,0.00,4402.62,15.22,41.82
