episode,epReward,cumReward,cumRegret,empRegret
10,5.36,38.52,4.57,4.15
20,7.70,84.14,4.57,1.20
30,3.34,117.27,4.57,10.74
40,4.51,166.01,4.57,4.66
50,8.27,210.36,4.57,2.98
60,1.28,249.93,4.57,6.08
70,3.73,292.50,4.57,6.18
80,3.64,337.23,4.57,4.11
90,0.15,381.55,4.57,2.46
100,6.03,432.13,4.57,-5.45
200,3.22,839.45,4.57,13.91
300,6.43,1265.02,4.57,15.02
400,2.75,1694.19,4.57,12.53
500,5.97,2108.93,4.57,24.48
600,4.66,2538.97,4.57,21.12
700,5.08,2944.26,4.57,42.51
800,4.98,3383.08,4.57,30.37
900,3.30,3791.60,4.57,48.53
1000,5.91,4223.06,4.57,43.76
2000,9.60,8490.05,4.57,43.59
3000,6.24,12804.17,4.57,-3.72
4000,2.78,17020.25,4.57,47.03
5000,2.78,21231.18,4.57,102.91
6000,5.37,25615.36,4.57,-14.46
7000,6.78,29887.03,6.49,-19.31
8000,4.80,34203.26,6.49,-68.72
9000,4.42,38446.37,6.49,-45.01
10000,2.71,42746.08,6.49,-77.90
