episode,epReward,cumReward,cumRegret,empRegret
10,-1.76,1.77,5.00,2.67
20,2.20,8.10,8.22,0.79
30,2.47,13.47,8.22,-0.14
40,0.60,24.17,10.22,-6.39
50,-0.61,31.98,10.22,-9.76
60,0.06,35.31,10.67,-8.64
70,-0.11,41.51,10.67,-10.40
80,-1.43,37.44,10.67,-1.89
90,0.40,48.13,10.67,-8.13
100,0.26,50.35,10.67,-5.91
200,-0.50,91.41,11.33,-2.52
300,1.49,133.28,12.33,0.05
400,1.03,177.54,13.00,0.23
500,0.62,218.62,13.00,3.60
600,-1.54,283.06,13.00,-16.40
700,0.17,335.79,13.00,-24.68
800,1.35,382.94,13.67,-27.38
900,1.94,430.73,13.67,-30.73
1000,2.20,474.97,14.67,-30.53
2000,0.60,895.78,15.33,-6.89
3000,1.17,1340.50,16.00,-7.16
4000,-1.19,1816.10,16.00,-38.32
5000,0.94,2253.82,16.00,-31.60
6000,-1.34,2700.70,16.00,-34.04
7000,-0.58,3208.75,16.00,-97.64
8000,-0.10,3668.88,16.00,-113.33
9000,0.05,4142.69,16.67,-142.69
10000,0.51,4632.73,16.67,-188.29
