episode,epReward,cumReward,cumRegret,empRegret
10,-1.04,-3.17,12.66,15.60
20,1.52,-0.43,23.44,25.29
30,0.33,2.88,33.43,34.41
40,-0.61,-1.31,47.76,51.02
50,2.88,-2.81,61.77,64.95
60,-1.70,-5.09,76.52,79.66
70,-1.62,-8.46,90.85,95.47
80,2.13,-3.43,103.51,102.86
90,0.21,-4.65,116.97,116.51
100,-1.25,-4.09,132.26,128.38
200,3.60,-8.79,283.84,257.37
300,-0.91,-24.43,436.80,397.30
400,0.86,-56.70,589.22,553.85
500,-1.86,-81.44,741.63,702.89
600,-1.13,-123.92,894.59,869.65
700,-1.17,-179.70,1047.56,1049.72
800,-0.88,-208.77,1190.29,1203.08
900,1.03,-278.66,1342.29,1397.26
1000,-0.04,-313.98,1493.72,1556.87
2000,0.20,-563.49,3023.34,3049.27
3000,0.47,-833.67,4552.96,4562.33
4000,-0.48,-1115.20,6082.58,6086.75
5000,2.39,-1431.55,7612.20,7646.00
6000,1.53,-1785.67,9141.82,9243.00
7000,-0.19,-2117.60,10671.44,10817.81
8000,0.54,-2325.81,12201.06,12268.91
9000,0.93,-2575.28,13730.68,13761.27
10000,-3.77,-2875.30,15260.30,15304.18
