episode,epReward,cumReward,cumRegret,empRegret
10,0.18,-0.96,4.33,5.41
20,0.00,0.15,7.67,8.74
30,-0.33,4.25,7.67,9.09
40,0.00,9.05,7.67,8.73
50,0.00,13.02,7.67,9.20
60,1.45,20.47,7.67,6.20
70,1.56,23.93,7.67,7.18
80,0.00,26.89,7.67,8.66
90,0.00,29.52,7.67,10.48
100,0.00,30.76,7.67,13.69
200,1.40,71.95,9.67,16.94
300,0.00,97.36,10.67,35.98
400,0.00,155.52,11.33,22.25
500,0.00,200.95,11.33,21.27
600,0.00,242.13,11.33,24.53
700,0.00,283.05,11.33,28.06
800,0.00,331.43,12.00,24.13
900,1.03,384.85,12.00,15.15
1000,1.48,432.53,12.00,11.92
2000,0.00,903.16,13.11,-14.27
3000,0.00,1338.85,14.22,-5.52
4000,1.97,1759.61,14.22,18.17
5000,0.04,2221.82,14.22,0.40
6000,2.45,2648.64,14.22,18.03
7000,0.00,3077.68,15.56,33.43
8000,-0.27,3493.33,15.56,62.23
9000,0.00,3932.41,15.56,67.59
10000,0.00,4374.05,15.56,70.39
