episode,epReward,cumReward,cumRegret,empRegret
10,0.00,0.40,1.78,4.05
20,-1.10,-0.63,5.56,9.52
30,1.45,-5.42,9.56,18.75
40,1.16,-0.34,14.00,18.12
50,-0.04,8.35,18.44,13.88
60,0.31,16.82,23.44,9.85
70,-0.65,11.91,28.44,19.20
80,-0.65,14.25,32.89,21.31
90,-0.70,16.59,35.67,23.41
100,-1.22,19.95,39.67,24.49
200,-1.70,19.92,53.78,68.97
300,-0.57,78.86,55.56,54.48
400,0.09,115.22,55.56,62.56
500,0.85,145.90,56.22,76.32
600,-0.37,182.45,56.22,84.22
700,-1.82,221.01,56.22,90.10
800,-0.58,261.23,56.22,94.33
900,-0.93,316.33,56.22,83.67
1000,0.67,367.63,56.22,76.81
2000,0.43,741.33,56.89,147.56
3000,-0.93,1160.77,58.22,172.56
4000,-0.76,1543.58,58.22,234.20
5000,1.26,2002.84,58.89,219.38
6000,1.19,2501.36,58.89,165.31
7000,1.99,2951.40,58.89,159.71
8000,-0.96,3392.59,58.89,162.96
9000,-0.67,3888.81,58.89,111.19
10000,1.36,4374.40,58.89,70.04
