episode,epReward,cumReward,cumRegret,empRegret
10,3.54,25.01,6.22,6.52
20,1.74,53.52,6.22,9.53
30,3.82,84.18,6.22,10.40
40,2.99,122.53,6.22,3.56
50,0.87,140.59,6.22,17.03
60,2.85,173.54,6.22,15.60
70,3.79,193.02,6.22,27.64
80,6.40,232.79,6.22,19.40
90,4.98,261.40,6.22,22.31
100,3.58,291.07,6.22,24.17
200,4.39,609.10,9.55,21.37
300,2.29,906.88,12.88,38.84
400,-0.13,1227.84,12.88,33.12
500,2.01,1565.18,12.88,11.01
600,3.62,1888.87,12.88,2.56
700,2.52,2174.66,12.88,32.01
800,4.66,2491.44,12.88,30.48
900,4.33,2815.25,12.88,21.90
1000,2.99,3145.82,12.88,6.57
2000,-1.01,6257.22,26.64,47.56
3000,5.91,9330.75,33.30,126.42
4000,3.22,12512.18,33.30,97.37
5000,4.18,15738.36,36.93,23.59
6000,2.26,18957.15,36.93,-42.82
7000,4.55,22236.56,40.25,-169.83
8000,2.68,25363.07,40.25,-143.95
9000,1.59,28573.95,40.25,-202.44
10000,3.69,31858.31,40.25,-334.42
