episode,epReward,cumReward,cumRegret,empRegret
10,0.00,-1.32,3.44,5.76
20,1.41,5.39,3.44,3.50
30,0.00,10.63,4.56,2.70
40,0.00,13.81,4.56,3.96
50,0.00,23.11,5.56,-0.88
60,0.51,30.53,6.56,-3.87
70,1.64,34.44,6.56,-3.33
80,0.00,37.67,6.56,-2.11
90,1.02,40.41,6.56,-0.41
100,1.12,47.71,6.56,-3.26
200,0.00,89.44,8.56,-0.55
300,0.72,135.01,9.56,-1.68
400,0.00,175.30,10.89,2.47
500,0.12,231.19,11.33,-8.97
600,0.00,281.32,11.33,-14.65
700,0.53,322.87,11.33,-11.76
800,0.00,368.78,11.33,-13.22
900,0.00,415.62,11.33,-15.62
1000,0.00,459.94,12.00,-15.49
2000,0.00,921.68,13.11,-32.79
3000,-0.12,1354.24,14.44,-20.91
4000,1.82,1803.83,14.44,-26.05
5000,1.43,2215.25,14.44,6.98
6000,0.00,2677.57,14.89,-10.90
7000,2.57,3133.13,14.89,-22.02
8000,2.02,3579.28,14.89,-23.72
9000,0.00,4029.52,14.89,-29.52
10000,0.00,4426.92,15.56,17.53
