episode,epReward,cumReward,cumRegret,empRegret
10,3.68,26.96,9.03,12.34
20,5.26,65.40,13.11,13.20
30,5.50,111.61,14.27,6.28
40,4.93,148.57,15.43,8.62
50,4.03,189.90,17.76,6.59
60,0.19,222.07,17.76,13.71
70,5.80,260.71,17.76,14.37
80,3.57,296.46,18.92,17.92
90,3.55,327.08,18.92,26.60
100,5.77,375.27,18.92,17.71
200,3.95,778.52,21.02,7.43
300,4.77,1162.26,21.02,16.67
400,4.62,1571.75,21.02,0.15
500,5.28,1971.84,21.02,-6.97
600,4.27,2369.87,21.02,-12.02
700,6.87,2777.42,21.02,-26.60
800,4.83,3162.55,21.02,-18.76
900,2.79,3562.25,21.02,-25.49
1000,4.68,3966.21,21.02,-36.47
2000,2.89,7916.23,21.02,-56.74
3000,0.87,11841.66,21.02,-52.43
4000,5.73,15626.80,21.02,92.18
5000,1.76,19552.38,21.02,96.34
6000,2.54,23508.83,21.02,69.64
7000,3.90,27418.42,21.02,89.78
8000,4.90,31315.90,21.02,122.05
9000,5.00,35272.08,21.02,95.61
10000,5.87,39167.72,21.02,129.72
