episode,epReward,cumReward,cumRegret,empRegret
10,0.00,0.13,4.33,4.32
20,0.00,1.39,6.67,7.50
30,0.00,2.51,10.67,10.82
40,2.89,6.33,12.00,11.45
50,0.00,10.00,14.00,12.22
60,1.19,15.09,14.44,11.58
70,0.00,16.86,14.44,14.25
80,1.18,21.81,14.44,13.75
90,0.83,24.82,14.44,15.18
100,0.00,28.94,14.44,15.50
200,0.00,72.14,14.44,16.75
300,0.00,113.21,14.44,20.12
400,-1.38,177.37,14.44,0.41
500,3.50,229.26,14.44,-7.03
600,1.34,259.64,14.44,7.03
700,0.00,311.75,14.44,-0.64
800,0.00,352.72,14.44,2.83
900,0.42,397.16,14.44,2.84
1000,0.00,433.57,14.44,10.87
2000,0.00,902.73,14.89,-13.84
3000,0.00,1370.63,15.33,-37.30
4000,-0.25,1825.30,16.00,-47.52
5000,0.00,2270.54,16.00,-48.31
6000,0.00,2681.71,16.00,-15.04
7000,0.00,3123.65,16.00,-12.54
8000,0.12,3588.46,16.00,-32.90
9000,0.00,4065.18,16.00,-65.18
10000,0.00,4517.65,16.00,-73.21
