episode,epReward,cumReward,cumRegret,empRegret
10,2.94,13.48,13.80,19.57
20,3.75,38.06,18.91,28.05
30,5.00,58.10,19.64,41.06
40,2.80,83.93,21.11,48.29
50,2.86,109.49,26.23,55.79
60,3.79,140.18,28.43,58.15
70,1.95,161.88,35.01,69.50
80,1.05,193.51,36.47,70.92
90,7.89,222.26,37.94,75.23
100,1.92,250.32,40.14,80.23
200,2.16,563.07,58.45,98.03
300,0.67,858.12,76.76,133.52
400,-1.11,1166.11,89.95,156.08
500,2.51,1478.16,99.47,174.58
600,3.42,1756.21,116.32,227.08
700,0.26,2077.24,133.84,236.60
800,2.93,2373.34,152.88,271.04
900,1.85,2667.67,182.84,307.26
1000,3.13,2989.51,199.69,315.97
2000,4.83,6008.72,386.47,602.24
3000,4.38,9198.41,558.62,718.02
4000,6.30,12309.94,722.71,911.98
5000,5.37,15376.59,896.33,1150.80
6000,4.96,18625.68,1061.15,1207.20
7000,7.71,21826.67,1226.81,1311.69
8000,1.12,24967.10,1397.49,1476.74
9000,2.26,28094.14,1574.04,1655.17
10000,0.57,31205.44,1738.13,1849.35
