episode,epReward,cumReward,cumRegret,empRegret
10,-3.30,4.42,3.56,0.03
20,-1.68,14.21,7.56,-5.32
30,2.17,14.50,11.56,-1.17
40,-0.67,15.78,16.44,2.00
50,1.57,17.99,20.22,4.23
60,0.96,14.95,23.22,11.72
70,0.89,19.28,24.11,11.83
80,1.32,24.37,25.22,11.19
90,1.33,28.09,27.44,11.91
100,0.57,34.23,27.89,10.21
200,1.85,77.78,37.56,11.11
300,2.09,128.78,43.56,4.55
400,-0.32,159.34,44.44,18.43
500,-0.46,189.73,44.44,32.49
600,0.35,237.18,44.44,29.48
700,-0.42,281.21,44.44,29.90
800,-2.75,303.76,44.44,51.80
900,-0.47,320.70,44.44,79.30
1000,-0.65,368.66,45.11,75.79
2000,0.26,782.61,45.78,106.28
3000,-0.86,1233.07,46.44,100.27
4000,-1.02,1707.02,46.44,70.76
5000,-2.04,2143.06,46.44,79.16
6000,-0.46,2594.66,46.44,72.00
7000,1.25,3048.98,46.44,62.13
8000,1.78,3435.06,46.44,120.50
9000,-1.95,3847.58,46.44,152.42
10000,0.64,4330.92,46.44,113.53
