episode,epReward,cumReward,cumRegret,empRegret
10,-0.05,-18.03,18.82,15.27
20,1.58,-22.74,18.82,17.23
30,2.00,-28.16,18.82,19.89
40,2.71,-32.72,18.82,21.69
50,-1.60,-36.58,18.82,22.79
60,1.50,-29.47,18.82,12.93
70,3.25,-33.14,18.82,13.84
80,-1.98,-36.51,20.62,14.45
90,0.85,-34.30,20.62,9.49
100,-3.80,-35.83,21.99,8.26
200,-0.42,-107.38,26.48,52.24
300,1.28,-152.12,29.22,69.41
400,1.79,-177.41,29.22,67.13
500,0.37,-216.17,30.59,78.32
600,-1.39,-238.31,30.59,72.89
700,1.50,-241.53,30.59,48.54
800,-1.68,-271.05,30.59,50.50
900,-1.44,-296.02,30.59,47.89
1000,-3.22,-369.85,30.59,94.15
2000,-2.35,-692.76,30.59,141.37
3000,-3.43,-905.82,30.59,78.73
4000,-1.96,-1185.80,30.59,83.02
5000,1.11,-1470.45,30.59,91.96
6000,-4.36,-1843.06,30.59,188.88
7000,0.89,-2178.19,30.59,248.32
8000,-4.09,-2389.32,30.59,183.74
9000,-3.26,-2750.16,30.59,268.89
10000,-0.08,-2995.24,30.59,238.27
