episode,epReward,cumReward,cumRegret,empRegret
10,0.00,0.37,1.78,4.08
20,0.00,2.72,3.22,6.17
30,0.00,5.20,5.56,8.13
40,0.00,6.88,7.56,10.90
50,0.00,7.64,9.22,14.58
60,1.29,11.70,10.89,14.97
70,0.00,15.10,10.89,16.01
80,0.56,20.93,10.89,14.63
90,0.70,27.96,10.89,12.04
100,0.17,33.27,10.89,11.17
200,-0.52,80.88,11.33,8.01
300,-0.60,119.94,11.33,13.39
400,1.06,160.14,11.33,17.64
500,-0.94,213.72,11.78,8.51
600,0.00,268.81,12.44,-2.14
700,0.00,304.11,12.44,7.00
800,0.05,349.62,12.44,5.94
900,2.94,386.38,12.44,13.62
1000,0.98,420.27,12.44,24.18
2000,1.61,802.89,13.78,86.00
3000,0.00,1239.67,13.78,93.66
4000,0.00,1689.95,13.78,87.83
5000,0.00,2131.89,13.78,90.33
6000,0.00,2581.11,14.89,85.55
7000,0.00,2984.78,14.89,126.34
8000,2.26,3383.90,14.89,171.66
9000,0.83,3823.92,14.89,176.08
10000,1.04,4278.61,14.89,165.84
