episode,epReward,cumReward,cumRegret,empRegret
10,0.00,-2.31,3.89,6.76
20,2.50,3.50,6.78,5.39
30,1.07,9.91,8.56,3.43
40,0.82,8.60,10.33,9.18
50,0.38,18.79,11.67,3.43
60,0.28,24.85,12.11,1.82
70,0.39,28.08,13.78,3.03
80,1.62,37.23,13.78,-1.67
90,1.03,41.74,13.78,-1.74
100,0.43,41.89,13.78,2.55
200,2.20,80.23,14.89,8.66
300,0.35,123.04,15.56,10.30
400,3.24,169.71,16.56,8.07
500,-0.37,205.34,16.56,16.88
600,2.24,276.22,17.56,-9.55
700,0.41,303.21,18.22,7.91
800,-0.13,354.13,18.22,1.43
900,-1.27,378.83,18.89,21.17
1000,0.97,433.18,18.89,11.26
2000,1.64,894.16,20.89,-5.27
3000,0.36,1377.64,22.22,-44.31
4000,0.67,1859.87,22.22,-82.09
5000,0.54,2296.39,22.22,-74.16
6000,2.26,2724.73,23.56,-58.07
7000,-0.07,3133.15,23.56,-22.04
8000,-0.71,3560.93,23.56,-5.37
9000,1.06,3960.59,23.56,39.41
10000,-2.06,4366.18,23.56,78.27
