episode,epReward,cumReward,cumRegret,empRegret
10,0.00,-2.08,2.67,6.52
20,0.54,-0.99,7.00,9.88
30,0.00,4.90,7.44,8.43
40,0.00,5.69,7.44,12.09
50,0.00,11.31,9.11,10.92
60,0.47,14.50,10.11,12.17
70,2.12,20.17,11.44,10.94
80,0.00,22.09,11.44,13.47
90,0.00,25.34,11.44,14.66
100,0.32,26.27,11.44,18.18
200,0.00,61.40,12.78,27.49
300,0.00,104.24,13.78,29.09
400,1.63,168.58,13.78,9.20
500,0.00,196.62,13.78,25.61
600,0.00,241.34,13.78,25.32
700,0.00,276.24,13.78,34.87
800,0.00,306.68,13.78,48.88
900,0.00,345.20,13.78,54.80
1000,-1.69,379.92,13.78,64.53
2000,0.79,775.14,13.78,113.75
3000,-0.14,1229.97,13.78,103.37
4000,0.41,1659.42,14.44,118.36
5000,0.00,2139.50,14.44,82.73
6000,0.00,2579.15,14.44,87.52
7000,0.00,3018.91,14.44,92.20
8000,1.32,3487.15,15.11,68.41
9000,0.00,3930.43,15.56,69.57
10000,0.00,4401.19,16.00,43.25
