episode,epReward,cumReward,cumRegret,empRegret
10,-1.60,-4.20,3.89,8.64
20,1.27,-8.58,8.67,17.47
30,-0.55,-9.36,9.56,22.69
40,-1.61,-6.92,11.89,24.70
50,-2.40,-2.80,13.33,25.02
60,0.06,0.09,14.33,26.57
70,0.50,7.66,14.33,23.45
80,0.00,3.96,16.00,31.59
90,-0.49,5.14,16.44,34.86
100,1.16,12.30,16.44,32.15
200,2.03,59.56,17.56,29.33
300,-0.36,124.45,17.56,8.89
400,-1.13,175.37,17.56,2.41
500,-0.71,234.43,18.22,-12.20
600,2.27,277.71,18.22,-11.05
700,0.72,317.31,18.22,-6.20
800,-0.57,362.27,18.89,-6.72
900,-1.20,408.96,18.89,-8.96
1000,1.59,457.32,18.89,-12.88
2000,1.16,903.60,19.56,-14.71
3000,-0.04,1358.07,20.22,-24.73
4000,1.29,1789.84,21.56,-12.06
5000,-0.90,2262.05,21.56,-39.83
6000,-1.14,2691.82,21.56,-25.15
7000,-0.14,3173.14,21.56,-62.03
8000,2.96,3669.89,21.56,-114.33
9000,0.74,4147.64,21.56,-147.64
10000,-0.86,4557.35,21.56,-112.91
