episode,epReward,cumReward,cumRegret,empRegret
10,1.18,0.58,3.33,3.86
20,0.00,0.83,7.00,8.05
30,0.22,1.70,7.00,11.64
40,0.00,4.23,7.00,13.55
50,-0.64,6.21,10.67,16.02
60,0.30,7.14,10.67,19.53
70,0.00,8.11,10.67,23.00
80,0.00,7.74,10.67,27.81
90,1.29,12.99,10.67,27.01
100,-0.21,13.17,10.67,31.27
200,0.33,53.27,10.67,35.62
300,0.00,90.98,11.11,42.35
400,1.32,143.45,11.78,34.33
500,1.80,176.24,11.78,45.98
600,0.00,223.39,11.78,43.28
700,0.95,250.71,12.44,60.40
800,0.61,294.63,12.44,60.93
900,0.00,346.73,13.11,53.27
1000,0.00,389.77,13.11,54.68
2000,0.28,798.00,13.56,90.89
3000,0.75,1282.79,14.89,50.54
4000,0.00,1725.20,14.89,52.58
5000,0.45,2163.70,14.89,58.52
6000,0.84,2596.53,14.89,70.14
7000,0.73,3040.98,15.56,70.13
8000,-0.54,3479.01,15.56,76.55
9000,0.00,3902.54,15.56,97.46
10000,0.00,4376.93,15.56,67.52
