episode,epReward,cumReward,cumRegret,empRegret
10,1.89,8.10,5.03,-2.91
20,2.14,19.79,9.45,-9.41
30,0.73,24.69,12.01,-9.13
40,0.11,23.10,15.40,-2.35
50,1.13,33.99,17.60,-8.06
60,-0.42,36.56,22.65,-5.44
70,1.33,33.41,23.38,2.90
80,-1.56,33.88,24.48,7.61
90,1.79,43.49,27.04,3.19
100,-1.47,46.84,29.42,5.03
200,0.15,105.06,32.74,-1.33
300,3.50,157.40,32.74,-1.80
400,2.32,172.68,35.45,34.79
500,0.20,239.48,35.45,19.85
600,0.08,326.57,35.45,-15.37
700,-0.86,378.43,36.39,-15.37
800,1.74,421.12,36.39,-6.19
900,-2.26,453.40,36.39,13.40
1000,-0.35,487.73,36.39,30.93
2000,0.83,948.32,36.39,89.01
3000,-2.12,1428.00,36.39,127.99
4000,0.91,1968.77,36.39,105.89
5000,3.89,2505.58,36.39,87.74
6000,2.78,2970.06,36.39,141.92
7000,0.76,3592.22,36.39,38.43
8000,-0.92,4171.19,36.39,-21.88
9000,0.79,4808.64,36.39,-140.67
10000,0.09,5373.38,36.39,-186.74
