episode,epReward,cumReward,cumRegret,empRegret
10,0.31,-14.01,12.62,23.52
20,-1.64,-11.01,13.51,30.03
30,2.26,-0.05,13.51,28.59
40,0.61,13.80,13.51,24.24
50,-0.15,26.99,13.51,20.56
60,2.11,35.35,13.51,21.72
70,-0.66,39.59,13.51,26.99
80,2.03,51.20,13.51,24.89
90,1.33,55.29,13.51,30.31
100,-0.24,66.20,13.51,28.91
200,0.87,158.85,13.51,31.38
300,-1.41,252.02,13.51,33.32
400,0.70,322.87,13.51,57.59
500,0.32,402.92,15.13,72.66
600,2.32,518.17,16.75,52.53
700,3.44,590.98,16.75,74.83
800,0.68,700.22,16.75,60.71
900,-0.41,795.96,16.75,60.09
1000,-1.54,863.50,18.58,87.66
2000,0.40,1791.47,18.58,110.85
3000,-2.22,2755.65,18.58,97.83
4000,0.44,3729.01,18.58,75.63
5000,2.43,4759.57,20.20,-3.77
6000,1.91,5725.11,22.02,-18.15
7000,0.81,6635.85,25.81,22.26
8000,4.01,7689.11,25.81,-79.84
9000,-1.08,8726.65,25.81,-166.22
10000,1.72,9631.99,25.81,-120.40
