episode,epReward,cumReward,cumRegret,empRegret
10,0.00,-6.47,4.67,10.92
20,0.00,-6.96,8.56,15.85
30,0.00,-6.96,10.89,20.30
40,0.00,-7.25,14.22,25.03
50,0.00,-6.24,16.89,28.46
60,0.94,-2.33,17.56,29.00
70,0.47,2.58,17.56,28.53
80,1.75,5.77,17.56,29.79
90,0.00,9.74,17.56,30.26
100,0.00,10.31,18.22,34.14
200,0.00,33.24,27.56,55.65
300,0.00,73.37,27.56,59.97
400,0.00,126.14,28.89,51.64
500,0.00,174.67,28.89,47.55
600,2.58,227.99,28.89,38.68
700,0.34,275.83,28.89,35.28
800,-0.07,325.42,28.89,30.13
900,0.55,376.69,28.89,23.31
1000,0.14,428.30,28.89,16.14
2000,2.87,845.92,28.89,42.97
3000,0.00,1259.11,28.89,74.23
4000,0.00,1747.05,28.89,30.73
5000,0.00,2200.20,28.89,22.02
6000,1.60,2690.47,28.89,-23.80
7000,0.74,3091.46,28.89,19.65
8000,0.00,3480.70,28.89,74.86
9000,1.17,3913.46,28.89,86.54
10000,2.26,4342.24,28.89,102.20
