episode,epReward,cumReward,cumRegret,empRegret
10,-2.01,-13.96,4.75,7.53
20,-2.94,-28.24,10.86,15.38
30,-1.94,-32.59,14.69,13.31
40,0.88,-37.16,16.39,11.44
50,1.51,-47.45,19.58,15.30
60,-3.68,-71.50,22.03,32.93
70,-2.83,-82.54,24.47,37.54
80,-0.36,-85.79,26.18,34.36
90,-0.41,-100.81,28.63,42.94
100,-1.98,-112.82,31.08,48.52
200,-0.73,-194.75,49.14,66.16
300,-0.85,-291.76,66.21,98.88
400,-0.79,-385.45,84.04,128.28
500,-1.78,-481.59,101.68,160.12
600,-2.09,-586.58,119.50,200.82
700,2.77,-666.02,137.31,215.97
800,-2.53,-748.04,155.73,233.69
900,0.93,-818.23,173.18,239.59
1000,-1.85,-898.06,191.97,255.13
2000,-1.34,-1722.00,369.03,436.13
3000,0.15,-2593.76,542.86,664.96
4000,-1.56,-3460.88,713.99,889.15
5000,-1.53,-4378.39,885.11,1163.73
6000,-3.51,-5232.75,1056.45,1375.15
7000,-0.47,-6054.02,1227.94,1553.49
8000,-3.32,-6955.06,1398.69,1811.59
9000,-1.39,-7758.40,1569.44,1972.00
10000,1.20,-8555.03,1743.82,2125.70
