episode,epReward,cumReward,cumRegret,empRegret
10,0.00,2.39,4.44,2.05
20,0.75,1.94,8.33,6.95
30,0.00,0.01,10.56,13.32
40,0.00,0.27,12.67,17.51
50,0.00,6.95,13.33,15.27
60,0.00,12.93,13.33,13.73
70,0.22,21.71,13.33,9.40
80,0.00,21.85,13.33,13.71
90,1.04,24.24,13.78,15.76
100,0.14,27.49,13.78,16.95
200,1.17,90.13,13.78,-1.24
300,0.00,137.23,15.78,-3.90
400,0.00,185.92,16.78,-8.14
500,2.35,252.89,16.78,-30.67
600,2.23,291.43,17.78,-24.76
700,2.58,316.22,17.78,-5.11
800,-0.41,352.35,17.78,3.20
900,-0.10,401.69,17.78,-1.69
1000,0.00,435.46,17.78,8.99
2000,-1.01,846.24,20.44,42.65
3000,0.00,1294.91,22.78,38.42
4000,0.99,1728.80,23.78,48.98
5000,0.00,2138.07,26.44,84.16
6000,0.00,2557.64,26.44,109.03
7000,0.82,3019.17,26.44,91.94
8000,0.00,3426.39,26.44,129.17
9000,1.29,3876.26,26.44,123.74
10000,-0.24,4307.44,26.44,137.00
