episode,epReward,cumReward,cumRegret,empRegret
10,0.00,-2.57,4.56,7.02
20,0.00,-3.90,6.33,12.79
30,0.00,-2.00,8.44,15.33
40,0.00,-2.18,10.89,19.95
50,0.00,-0.69,12.00,22.91
60,0.00,2.22,12.67,24.45
70,1.80,9.04,12.67,22.07
80,0.00,11.64,12.67,23.92
90,1.78,14.40,12.67,25.60
100,0.00,18.52,13.67,25.92
200,0.00,65.46,15.00,23.43
300,0.00,116.38,15.00,16.96
400,0.80,163.47,16.00,14.31
500,-0.45,201.10,16.00,21.12
600,0.00,244.28,16.00,22.39
700,0.00,304.23,17.00,6.88
800,0.00,343.72,17.00,11.83
900,0.00,391.88,17.00,8.12
1000,2.63,429.68,17.00,14.76
2000,1.58,843.86,20.00,45.02
3000,0.00,1236.27,20.00,97.06
4000,0.00,1666.16,20.00,111.62
5000,0.00,2077.18,20.00,145.05
6000,2.21,2598.45,20.00,68.21
7000,0.19,3028.96,22.00,82.15
8000,0.00,3489.08,22.00,66.47
9000,0.00,3882.04,22.00,117.96
10000,1.07,4316.69,22.00,127.75
