episode,epReward,cumReward,cumRegret,empRegret
10,0.00,-2.50,4.89,6.94
20,0.00,-3.00,9.33,11.89
30,0.00,-1.71,12.67,15.05
40,0.00,2.24,12.67,15.54
50,0.00,8.09,12.67,14.14
60,0.00,12.26,12.67,14.41
70,1.10,17.38,13.33,13.73
80,0.80,24.93,13.33,10.62
90,-0.53,27.48,13.78,12.52
100,-1.59,29.61,13.78,14.84
200,1.64,94.69,13.78,-5.80
300,0.00,148.95,13.78,-15.62
400,0.00,197.57,13.78,-19.80
500,2.37,249.21,13.78,-26.99
600,0.00,279.64,13.78,-12.97
700,0.00,305.21,13.78,5.90
800,-0.35,356.78,13.78,-1.22
900,1.73,391.30,13.78,8.70
1000,0.00,422.09,13.78,22.36
2000,0.00,814.13,15.44,74.76
3000,0.58,1266.93,15.44,66.40
4000,2.19,1726.62,15.44,51.16
5000,2.59,2138.25,15.44,83.98
6000,0.00,2541.47,15.44,125.20
7000,0.00,2978.00,16.11,133.11
8000,0.00,3366.55,17.11,189.00
9000,2.09,3831.57,17.11,168.43
10000,0.00,4277.22,17.11,167.23
