episode,epReward,cumReward,cumRegret,empRegret
10,-0.06,9.13,2.22,-4.68
20,0.35,18.86,4.22,-9.97
30,1.47,22.52,6.44,-9.19
40,2.55,33.26,6.44,-15.48
50,0.00,40.44,6.44,-18.21
60,1.40,46.97,7.89,-20.30
70,-1.67,53.16,8.33,-22.05
80,1.83,61.11,8.78,-25.55
90,0.00,69.72,9.22,-29.72
100,-0.52,66.59,11.11,-22.15
200,0.00,107.96,12.22,-19.07
300,-0.72,157.97,12.22,-24.64
400,0.00,188.08,14.89,-10.30
500,0.00,229.20,15.89,-6.98
600,-2.32,276.74,16.56,-10.07
700,2.44,324.45,17.56,-13.34
800,0.00,366.03,17.56,-10.48
900,3.22,423.33,17.56,-23.33
1000,1.17,481.53,18.22,-37.09
2000,1.48,974.23,19.22,-85.34
3000,-0.23,1393.54,20.22,-60.20
4000,-1.19,1831.33,21.56,-53.55
5000,0.00,2273.47,23.22,-51.25
6000,1.85,2727.94,24.22,-61.27
7000,0.00,3179.18,25.22,-68.07
8000,-1.47,3576.32,25.22,-20.76
9000,0.00,4009.60,26.22,-9.60
10000,0.88,4498.90,26.22,-54.45
