episode,epReward,cumReward,cumRegret,empRegret
10,0.00,0.29,4.56,4.15
20,0.42,0.13,10.00,8.76
30,0.00,4.69,11.00,8.64
40,0.33,3.02,12.56,14.76
50,-0.23,9.48,12.56,12.74
60,2.25,11.99,13.22,14.67
70,0.00,15.38,13.22,15.73
80,-0.44,18.69,14.11,16.87
90,0.63,28.87,14.56,11.13
100,-0.55,27.60,15.00,16.84
200,0.00,62.56,17.89,26.32
300,0.00,99.89,18.56,33.44
400,0.71,152.50,18.56,25.28
500,-0.30,183.45,18.56,38.77
600,0.00,211.53,18.56,55.14
700,0.00,249.94,18.56,61.17
800,0.00,298.91,18.56,56.64
900,0.84,333.90,18.56,66.10
1000,1.65,365.54,18.56,78.90
2000,0.60,766.12,19.22,122.77
3000,0.00,1262.02,20.89,71.32
4000,0.98,1734.05,21.89,43.73
5000,0.04,2161.07,21.89,61.15
6000,0.93,2544.45,21.89,122.21
7000,0.00,2980.86,21.89,130.25
8000,1.28,3455.95,21.89,99.60
9000,2.26,3886.78,21.89,113.22
10000,-0.11,4365.76,21.89,78.68
