episode,epReward,cumReward,cumRegret,empRegret
10,0.61,-0.84,3.78,5.29
20,1.51,5.83,7.44,3.06
30,0.00,10.93,10.78,2.41
40,0.00,6.83,13.56,10.95
50,1.34,12.65,14.44,9.58
60,2.17,11.58,15.78,15.08
70,1.54,14.07,16.89,17.04
80,-0.34,15.57,16.89,19.98
90,0.00,27.65,17.33,12.35
100,0.85,37.12,18.00,7.32
200,-0.11,92.03,19.89,-3.14
300,1.17,131.58,20.89,1.76
400,0.88,170.39,21.89,7.39
500,1.69,210.45,21.89,11.78
600,3.48,258.97,21.89,7.70
700,0.00,315.92,21.89,-4.81
800,0.00,353.90,21.89,1.66
900,3.07,406.45,21.89,-6.45
1000,0.00,463.35,22.89,-18.90
2000,1.64,855.14,23.89,33.75
3000,-0.37,1352.96,25.56,-19.62
4000,3.04,1778.95,25.56,-1.17
5000,0.57,2200.72,26.56,21.50
6000,0.00,2626.85,26.56,39.82
7000,1.40,3139.50,27.22,-28.39
8000,2.60,3554.31,27.22,1.25
9000,-0.49,4043.25,28.22,-43.25
10000,0.82,4507.37,28.22,-62.93
