episode,epReward,cumReward,cumRegret,empRegret
10,0.00,-2.51,3.44,6.95
20,0.00,-6.33,7.22,15.22
30,1.83,-4.00,9.22,17.33
40,0.91,2.20,11.67,15.58
50,-0.28,3.03,11.67,19.19
60,0.46,3.92,12.67,22.75
70,-0.03,4.36,13.11,26.75
80,1.31,8.40,13.11,27.16
90,-0.88,11.52,13.78,28.48
100,-1.52,13.00,13.78,31.44
200,0.00,60.88,15.22,28.01
300,-0.44,97.26,16.22,36.07
400,-0.65,135.02,17.22,42.76
500,0.00,191.74,17.22,30.49
600,0.00,232.04,17.89,34.63
700,0.00,292.39,18.89,18.72
800,0.00,335.89,18.89,19.66
900,0.00,368.32,18.89,31.68
1000,0.83,414.31,18.89,30.13
2000,1.81,832.82,21.89,56.07
3000,1.20,1282.12,21.89,51.22
4000,2.98,1740.39,23.89,37.39
5000,0.00,2193.88,23.89,28.34
6000,0.00,2662.16,24.89,4.50
7000,0.00,3092.59,24.89,18.52
8000,-0.42,3549.26,24.89,6.30
9000,1.83,4031.98,24.89,-31.98
10000,0.00,4455.01,24.89,-10.56
