episode,epReward,cumReward,cumRegret,empRegret
10,0.07,2.30,3.78,2.14
20,0.80,11.51,5.78,-2.62
30,0.00,14.07,8.11,-0.74
40,0.72,25.42,9.67,-7.65
50,-4.55,27.76,11.67,-5.53
60,0.16,26.38,12.11,0.29
70,0.11,31.22,12.56,-0.11
80,1.54,35.43,12.56,0.13
90,-0.69,39.94,12.56,0.06
100,0.26,39.60,13.67,4.84
200,-0.80,85.72,16.00,3.17
300,0.40,123.44,18.67,9.89
400,-0.44,161.17,18.67,16.60
500,0.53,203.71,18.67,18.51
600,0.00,254.88,19.67,11.79
700,1.32,293.43,19.67,17.68
800,0.00,353.98,19.67,1.57
900,0.00,395.40,19.67,4.60
1000,0.88,438.39,19.67,6.05
2000,1.49,875.40,24.33,13.49
3000,2.32,1298.53,25.00,34.81
4000,0.60,1745.90,26.00,31.87
5000,1.22,2183.34,26.00,38.88
6000,2.21,2657.21,26.00,9.46
7000,0.52,3091.62,26.00,19.49
8000,0.60,3528.99,26.00,26.56
9000,0.88,3984.05,26.00,15.95
10000,1.21,4393.36,26.67,51.08
