episode,epReward,cumReward,cumRegret,empRegret
10,1.64,0.77,3.33,3.67
20,0.46,1.64,5.33,7.25
30,1.05,6.55,8.89,6.78
40,0.20,0.46,12.89,17.32
50,0.00,2.93,15.33,19.30
60,0.63,4.04,20.00,22.63
70,-1.08,0.92,23.44,30.19
80,1.82,3.17,26.11,32.39
90,0.92,2.72,27.22,37.28
100,-0.38,2.68,29.11,41.76
200,0.00,46.67,34.33,42.22
300,0.00,87.04,34.33,46.29
400,0.00,128.42,34.33,49.36
500,0.00,171.24,34.33,50.98
600,1.66,222.71,35.33,43.96
700,0.92,276.93,35.33,34.19
800,0.59,346.77,36.33,8.78
900,0.00,376.31,36.33,23.69
1000,0.00,429.75,36.33,14.69
2000,0.00,878.82,36.33,10.06
3000,1.47,1333.26,36.33,0.07
4000,1.46,1775.18,36.33,2.60
5000,-0.59,2231.08,36.33,-8.85
6000,2.00,2656.66,37.33,10.00
7000,0.46,3113.72,37.33,-2.61
8000,0.00,3579.52,37.33,-23.96
9000,0.37,4020.41,38.33,-20.41
10000,1.60,4458.02,38.33,-13.58
