episode,epReward,cumReward,cumRegret,empRegret
10,1.34,0.94,4.00,3.51
20,1.30,3.94,6.89,4.95
30,0.00,10.09,8.89,3.24
40,0.69,16.05,8.89,1.73
50,3.63,26.57,9.33,-4.34
60,-1.90,29.13,11.11,-2.46
70,0.00,35.49,12.44,-4.38
80,0.00,37.28,13.56,-1.72
90,0.57,37.82,13.56,2.18
100,0.69,38.79,14.44,5.65
200,0.00,77.30,15.78,11.59
300,-0.08,120.67,16.78,12.67
400,1.01,155.14,19.44,22.63
500,0.13,191.93,19.44,30.30
600,-1.17,258.01,21.44,8.66
700,1.18,310.65,21.44,0.46
800,1.25,349.32,21.44,6.23
900,-1.02,385.44,21.44,14.56
1000,0.00,416.22,21.44,28.22
2000,1.54,878.68,24.11,10.21
3000,0.00,1311.36,25.11,21.98
4000,2.12,1778.68,25.11,-0.90
5000,1.66,2235.61,27.44,-13.39
6000,0.00,2650.90,27.44,15.77
7000,0.00,3089.08,27.44,22.03
8000,1.76,3546.33,27.44,9.22
9000,-0.75,4068.48,27.44,-68.48
10000,0.17,4505.32,27.44,-60.87
