episode,epReward,cumReward,cumRegret,empRegret
10,-6.70,-52.30,16.71,22.89
20,-2.28,-82.74,19.00,23.92
30,0.87,-113.66,19.00,25.43
40,-1.09,-143.37,19.00,25.73
50,-1.73,-169.76,19.01,22.71
60,-5.06,-208.40,19.01,31.94
70,-3.21,-240.33,19.01,34.46
80,-2.58,-274.11,21.31,38.83
90,-4.22,-313.74,21.31,49.06
100,-1.71,-342.57,21.32,48.48
200,-6.22,-614.72,23.86,26.54
300,-6.22,-891.98,23.88,9.71
400,-3.42,-1161.94,23.90,-14.42
500,-2.10,-1476.16,23.93,5.70
600,-6.98,-1797.47,23.95,32.92
700,-1.26,-2072.31,23.98,13.67
800,-0.72,-2379.42,24.00,26.68
900,-0.79,-2664.79,24.02,17.96
1000,-0.88,-2983.69,24.05,42.77
2000,-5.30,-5865.45,24.30,-16.39
3000,-4.29,-8901.51,28.37,78.75
4000,-1.82,-11818.95,28.63,55.27
5000,0.22,-14727.34,28.91,22.74
6000,-4.45,-17641.79,31.67,-3.72
7000,-4.32,-20539.76,31.92,-46.68
8000,-0.90,-23517.85,32.16,-9.50
9000,-3.00,-26483.93,34.70,15.65
10000,-1.50,-29370.38,34.96,-38.82
