episode,epReward,cumReward,cumRegret,empRegret
10,0.00,0.66,2.67,3.78
20,0.00,6.78,4.33,2.11
30,0.00,8.07,7.00,5.26
40,0.00,13.05,9.00,4.73
50,0.00,16.68,10.00,5.54
60,1.65,22.04,10.00,4.63
70,0.00,27.93,10.00,3.18
80,0.00,35.87,10.00,-0.32
90,3.20,43.70,10.00,-3.70
100,0.00,48.08,10.00,-3.64
200,0.00,95.39,10.00,-6.50
300,-0.57,128.18,10.00,5.15
400,2.52,173.60,12.00,4.18
500,0.00,229.22,12.00,-7.00
600,0.00,273.26,12.00,-6.59
700,0.70,315.48,12.44,-4.37
800,0.00,362.89,14.44,-7.33
900,0.00,412.50,14.44,-12.50
1000,-0.60,450.87,14.44,-6.42
2000,0.00,926.08,15.44,-37.19
3000,0.00,1367.94,15.44,-34.61
4000,0.00,1811.94,16.11,-34.16
5000,2.78,2316.51,16.56,-94.29
6000,0.54,2734.26,16.56,-67.59
7000,1.69,3216.11,16.56,-105.00
8000,0.00,3639.78,16.56,-84.22
9000,-1.53,4076.87,16.56,-76.87
10000,0.00,4511.91,16.56,-67.46
