episode,epReward,cumReward,cumRegret,empRegret
10,4.23,22.16,5.52,6.22
20,0.76,41.27,7.34,15.48
30,-0.99,57.38,7.55,27.75
40,1.16,92.47,7.88,21.03
50,4.08,114.85,7.88,27.03
60,6.65,140.41,7.88,29.84
70,7.27,177.98,7.88,20.65
80,3.35,203.95,7.88,23.06
90,5.24,235.29,7.88,20.09
100,6.88,270.60,7.88,13.16
200,4.07,581.61,8.70,-14.09
300,-0.31,835.10,9.53,16.17
400,4.02,1112.76,9.53,22.28
500,3.32,1401.11,10.36,17.69
600,0.62,1674.72,10.56,27.84
700,4.48,1972.90,10.56,13.42
800,5.12,2318.80,10.77,-48.72
900,2.35,2579.81,10.77,-25.97
1000,-1.22,2856.72,10.77,-19.12
2000,1.99,5537.60,10.77,137.59
3000,2.82,8311.80,10.77,201.00
4000,1.13,11131.48,10.77,218.91
5000,1.36,13974.04,10.77,213.95
6000,2.49,16788.39,10.77,237.20
7000,2.53,19672.14,10.77,191.05
8000,3.89,22366.63,10.77,334.15
9000,2.22,25215.03,10.77,323.36
10000,-0.91,28145.38,10.77,230.60
