episode,epReward,cumReward,cumRegret,empRegret
10,4.92,27.96,1.19,-2.84
20,3.85,56.39,3.29,-6.16
30,1.85,74.84,3.29,0.51
40,7.27,105.65,4.64,-5.18
50,3.25,131.07,4.64,-5.49
60,0.91,154.29,4.64,-3.58
70,3.02,172.06,4.64,3.76
80,-0.21,195.62,4.64,5.32
90,2.53,221.26,4.64,4.79
100,1.91,244.26,4.64,6.91
200,4.76,505.36,7.31,-3.02
300,6.11,763.69,7.31,-10.17
400,2.16,988.09,8.50,16.60
500,1.86,1245.61,8.50,10.25
600,1.10,1465.21,9.69,41.83
700,0.49,1729.09,9.69,29.12
800,6.28,1992.01,9.69,17.37
900,4.80,2247.83,9.69,12.73
1000,1.78,2517.63,11.24,-5.90
2000,-0.77,5060.70,11.24,-37.24
3000,2.08,7703.35,13.99,-168.16
4000,2.79,10227.09,15.55,-180.17
5000,-0.56,12758.04,15.55,-199.39
6000,1.91,15267.76,15.55,-197.38
7000,3.45,17821.43,15.55,-239.32
8000,2.64,20303.75,15.55,-209.91
9000,2.17,22868.54,15.55,-262.97
10000,2.35,25374.00,15.55,-256.70
