episode,epReward,cumReward,cumRegret,empRegret
10,-2.36,-23.84,7.82,4.89
20,-4.65,-47.86,18.89,9.96
30,-4.37,-74.45,26.36,17.59
40,-2.50,-99.63,28.93,23.82
50,-3.64,-130.10,35.13,35.34
60,-2.14,-152.91,41.19,39.20
70,-3.01,-168.98,46.74,36.32
80,0.91,-194.26,48.65,42.64
90,-4.09,-223.33,54.34,52.76
100,1.16,-237.50,55.27,47.98
200,-0.35,-418.32,64.29,39.27
300,-5.60,-594.36,72.07,25.79
400,-5.17,-788.54,83.89,30.44
500,-3.21,-1007.07,94.46,59.45
600,-0.54,-1213.16,103.48,76.02
700,-2.75,-1412.09,113.75,85.42
800,-1.15,-1632.82,125.88,116.63
900,-1.22,-1851.97,135.52,146.26
1000,-6.33,-2059.41,144.54,164.17
2000,-1.58,-3993.80,241.90,203.33
3000,1.85,-5980.39,348.58,294.68
4000,-1.86,-7883.29,446.23,302.35
5000,0.49,-9804.37,550.42,328.19
6000,-0.25,-11853.05,659.60,481.64
7000,-7.12,-13829.61,759.44,562.96
8000,-0.74,-15912.28,863.64,750.39
9000,-1.84,-17930.99,964.73,873.86
10000,-1.36,-20103.48,1074.22,1151.12
