episode,epReward,cumReward,cumRegret,empRegret
10,-0.23,0.28,2.66,-1.62
20,-1.92,2.90,3.99,-5.58
30,4.72,2.68,4.65,-6.70
40,-2.75,-7.04,5.32,1.68
50,-2.67,-11.74,5.32,5.04
60,-1.85,-25.23,5.32,17.19
70,1.17,-13.18,5.99,3.80
80,2.99,-14.93,5.99,4.21
90,-2.30,-22.23,5.99,10.16
100,1.81,-15.96,5.99,2.55
200,-1.10,-59.07,7.71,32.26
300,2.01,-81.05,7.71,40.84
400,-1.92,-113.42,7.71,59.81
500,-1.06,-141.99,7.71,74.98
600,-0.96,-162.84,9.07,82.42
700,-4.94,-193.13,9.07,99.31
800,-0.93,-201.04,9.07,93.81
900,-0.15,-207.72,9.07,87.09
1000,-1.85,-236.81,9.07,102.78
2000,-2.59,-390.87,10.42,122.81
3000,-2.34,-542.66,10.42,140.57
4000,-0.86,-673.79,11.09,137.67
5000,-1.07,-863.44,11.76,193.29
6000,0.97,-1042.85,11.76,238.67
7000,-1.49,-1151.90,12.42,213.69
8000,1.33,-1240.34,12.42,168.11
9000,-2.17,-1320.31,12.42,114.04
10000,-0.64,-1436.33,13.09,96.04
