episode,epReward,cumReward,cumRegret,empRegret
10,3.96,6.03,5.39,7.76
20,4.32,18.42,6.42,9.16
30,2.00,24.24,6.42,17.13
40,2.46,31.42,6.42,23.74
50,0.28,47.12,6.42,21.83
60,-0.52,54.43,6.42,28.32
70,1.58,57.29,6.42,39.24
80,1.03,74.71,6.42,35.62
90,1.95,88.32,6.87,35.79
100,-1.45,96.72,9.75,41.19
200,2.47,280.71,9.75,-4.89
300,2.63,425.35,9.75,-11.62
400,2.78,572.81,10.67,-21.18
500,2.24,719.16,11.13,-29.61
600,2.59,845.85,11.13,-18.39
700,0.57,1020.43,11.13,-55.06
800,5.51,1154.05,11.13,-50.78
900,3.43,1303.02,11.13,-61.83
1000,3.20,1426.72,11.59,-47.62
2000,2.04,2816.55,12.50,-58.36
3000,0.23,4181.28,15.38,-43.99
4000,-1.28,5538.18,15.38,-21.80
5000,-0.70,6815.15,15.38,80.33
6000,1.12,8187.41,15.84,87.17
7000,1.13,9661.75,15.84,-8.08
8000,0.04,10995.13,15.84,37.64
9000,0.90,12333.69,15.84,78.17
10000,0.22,13709.35,15.84,81.62
