episode,epReward,cumReward,cumRegret,empRegret
10,-1.61,3.15,3.78,1.30
20,-0.96,-0.84,7.33,9.73
30,1.75,7.41,10.00,5.92
40,-2.10,12.00,10.67,5.77
50,2.02,16.93,11.33,5.29
60,0.74,21.73,12.33,4.93
70,-0.20,24.32,12.33,6.79
80,1.48,36.12,12.33,-0.56
90,1.31,40.57,12.33,-0.57
100,-1.67,42.79,12.33,1.66
200,0.57,96.28,13.67,-7.39
300,0.03,125.29,14.67,8.05
400,1.09,164.38,15.33,13.39
500,2.07,197.64,15.33,24.59
600,0.46,235.89,16.33,30.78
700,-1.51,267.57,16.33,43.54
800,1.91,321.61,17.33,33.95
900,1.29,367.75,18.00,32.25
1000,-0.43,391.60,18.00,52.84
2000,-1.46,856.80,18.67,32.09
3000,1.51,1280.39,18.67,52.94
4000,4.00,1762.67,18.67,15.11
5000,1.19,2189.03,20.33,33.19
6000,1.33,2645.04,20.33,21.63
7000,2.07,3133.25,21.00,-22.14
8000,-0.57,3546.76,21.00,8.79
9000,-0.98,3992.18,21.00,7.82
10000,1.57,4455.17,21.00,-10.72
