episode,epReward,cumReward,cumRegret,empRegret
10,0.49,19.94,6.39,4.53
20,2.58,33.13,10.74,15.80
30,1.03,48.74,13.39,24.66
40,1.81,72.68,15.76,25.19
50,0.77,101.18,17.79,21.16
60,1.10,133.33,20.13,13.48
70,3.38,147.38,21.57,23.89
80,-2.16,168.47,23.61,27.28
90,4.25,186.75,26.23,33.47
100,2.91,207.86,27.97,36.82
200,2.58,402.70,44.99,86.66
300,4.19,632.71,49.85,101.34
400,5.19,886.48,49.85,92.25
500,-1.36,1137.26,49.85,86.14
600,3.33,1348.51,49.85,119.58
700,-2.07,1563.25,49.85,149.52
800,3.38,1817.91,49.85,139.54
900,1.92,2074.86,49.85,127.27
1000,4.25,2322.45,49.85,124.36
2000,-1.07,4720.90,50.16,172.72
3000,1.87,7162.06,50.46,178.36
4000,2.91,9596.93,50.46,190.30
5000,4.69,12047.66,50.46,186.38
6000,2.96,14388.99,50.46,291.86
7000,3.40,16877.45,50.46,250.21
8000,4.75,19359.97,50.76,214.50
9000,2.70,21835.17,50.76,186.10
10000,0.87,24326.12,50.76,141.96
