episode,epReward,cumReward,cumRegret,empRegret
10,0.00,6.51,3.67,-2.07
20,-1.21,9.19,8.33,-0.30
30,1.94,11.79,12.78,1.54
40,-0.11,12.22,17.22,5.55
50,0.27,15.02,21.89,7.21
60,-1.00,15.00,26.78,11.67
70,-1.74,14.42,30.33,16.70
80,-2.34,12.22,33.44,23.33
90,-0.11,8.61,38.00,31.39
100,1.21,16.15,42.44,28.30
200,-0.26,27.60,83.78,61.29
300,-0.19,29.04,128.78,104.29
400,-1.45,52.77,173.22,125.01
500,-0.90,68.48,216.78,153.75
600,1.83,112.81,261.22,153.86
700,3.04,136.22,305.67,174.90
800,-0.90,117.17,350.67,238.38
900,0.16,99.50,395.11,300.50
1000,-0.37,75.21,439.11,369.24
2000,0.25,25.86,884.11,863.02
3000,-0.99,16.08,1328.56,1317.26
4000,1.66,154.68,1773.00,1623.09
5000,1.87,151.81,2217.44,2070.41
6000,1.07,190.17,2661.89,2476.50
7000,1.65,186.73,3106.33,2924.38
8000,-1.24,130.64,3550.78,3424.92
9000,0.02,165.88,3995.22,3834.12
10000,1.84,235.41,4439.67,4209.04
