episode,epReward,cumReward,cumRegret,empRegret
10,0.00,-1.91,4.22,6.35
20,0.51,3.75,5.89,5.14
30,0.00,7.09,5.89,6.25
40,0.00,12.62,5.89,5.16
50,0.00,12.62,8.22,9.60
60,0.00,15.87,8.22,10.80
70,0.70,20.72,8.22,10.39
80,0.43,29.30,8.22,6.25
90,0.00,31.15,8.22,8.85
100,0.00,31.87,8.22,12.58
200,0.00,88.87,10.33,0.02
300,0.39,129.18,12.67,4.15
400,2.03,164.26,13.67,13.52
500,0.39,210.94,14.33,11.28
600,0.00,244.94,14.78,21.73
700,0.84,292.40,14.78,18.71
800,0.66,320.96,14.78,34.59
900,1.88,367.07,14.78,32.93
1000,0.46,413.52,14.78,30.93
2000,0.00,830.80,15.22,58.09
3000,1.60,1309.23,15.22,24.11
4000,0.00,1768.36,15.22,9.41
5000,2.29,2230.66,15.22,-8.43
6000,0.00,2653.37,15.22,13.29
7000,0.00,3107.80,15.67,3.31
8000,0.00,3552.02,15.67,3.53
9000,0.00,4018.97,15.67,-18.97
10000,0.00,4457.44,15.67,-13.00
