episode,epReward,cumReward,cumRegret,empRegret
10,4.60,12.84,31.24,30.49
20,5.36,52.65,31.24,34.01
30,5.37,101.88,31.24,28.11
40,4.60,141.35,31.24,31.98
50,5.74,194.74,31.24,21.91
60,2.48,234.48,31.24,25.51
70,1.20,260.80,31.24,42.52
80,5.23,302.67,31.24,43.98
90,5.70,341.41,31.24,48.57
100,5.33,387.38,31.24,45.93
200,5.64,858.67,31.24,7.94
300,2.14,1288.32,31.24,11.60
400,7.30,1716.13,31.24,17.09
500,2.13,2153.33,35.60,13.20
600,5.64,2612.24,35.60,-12.41
700,2.91,3056.63,35.60,-23.50
800,4.49,3482.21,35.60,-15.77
900,4.50,3923.51,35.60,-23.77
1000,5.84,4349.19,35.60,-16.14
2000,2.32,8681.16,39.60,-15.06
3000,2.95,13131.41,39.60,-132.26
4000,3.09,17472.97,42.90,-140.77
5000,8.33,21820.61,42.90,-155.36
6000,4.52,26126.38,42.90,-128.09
7000,2.15,30447.99,42.90,-116.65
8000,8.99,34738.74,42.90,-74.35
9000,7.51,39012.48,42.90,-15.05
10000,5.04,43340.18,42.90,-9.69
