episode,epReward,cumReward,cumRegret,empRegret
10,6.62,56.14,0.00,-11.23
20,3.05,91.85,4.95,-2.03
30,3.76,140.35,4.95,-5.63
40,4.26,176.19,9.80,3.44
50,4.95,212.88,14.45,11.66
60,4.70,259.75,14.45,9.69
70,7.18,303.59,14.45,10.76
80,4.43,342.68,14.45,16.58
90,7.00,385.78,14.45,18.38
100,3.69,430.24,14.45,18.83
200,1.50,846.03,17.82,52.12
300,2.49,1286.43,17.82,60.79
400,5.75,1726.24,21.19,70.06
500,1.58,2195.78,21.19,49.58
600,0.68,2632.50,21.19,61.93
700,8.56,3115.47,21.19,28.04
800,3.13,3562.60,21.19,29.98
900,3.58,4033.69,21.19,7.96
1000,3.91,4477.96,21.19,12.77
2000,5.38,8997.90,21.19,-16.44
3000,5.09,13409.45,21.19,62.73
4000,4.02,17874.25,24.56,88.66
5000,5.14,22416.51,24.56,37.13
6000,4.94,26949.02,24.56,-4.65
7000,2.52,31455.17,24.56,-20.07
8000,7.00,36035.29,24.56,-109.46
9000,3.37,40608.10,24.56,-191.54
10000,4.91,44975.80,24.56,-68.52
