episode,epReward,cumReward,cumRegret,empRegret
10,-1.86,0.03,3.33,4.42
20,-2.15,-1.62,7.78,10.51
30,-0.86,-2.10,12.22,15.44
40,1.08,4.55,16.22,13.23
50,1.75,4.18,20.67,18.05
60,-1.67,8.59,25.11,18.08
70,3.31,16.36,29.56,14.75
80,0.69,16.83,33.78,18.73
90,0.51,17.21,38.22,22.79
100,-1.02,12.69,43.22,31.75
200,0.86,-21.84,87.22,110.73
300,-1.87,-41.83,128.67,175.16
400,1.34,-34.29,172.33,212.07
500,0.91,-30.98,216.89,253.20
600,0.34,-61.18,260.89,327.85
700,-0.85,-84.34,304.89,395.45
800,0.73,-104.34,348.89,459.89
900,1.05,-76.29,393.33,476.29
1000,1.39,-52.61,437.78,497.05
2000,-0.68,-100.15,882.11,989.04
3000,-0.62,-137.37,1326.56,1470.70
4000,2.23,-116.27,1771.00,1894.05
5000,-1.80,-238.79,2215.44,2461.02
6000,-0.04,-257.76,2659.89,2924.43
7000,-1.04,-260.56,3104.33,3371.67
8000,-0.32,-243.07,3548.78,3798.63
9000,2.24,-312.80,3993.22,4312.80
10000,0.43,-279.30,4437.67,4723.74
