episode,epReward,cumReward,cumRegret,empRegret
10,0.00,0.65,2.22,3.79
20,0.00,4.31,2.89,4.58
30,2.56,7.05,5.56,6.28
40,0.00,9.21,6.89,8.57
50,0.00,12.29,7.56,9.93
60,-1.61,11.95,7.56,14.71
70,1.11,16.94,7.56,14.17
80,0.00,19.72,8.56,15.84
90,0.82,23.44,9.56,16.56
100,0.00,33.30,9.56,11.14
200,0.40,53.89,12.56,35.00
300,1.72,92.67,13.56,40.66
400,0.00,129.22,13.56,48.56
500,0.00,173.89,13.56,48.33
600,0.00,216.30,13.56,50.37
700,0.51,256.42,13.56,54.69
800,1.13,320.68,13.56,34.88
900,-0.24,363.86,13.56,36.14
1000,0.00,421.44,13.56,23.01
2000,0.00,833.99,14.56,54.90
3000,0.00,1277.25,14.56,56.09
4000,0.00,1694.36,15.00,83.41
5000,0.00,2158.14,15.67,64.08
6000,0.44,2580.93,16.11,85.74
7000,0.00,2981.09,16.11,130.02
8000,0.00,3439.36,16.11,116.20
9000,0.00,3878.48,16.11,121.52
10000,0.00,4359.15,16.78,85.30
