episode,epReward,cumReward,cumRegret,empRegret
10,0.00,-0.81,2.00,5.26
20,0.00,3.71,2.67,5.18
30,0.00,6.84,3.33,6.49
40,0.00,7.74,4.67,10.04
50,0.00,13.37,5.67,8.85
60,0.68,21.83,7.00,4.84
70,0.00,24.93,8.67,6.18
80,0.00,30.22,8.67,5.34
90,0.19,36.32,8.67,3.68
100,0.00,41.60,8.67,2.84
200,0.00,72.38,10.11,16.51
300,0.00,126.92,10.11,6.41
400,0.00,173.29,10.11,4.49
500,0.00,225.64,10.11,-3.41
600,0.00,271.60,10.11,-4.93
700,1.74,318.11,10.11,-7.00
800,0.00,366.00,11.11,-10.44
900,0.99,410.87,11.11,-10.87
1000,0.09,458.75,11.11,-14.31
2000,2.00,965.07,12.11,-76.19
3000,0.23,1401.52,13.78,-68.19
4000,0.00,1824.86,13.78,-47.08
5000,-0.01,2293.01,13.78,-70.79
6000,0.10,2733.62,13.78,-66.95
7000,1.79,3166.30,13.78,-55.19
8000,0.00,3662.04,14.44,-106.49
9000,0.02,4049.45,14.44,-49.45
10000,0.00,4494.86,15.44,-50.41
