episode,epReward,cumReward,cumRegret,empRegret
10,2.07,4.96,3.56,-0.52
20,0.67,8.69,8.22,0.20
30,0.89,15.52,13.11,-2.19
40,-1.10,20.65,14.44,-2.88
50,0.58,28.71,15.78,-6.49
60,0.19,39.48,17.11,-12.81
70,0.00,48.75,18.44,-17.64
80,-2.82,49.24,20.67,-13.68
90,1.69,46.61,23.56,-6.61
100,-0.21,47.87,24.00,-3.42
200,1.39,74.57,32.11,14.31
300,2.51,125.84,33.56,7.49
400,0.23,158.68,35.56,19.10
500,-0.88,202.64,35.56,19.58
600,2.32,249.12,36.22,17.55
700,-0.13,277.30,37.89,33.81
800,-0.82,312.26,38.56,43.30
900,2.33,342.10,38.56,57.90
1000,1.75,387.87,38.56,56.58
2000,0.40,809.07,38.56,79.82
3000,-0.03,1172.13,38.56,161.20
4000,0.27,1652.64,38.56,125.14
5000,0.99,2130.68,38.56,91.54
6000,0.58,2536.05,38.56,130.62
7000,2.21,2944.40,38.56,166.71
8000,-0.21,3379.43,39.89,176.13
9000,-0.96,3828.41,40.56,171.59
10000,0.01,4280.31,40.56,164.13
