episode,epReward,cumReward,cumRegret,empRegret
10,5.61,15.20,12.48,-2.94
20,-1.62,15.39,14.54,9.13
30,-0.75,24.37,19.68,12.40
40,-1.93,35.46,21.05,13.58
50,-0.07,46.75,21.05,14.54
60,-0.66,50.49,22.53,23.06
70,2.36,60.97,23.22,24.84
80,-1.37,65.76,25.46,32.31
90,0.12,75.88,25.46,34.45
100,1.80,89.48,25.46,33.12
200,4.69,205.42,28.42,39.76
300,1.51,324.56,28.42,43.22
400,1.06,456.32,30.66,34.05
500,-0.58,561.43,32.90,51.53
600,0.70,706.19,32.90,29.37
700,0.83,823.58,32.90,34.57
800,1.10,950.35,32.90,30.38
900,1.24,1084.20,32.90,19.13
1000,-0.31,1236.47,32.90,-10.55
2000,1.77,2400.64,35.86,51.20
3000,2.83,3528.77,37.34,148.99
4000,1.30,4796.21,37.34,107.47
5000,-1.42,5925.10,39.58,204.49
6000,0.97,7198.95,41.06,156.56
7000,3.07,8356.56,42.55,224.87
8000,0.48,9705.43,42.55,101.93
9000,-0.39,10838.01,42.55,195.26
10000,0.53,12084.31,42.55,174.89
