episode,epReward,cumReward,cumRegret,empRegret
10,-4.03,-34.57,17.61,21.79
20,3.59,-42.46,19.13,16.90
30,0.60,-58.02,19.13,19.69
40,0.33,-70.95,19.13,19.83
50,-2.04,-84.64,19.88,20.75
60,-2.45,-105.58,19.88,28.91
70,-2.43,-131.22,19.88,41.77
80,-2.73,-148.23,19.88,46.00
90,-0.06,-164.29,19.88,49.28
100,-1.49,-178.84,19.88,51.06
200,1.44,-288.84,23.62,33.28
300,0.61,-457.52,23.62,74.18
400,-1.26,-596.78,23.62,85.65
500,0.09,-744.14,23.62,105.22
600,-0.93,-827.06,23.62,60.36
700,-3.17,-963.63,23.62,69.15
800,-2.70,-1085.81,25.59,63.55
900,2.31,-1171.99,25.59,21.95
1000,-3.05,-1285.82,25.59,8.00
2000,-1.34,-2548.91,29.34,-6.74
3000,2.51,-3737.25,31.31,-96.22
4000,-3.11,-4996.02,34.84,-115.28
5000,1.05,-6254.14,34.84,-134.98
6000,-1.72,-7520.78,36.61,-146.17
7000,-0.34,-8856.61,36.61,-88.16
8000,-2.01,-10063.30,36.61,-159.30
9000,-4.52,-11231.04,36.61,-269.38
10000,-0.48,-12487.06,36.61,-291.19
