episode,epReward,cumReward,cumRegret,empRegret
10,3.86,1.94,3.11,2.51
20,-2.96,-5.56,7.56,14.45
30,0.89,-3.49,11.44,16.82
40,0.91,5.34,13.67,12.44
50,1.86,7.94,14.56,14.28
60,0.27,13.98,16.78,12.69
70,0.22,21.77,17.78,9.34
80,0.07,24.36,18.22,11.19
90,0.82,26.59,19.56,13.41
100,0.00,23.94,21.00,20.50
200,0.70,52.31,24.67,36.58
300,2.14,77.74,26.67,55.59
400,0.85,121.17,27.33,56.61
500,0.01,177.20,27.33,45.02
600,1.30,235.14,27.33,31.53
700,1.96,287.09,27.33,24.02
800,-0.75,344.51,27.33,11.05
900,1.21,376.77,27.33,23.23
1000,-0.54,425.29,27.33,19.16
2000,-0.51,848.76,27.33,40.13
3000,1.58,1300.81,28.00,32.53
4000,-0.44,1724.78,28.00,53.00
5000,0.30,2162.81,28.67,59.42
6000,0.69,2577.94,29.33,88.72
7000,1.32,2990.51,29.33,120.60
8000,0.75,3367.62,30.00,187.94
9000,0.41,3820.02,30.00,179.98
10000,0.61,4284.26,30.00,160.19
