episode,epReward,cumReward,cumRegret,empRegret
10,1.84,30.22,3.82,0.73
20,3.77,54.55,6.01,7.35
30,2.30,85.86,8.01,6.99
40,1.02,114.21,8.61,9.59
50,3.85,141.87,10.61,12.88
60,3.27,175.29,12.61,10.41
70,3.96,212.72,14.51,3.93
80,1.13,241.12,15.41,6.48
90,0.62,272.21,16.40,6.34
100,4.31,301.67,18.41,7.83
200,5.15,621.88,29.25,-2.88
300,0.92,908.53,39.20,19.97
400,3.33,1195.81,49.04,42.18
500,1.31,1483.56,58.88,63.93
600,2.52,1772.85,70.83,84.13
700,3.63,2068.27,81.65,98.21
800,6.46,2373.01,91.49,102.97
900,1.21,2682.68,101.43,102.80
1000,3.99,2986.63,111.37,108.35
2000,1.22,5979.33,213.43,210.62
3000,2.21,8969.75,312.43,315.17
4000,0.50,11964.78,412.85,415.11
5000,7.06,14940.83,512.25,534.05
6000,3.66,18021.94,611.79,547.91
7000,2.54,21128.01,712.95,536.81
8000,2.31,24070.86,812.35,688.93
9000,1.53,27116.87,911.75,737.90
10000,4.74,30068.54,1012.07,881.20
