episode,epReward,cumReward,cumRegret,empRegret
10,1.19,20.07,11.52,1.83
20,-0.05,39.69,11.95,4.12
30,0.75,67.48,11.95,-1.78
40,4.12,88.47,11.95,-0.86
50,1.41,104.22,11.95,5.29
60,-2.38,123.69,11.95,7.73
70,5.67,139.36,11.95,13.96
80,-0.96,157.35,11.95,17.87
90,3.72,177.32,11.95,19.80
100,2.70,201.96,11.95,17.07
200,2.87,409.60,11.95,28.45
300,2.18,623.73,11.95,33.35
400,-1.48,853.52,11.95,22.59
500,3.99,1059.28,11.95,35.86
600,1.90,1256.38,11.95,57.78
700,2.11,1448.58,11.95,84.61
800,3.90,1677.80,11.95,74.41
900,3.48,1902.54,11.95,68.70
1000,3.47,2115.49,11.95,74.78
2000,3.18,4384.41,17.19,-3.88
3000,2.35,6475.66,17.19,95.15
4000,2.11,8682.70,21.39,78.37
5000,2.29,10909.78,21.39,41.57
6000,0.11,13079.49,21.39,62.12
7000,5.05,15275.08,21.39,56.81
8000,5.12,17420.74,21.39,101.41
9000,2.93,19635.00,21.39,77.43
10000,2.80,21828.59,21.39,74.11
