episode,epReward,cumReward,cumRegret,empRegret
10,3.92,4.21,9.26,13.07
20,1.45,21.10,9.60,13.47
30,-1.09,35.94,10.27,15.91
40,0.61,52.05,13.62,17.09
50,-0.06,67.42,16.29,19.00
60,1.06,79.06,17.63,24.65
70,2.88,94.51,18.30,26.48
80,2.99,106.89,20.94,31.39
90,3.54,130.10,20.94,25.46
100,1.53,151.63,23.57,21.21
200,0.51,315.83,23.57,29.85
300,0.99,461.87,23.57,56.66
400,0.69,644.61,26.20,46.76
500,2.10,797.26,26.20,66.95
600,0.44,966.10,26.20,70.95
700,3.61,1133.00,26.55,76.90
800,2.29,1322.75,26.55,59.98
900,-3.03,1493.17,26.55,62.40
1000,2.81,1657.60,26.55,70.82
2000,3.07,3446.90,26.55,9.94
3000,3.69,5177.29,26.55,7.98
4000,2.52,6929.29,26.89,-15.61
5000,4.21,8600.91,26.89,41.20
6000,3.38,10318.06,27.74,52.47
7000,0.87,12023.89,27.74,75.05
8000,3.54,13696.66,27.74,130.71
9000,1.17,15398.92,27.74,156.87
10000,0.48,17059.18,27.74,225.03
