episode,epReward,cumReward,cumRegret,empRegret
10,0.00,-1.99,2.00,6.44
20,0.00,5.86,3.33,3.03
30,0.00,9.71,4.00,3.62
40,0.51,10.42,5.00,7.36
50,0.00,16.48,5.00,5.75
60,-0.12,19.13,5.00,7.54
70,0.73,19.86,6.00,11.25
80,0.00,21.52,6.00,14.03
90,0.00,23.87,6.00,16.13
100,0.00,25.94,6.00,18.51
200,1.12,60.01,8.78,28.88
300,0.00,110.77,8.78,22.56
400,0.00,132.15,8.78,45.63
500,0.70,176.75,8.78,45.47
600,0.00,231.17,8.78,35.49
700,0.00,285.83,8.78,25.28
800,0.75,339.11,8.78,16.45
900,0.00,367.13,10.56,32.87
1000,2.32,402.96,11.00,41.49
2000,1.24,828.52,13.67,60.37
3000,1.41,1306.28,14.33,27.06
4000,0.00,1736.61,15.33,41.17
5000,0.00,2144.53,15.33,77.69
6000,2.10,2616.46,15.33,50.20
7000,0.00,3120.70,15.33,-9.59
8000,2.26,3528.94,15.33,26.61
9000,1.62,4018.50,15.33,-18.50
10000,0.00,4462.90,15.33,-18.45
