episode,epReward,cumReward,cumRegret,empRegret
10,0.08,4.26,4.89,0.18
20,0.46,5.18,7.56,3.71
30,-1.37,4.86,11.11,8.48
40,2.70,3.49,14.67,14.29
50,-0.94,-4.91,17.89,27.13
60,-0.08,-5.28,21.22,31.95
70,-0.22,-3.76,23.44,34.87
80,-1.14,4.02,26.56,31.54
90,-1.59,6.89,29.89,33.11
100,2.53,5.00,32.56,39.44
200,0.11,33.90,42.67,54.99
300,0.87,74.78,42.67,58.55
400,0.64,107.84,45.33,69.94
500,-3.12,166.75,46.00,55.47
600,-2.09,208.72,46.00,57.94
700,1.47,261.08,46.00,50.03
800,-0.67,309.24,46.00,46.32
900,2.03,377.09,47.00,22.91
1000,-0.65,399.19,47.00,45.25
2000,0.29,830.48,48.67,58.41
3000,1.09,1247.58,50.00,85.75
4000,3.29,1651.79,51.33,125.99
5000,1.37,2054.92,51.33,167.30
6000,-1.36,2485.16,51.33,181.50
7000,2.07,2971.40,51.33,139.71
8000,-0.98,3450.51,51.33,105.04
9000,-0.33,3881.95,51.33,118.05
10000,-0.61,4389.80,51.33,54.65
