episode,epReward,cumReward,cumRegret,empRegret
10,-1.81,11.68,12.26,12.01
20,-3.26,23.92,28.82,23.46
30,1.04,27.48,43.77,43.59
40,1.34,39.27,60.74,55.50
50,-1.32,41.43,76.70,77.03
60,2.15,58.65,93.66,83.50
70,0.33,59.81,110.63,106.03
80,4.03,67.78,127.59,121.75
90,-2.31,74.36,144.56,138.87
100,0.90,78.88,161.52,158.04
200,-1.35,161.79,325.56,312.04
300,0.44,234.36,496.76,476.38
400,2.61,330.14,666.41,617.52
500,-0.27,393.78,836.06,790.79
600,1.98,484.61,1005.71,936.88
700,0.55,527.65,1175.36,1130.76
800,1.02,580.62,1345.01,1314.70
900,0.19,646.79,1514.66,1485.45
1000,0.43,723.08,1684.31,1646.07
2000,2.93,1438.74,3380.36,3299.56
3000,1.14,2049.14,5076.48,5058.31
4000,-0.60,2733.03,6772.54,6743.57
5000,-0.53,3372.93,8470.59,8472.83
6000,-1.21,3894.76,10167.08,10320.14
7000,1.53,4603.84,11863.58,11980.22
8000,3.56,5344.53,13560.08,13608.68
9000,-1.48,6024.36,15256.57,15298.00
10000,1.49,6638.26,16952.06,17053.25
