episode,epReward,cumReward,cumRegret,empRegret
10,0.00,1.33,6.22,3.11
20,-1.19,-2.08,9.33,10.97
30,-2.19,8.78,13.56,4.55
40,3.02,12.81,18.00,4.96
50,-0.02,14.64,22.44,7.58
60,0.81,7.43,27.11,19.24
70,4.14,10.64,31.78,20.47
80,3.04,16.75,36.22,18.81
90,-0.68,20.96,41.22,19.04
100,-3.48,27.55,45.67,16.89
200,1.48,17.42,89.67,71.47
300,-0.88,49.11,134.33,84.23
400,2.49,57.48,177.44,120.30
500,1.59,55.03,221.44,167.20
600,-1.61,26.84,265.44,239.82
700,-1.36,33.39,308.67,277.72
800,-0.63,34.23,352.22,321.32
900,0.99,57.04,396.22,342.96
1000,0.90,64.65,440.67,379.79
2000,1.23,81.50,884.89,807.39
3000,0.56,122.46,1329.33,1210.88
4000,1.11,120.10,1773.78,1657.68
5000,0.10,65.95,2218.22,2156.28
6000,2.32,17.74,2662.67,2648.92
7000,-1.49,51.72,3107.11,3059.39
8000,-0.37,-32.35,3551.56,3587.91
9000,1.00,-21.04,3996.00,4021.04
10000,-3.22,52.69,4440.44,4391.76
