episode,epReward,cumReward,cumRegret,empRegret
10,2.23,11.15,3.46,1.16
20,3.06,22.82,5.71,1.80
30,-0.46,39.18,7.96,-2.25
40,4.39,54.01,8.39,-4.77
50,5.74,60.42,8.82,1.13
60,-0.49,67.18,8.82,6.68
70,2.61,79.78,8.82,6.39
80,-3.36,87.05,8.82,11.43
90,1.17,98.45,10.79,12.34
100,1.19,100.74,10.79,22.36
200,3.82,211.69,13.04,34.51
300,2.50,334.89,13.04,34.42
400,0.89,476.57,14.42,15.84
500,2.71,600.26,14.42,15.24
600,0.61,718.45,14.42,20.15
700,2.52,824.30,14.42,37.41
800,1.74,935.47,15.96,49.33
900,-0.96,1078.61,15.96,29.30
1000,0.92,1209.31,15.96,21.70
2000,1.42,2315.63,24.23,146.39
3000,2.31,3594.34,24.23,98.69
4000,0.08,4747.54,24.23,176.50
5000,0.88,5932.39,24.23,222.66
6000,2.80,7216.86,24.23,169.20
7000,-0.14,8414.03,24.23,203.04
8000,1.72,9694.56,24.23,153.52
9000,1.69,10947.64,24.23,131.45
10000,1.72,12143.14,24.23,166.96
