episode,epReward,cumReward,cumRegret,empRegret
10,-1.06,1.66,8.54,10.01
20,3.65,5.45,12.59,17.88
30,-1.05,17.20,16.22,17.81
40,1.46,27.34,16.22,19.33
50,4.64,55.67,16.22,2.67
60,-1.55,65.75,17.57,4.26
70,2.50,81.51,17.57,0.16
80,-0.65,96.45,18.92,-3.11
90,0.99,108.47,18.92,-3.46
100,3.40,129.02,18.92,-12.35
200,-0.48,221.26,21.20,12.09
300,3.85,322.42,23.57,27.60
400,-2.07,432.82,23.57,33.88
500,0.11,539.44,25.85,43.93
600,1.71,679.82,25.85,20.22
700,1.87,798.78,25.85,17.94
800,1.37,926.70,25.85,6.70
900,1.19,1079.71,25.85,-29.64
1000,4.53,1186.19,25.85,-19.45
2000,0.57,2348.07,25.85,-14.58
3000,0.01,3512.60,28.13,-12.37
4000,2.35,4683.51,30.41,-16.53
5000,1.07,5952.17,30.41,-118.45
6000,5.13,7179.01,30.41,-178.55
7000,2.41,8286.33,30.41,-119.12
8000,1.75,9450.26,30.41,-116.31
9000,2.79,10629.60,30.41,-128.91
10000,-1.41,11892.37,30.41,-224.94
