episode,epReward,cumReward,cumRegret,empRegret
10,-3.18,-4.43,6.77,11.70
20,-0.96,0.92,14.25,13.64
30,1.79,3.86,20.65,17.97
40,1.42,12.77,24.56,16.34
50,-2.49,6.10,28.47,30.29
60,-0.31,10.00,33.06,33.67
70,0.76,11.60,36.97,39.34
80,1.37,21.87,40.87,36.35
90,0.75,28.78,44.79,36.72
100,-1.67,30.54,48.89,42.24
200,-0.13,45.52,93.11,100.03
300,1.47,59.29,133.66,159.04
400,-0.19,88.58,174.48,202.52
500,-1.10,112.14,218.15,251.74
600,-0.82,147.08,261.89,289.59
700,5.16,186.92,302.11,322.52
800,-1.62,222.42,341.94,359.80
900,0.72,236.27,382.16,418.72
1000,-1.71,270.00,423.55,457.77
2000,1.24,616.29,828.48,839.25
3000,1.50,940.08,1230.68,1243.23
4000,0.80,1221.40,1643.05,1689.68
5000,-0.39,1446.34,2053.85,2192.51
6000,2.93,1838.06,2461.92,2528.56
7000,-1.92,2167.27,2863.72,2927.13
8000,-1.15,2438.89,3271.00,3383.28
9000,-0.39,2661.19,3687.68,3888.74
10000,-0.79,2842.88,4096.53,4434.82
