episode,epReward,cumReward,cumRegret,empRegret
10,-1.95,-17.56,10.63,5.77
20,1.07,-34.40,12.69,10.82
30,-1.24,-45.92,14.74,10.56
40,-1.29,-55.38,14.74,8.22
50,-0.67,-63.23,14.74,4.29
60,-0.09,-75.06,14.74,4.33
70,-1.73,-86.34,14.74,3.83
80,-3.86,-103.72,14.74,9.41
90,-1.60,-121.02,16.79,14.93
100,-2.80,-133.68,18.84,15.80
200,-1.19,-273.81,21.08,38.04
300,-0.42,-372.79,27.42,19.14
400,-2.19,-458.34,35.00,-13.20
500,0.45,-592.14,35.00,2.72
600,-2.10,-695.42,35.00,-11.88
700,-2.27,-821.15,35.00,-4.04
800,0.17,-942.39,37.05,-0.68
900,-0.74,-1078.92,37.05,17.97
1000,-0.42,-1170.17,37.05,-8.66
2000,-2.89,-2410.97,39.29,53.31
3000,0.48,-3527.91,39.29,-8.59
4000,-3.93,-4658.35,42.39,-56.99
5000,-0.07,-5836.97,42.39,-57.19
6000,0.71,-7007.52,44.45,-65.48
7000,0.91,-8172.41,46.50,-79.43
8000,0.29,-9418.31,49.60,-12.35
9000,-1.94,-10607.08,49.60,-2.43
10000,2.52,-11798.13,49.60,9.80
