episode,epReward,cumReward,cumRegret,empRegret
10,-0.46,4.56,2.89,-0.11
20,0.43,10.56,4.22,-1.67
30,3.41,9.51,7.89,3.82
40,0.40,9.82,8.33,7.96
50,0.91,15.61,10.33,6.62
60,1.84,28.63,11.89,-1.96
70,2.16,31.31,14.11,-0.20
80,2.06,31.02,15.44,4.54
90,0.10,31.68,17.22,8.32
100,-1.57,36.03,18.11,8.42
200,2.35,99.57,21.78,-10.68
300,0.20,148.10,22.44,-14.77
400,-0.48,195.71,23.11,-17.93
500,0.96,230.04,24.11,-7.82
600,0.49,287.33,24.11,-20.66
700,-0.92,315.49,24.78,-4.38
800,0.14,375.67,24.78,-20.11
900,0.06,437.15,25.78,-37.15
1000,2.39,487.13,25.78,-42.68
2000,-0.29,929.30,28.11,-40.41
3000,0.41,1398.66,28.11,-65.32
4000,1.02,1825.90,28.11,-48.12
5000,-1.48,2227.59,28.11,-5.37
6000,1.19,2655.78,29.11,10.89
7000,-0.75,3086.96,29.11,24.15
8000,-0.12,3514.08,29.11,41.47
9000,1.80,3959.30,30.11,40.70
10000,-0.35,4501.78,30.11,-57.34
