episode,epReward,cumReward,cumRegret,empRegret
10,2.51,0.22,15.86,15.30
20,0.61,15.22,15.86,15.82
30,4.29,27.82,17.87,18.74
40,-0.41,38.22,17.87,23.85
50,-0.49,45.62,17.87,31.98
60,1.17,68.61,17.87,24.51
70,0.41,81.29,17.87,27.35
80,1.00,92.23,17.87,31.92
90,1.76,105.59,17.87,34.08
100,1.12,118.92,17.87,36.27
200,4.35,264.73,21.94,45.65
300,-2.92,412.04,25.96,53.52
400,0.52,579.20,25.96,41.55
500,1.72,727.17,25.96,48.77
600,0.09,878.71,27.97,52.42
700,1.19,1035.24,30.06,51.07
800,3.63,1214.27,32.07,27.23
900,5.27,1406.48,34.08,-9.79
1000,2.58,1553.18,34.08,-1.30
2000,3.73,3118.15,34.08,-14.40
3000,2.29,4605.34,38.10,50.29
4000,5.43,6124.51,38.10,83.00
5000,1.98,7629.18,40.11,130.21
6000,4.06,9209.28,40.11,101.99
7000,1.82,10710.48,40.11,152.66
8000,1.73,12214.23,40.11,200.79
9000,5.62,13641.18,40.11,325.72
10000,2.54,15201.54,40.11,317.24
