episode,epReward,cumReward,cumRegret,empRegret
10,0.00,-4.17,2.56,8.62
20,1.37,0.69,4.89,8.20
30,2.81,5.75,6.89,7.58
40,0.92,10.77,7.56,7.01
50,0.00,14.14,8.00,8.08
60,0.00,19.73,8.00,6.93
70,0.00,24.75,8.00,6.36
80,0.00,24.65,9.00,10.90
90,0.00,29.91,9.67,10.09
100,1.14,36.05,10.33,8.39
200,0.00,71.69,11.33,17.20
300,1.91,120.73,13.33,12.60
400,2.03,161.09,13.33,16.69
500,2.45,215.44,14.67,6.78
600,0.00,252.20,14.67,14.47
700,-0.55,298.08,14.67,13.03
800,0.00,324.88,14.67,30.68
900,0.00,376.95,14.67,23.05
1000,0.00,418.16,14.67,26.29
2000,0.00,821.88,16.00,67.01
3000,0.00,1282.22,16.00,51.12
4000,0.00,1710.58,16.67,67.20
5000,0.00,2189.46,16.67,32.76
6000,2.27,2644.96,16.67,21.70
7000,0.00,3051.57,16.67,59.54
8000,0.00,3461.49,16.67,94.06
9000,0.81,3861.21,16.67,138.79
10000,0.77,4326.82,17.33,117.63
