episode,epReward,cumReward,cumRegret,empRegret
10,-0.05,-0.64,5.11,5.09
20,-1.18,-3.58,6.89,12.46
30,-0.42,-2.41,11.00,15.75
40,0.15,0.31,15.00,17.47
50,1.19,3.73,19.00,18.49
60,-0.04,-1.52,21.67,28.19
70,-0.92,-2.30,24.33,33.41
80,0.09,-0.14,27.56,35.69
90,-1.58,2.97,31.67,37.03
100,2.61,8.67,33.11,35.77
200,-0.01,33.29,42.22,55.60
300,1.99,73.57,42.22,59.76
400,-2.33,125.28,42.22,52.50
500,-1.43,155.29,42.22,66.93
600,-1.74,179.59,42.89,87.08
700,-1.38,236.21,42.89,74.90
800,-0.58,276.29,42.89,79.27
900,1.63,316.83,42.89,83.17
1000,1.59,351.13,42.89,93.32
2000,-1.29,832.44,43.56,56.45
3000,0.35,1391.29,43.56,-57.95
4000,0.53,1830.88,43.56,-53.11
5000,-0.19,2320.48,44.22,-98.26
6000,-0.23,2766.92,44.22,-100.25
7000,2.08,3217.04,44.22,-105.93
8000,-0.99,3756.65,44.22,-201.10
9000,0.58,4198.99,44.22,-198.99
10000,0.24,4684.00,44.22,-239.55
