episode,epReward,cumReward,cumRegret,empRegret
10,2.04,0.14,21.41,26.55
20,3.04,22.11,23.43,31.27
30,1.13,62.99,23.43,17.07
40,4.77,98.32,23.43,8.44
50,4.09,128.97,23.43,4.47
60,4.06,149.37,23.43,10.76
70,4.68,183.92,23.43,2.90
80,6.67,226.17,23.43,-12.65
90,4.28,254.56,23.43,-14.36
100,1.34,283.14,23.43,-16.24
200,1.49,530.68,27.03,3.10
300,2.85,814.02,27.03,-13.34
400,4.08,1098.14,27.03,-30.56
500,2.33,1356.58,27.03,-22.11
600,2.61,1573.06,27.03,28.31
700,1.42,1836.23,27.03,32.04
800,2.41,2111.33,27.03,23.83
900,1.55,2394.81,27.03,7.24
1000,5.07,2670.36,27.03,-1.42
2000,1.58,5337.46,27.03,0.43
3000,1.17,8043.47,27.03,-36.63
4000,5.63,10641.24,27.03,34.54
5000,3.89,13391.05,27.03,-46.32
6000,2.29,16177.80,27.03,-164.13
7000,4.11,18826.84,27.03,-144.23
8000,7.43,21540.71,27.03,-189.14
9000,5.30,24219.61,27.03,-199.11
10000,5.84,26774.94,27.03,-85.49
