episode,epReward,cumReward,cumRegret,empRegret
10,-1.77,-15.94,6.98,6.70
20,0.21,-31.29,8.79,12.80
30,1.08,-34.40,8.89,6.66
40,0.73,-38.48,8.89,1.49
50,-1.22,-43.23,8.98,-3.00
60,0.11,-53.42,9.65,-2.06
70,-4.00,-76.17,10.12,11.45
80,0.07,-84.73,10.31,10.76
90,-1.81,-96.46,10.79,13.24
100,-0.73,-106.15,10.79,13.69
200,-2.17,-207.94,11.93,23.02
300,-1.55,-291.78,13.84,14.40
400,-0.62,-370.64,18.89,0.79
500,-0.65,-485.17,21.42,22.87
600,0.25,-566.06,21.42,11.30
700,-2.00,-637.98,21.42,-9.24
800,1.29,-747.17,21.42,7.49
900,-2.22,-820.01,21.42,-12.13
1000,-1.94,-903.20,21.42,-21.40
2000,-0.48,-1833.94,21.51,-15.26
3000,-4.77,-2897.07,21.61,123.26
4000,-1.48,-3769.35,21.89,70.95
5000,3.49,-4521.98,23.71,-101.02
6000,-2.41,-5381.90,23.71,-165.71
7000,-2.70,-6250.90,28.14,-221.31
8000,-2.46,-7066.30,28.14,-330.50
9000,-3.05,-8023.25,28.14,-298.16
10000,0.64,-8909.90,28.14,-336.11
