episode,epReward,cumReward,cumRegret,empRegret
10,-1.97,7.66,2.18,1.18
20,0.21,18.74,2.18,-1.07
30,1.69,29.84,2.18,-3.34
40,2.44,35.59,4.62,-0.25
50,0.20,44.56,4.62,-0.39
60,0.77,59.68,7.06,-6.67
70,4.47,60.44,7.06,1.40
80,0.02,75.09,7.06,-4.42
90,-1.39,86.74,7.06,-7.23
100,-0.57,90.30,7.06,-1.96
200,2.18,218.65,7.06,-41.97
300,0.25,312.55,7.06,-47.53
400,1.39,426.29,7.06,-72.94
500,0.83,513.01,7.06,-71.32
600,0.03,593.54,7.06,-63.50
700,0.43,703.48,10.45,-85.11
800,-0.07,772.81,10.45,-66.10
900,-0.40,834.12,10.45,-39.07
1000,4.30,925.47,10.45,-42.08
2000,3.57,1839.87,12.89,-73.09
3000,0.75,2767.93,16.28,-117.77
4000,2.07,3644.97,16.28,-111.43
5000,1.82,4567.90,16.28,-150.96
6000,-2.06,5475.09,18.72,-174.77
7000,-1.23,6340.27,18.72,-156.57
8000,-0.14,7268.37,18.72,-201.28
9000,1.86,8239.84,18.72,-289.36
10000,-0.38,9134.27,18.72,-300.40
