episode,epReward,cumReward,cumRegret,empRegret
10,0.00,0.11,3.56,4.34
20,-0.96,0.11,7.78,8.77
30,-0.86,-4.12,12.22,17.45
40,-0.41,-11.74,16.67,29.52
50,1.13,-13.94,21.11,36.16
60,0.48,3.33,25.22,23.34
70,-0.25,9.81,29.67,21.30
80,-0.78,12.82,33.22,22.74
90,0.63,19.94,37.56,20.06
100,0.98,29.77,42.78,14.67
200,0.16,59.05,71.44,29.84
300,0.36,91.45,72.33,41.88
400,-0.88,135.66,73.33,42.12
500,0.92,169.26,73.33,52.96
600,3.44,210.43,74.33,56.23
700,-0.58,253.49,75.33,57.63
800,0.45,301.77,76.00,53.78
900,-0.86,324.93,76.67,75.07
1000,0.88,402.49,76.67,41.95
2000,1.77,880.75,76.67,8.14
3000,0.90,1327.53,78.00,5.81
4000,0.04,1735.24,78.67,42.54
5000,0.26,2241.66,79.33,-19.44
6000,-1.27,2758.98,79.33,-92.31
7000,1.64,3226.61,79.33,-115.49
8000,0.35,3707.36,79.33,-151.81
9000,0.42,4214.72,79.33,-214.72
10000,1.17,4648.07,79.33,-203.63
