episode,epReward,cumReward,cumRegret,empRegret
10,0.00,-1.55,3.89,5.99
20,-0.06,3.15,7.11,5.74
30,0.00,10.12,7.11,3.22
40,0.00,12.09,7.11,5.68
50,1.05,16.34,7.11,5.88
60,0.00,24.01,7.11,2.66
70,0.00,26.99,7.11,4.12
80,0.00,30.56,7.78,5.00
90,3.02,39.45,7.78,0.55
100,0.00,40.01,7.78,4.44
200,0.40,87.17,11.22,1.72
300,0.00,128.27,11.22,5.07
400,2.28,169.69,11.22,8.09
500,0.00,220.85,11.67,1.37
600,0.00,275.58,12.67,-8.91
700,0.00,345.03,13.33,-33.92
800,0.40,376.12,14.00,-20.57
900,0.00,420.24,14.00,-20.24
1000,2.66,466.47,14.00,-22.02
2000,1.73,917.86,15.00,-28.97
3000,0.36,1375.16,15.44,-41.83
4000,0.00,1804.55,16.11,-26.77
5000,0.00,2292.09,16.11,-69.87
6000,0.66,2734.71,16.11,-68.04
7000,0.00,3193.52,16.78,-82.41
8000,0.28,3676.79,17.22,-121.24
9000,2.69,4068.95,17.22,-68.95
10000,0.00,4516.64,18.22,-72.20
