episode,epReward,cumReward,cumRegret,empRegret
10,0.00,2.43,2.67,2.02
20,1.56,6.79,7.22,2.10
30,-1.27,10.94,7.22,2.39
40,-0.51,18.09,7.22,-0.31
50,-0.04,23.91,7.67,-1.69
60,0.00,29.54,8.11,-2.87
70,1.86,38.41,8.11,-7.30
80,1.72,39.76,8.11,-4.21
90,0.35,47.23,8.11,-7.23
100,-2.91,50.85,8.11,-6.40
200,-1.59,96.84,8.11,-7.95
300,-0.08,150.85,8.11,-17.52
400,0.48,215.45,9.44,-37.67
500,-2.42,238.86,9.44,-16.63
600,1.44,292.90,10.11,-26.23
700,-2.16,338.15,10.11,-27.04
800,-1.66,373.85,10.78,-18.29
900,-0.53,418.87,10.78,-18.87
1000,2.21,468.84,10.78,-24.39
2000,0.68,959.71,12.44,-70.82
3000,1.12,1398.03,13.11,-64.70
4000,1.49,1829.99,13.11,-52.21
5000,1.11,2314.12,13.11,-91.90
6000,0.00,2808.18,13.78,-141.52
7000,1.78,3261.71,13.78,-150.60
8000,1.14,3659.31,13.78,-103.75
9000,-1.48,4073.99,13.78,-73.99
10000,0.02,4468.65,13.78,-24.20
