episode,epReward,cumReward,cumRegret,empRegret
10,-1.92,-31.39,5.74,6.08
20,-3.04,-61.79,11.91,11.18
30,-3.65,-95.40,16.66,19.48
40,-7.95,-134.80,19.88,33.57
50,-1.76,-162.44,22.37,35.90
60,-4.22,-194.72,22.81,42.88
70,-5.24,-222.72,23.36,45.57
80,-2.50,-254.88,23.58,52.42
90,-0.76,-281.20,24.53,53.43
100,-0.40,-317.24,24.86,64.16
200,-1.75,-558.23,32.30,52.08
300,-0.60,-824.62,36.20,65.39
400,-0.10,-1070.22,39.40,57.92
500,-2.96,-1335.87,44.66,70.48
600,-3.05,-1616.23,48.85,97.77
700,-3.17,-1882.02,52.05,110.48
800,-1.48,-2159.71,55.36,135.10
900,-2.18,-2421.89,59.33,144.20
1000,-6.33,-2711.12,63.08,180.36
2000,-3.24,-5180.49,102.49,118.96
3000,-0.61,-7797.82,138.02,205.52
4000,-0.78,-10402.24,177.07,279.18
5000,-1.61,-12932.10,216.01,278.28
6000,-3.54,-15551.64,253.48,367.05
7000,-1.52,-18098.44,291.61,383.08
8000,-2.03,-20682.14,330.11,436.03
9000,-1.62,-23342.97,365.75,566.08
10000,-2.76,-25987.03,402.60,679.38
