episode,epReward,cumReward,cumRegret,empRegret
10,-2.87,-3.17,4.65,4.49
20,-6.99,-12.54,10.29,15.17
30,-2.20,-25.74,17.63,29.68
40,2.17,-28.05,19.33,33.30
50,0.22,-29.55,21.03,36.11
60,-1.27,-34.62,22.74,42.50
70,0.28,-40.50,26.14,49.69
80,-0.27,-52.55,29.66,63.05
90,5.88,-56.77,32.62,68.58
100,1.71,-52.72,34.32,65.85
200,3.11,-29.22,55.88,55.48
300,2.31,-45.19,78.48,84.58
400,2.36,-57.52,98.46,110.04
500,2.63,-57.33,116.73,122.99
600,3.43,-57.09,133.75,135.88
700,-0.91,-84.15,152.47,176.07
800,-1.18,-96.97,171.19,202.01
900,-1.71,-150.26,189.91,268.44
1000,-0.14,-144.72,205.22,276.03
2000,-3.47,-190.07,414.21,452.69
3000,-4.26,-222.85,592.46,616.78
4000,0.43,-314.76,795.54,840.00
5000,1.05,-421.49,996.92,1078.04
6000,1.29,-352.16,1188.66,1140.02
7000,-0.52,-413.77,1386.07,1332.93
8000,1.65,-421.15,1592.56,1471.63
9000,-1.49,-555.70,1787.14,1737.49
10000,0.43,-625.62,1973.20,1938.72
