episode,epReward,cumReward,cumRegret,empRegret
10,2.34,22.70,4.11,-2.25
20,0.61,39.62,5.24,1.27
30,0.14,53.12,6.43,8.22
40,3.35,77.71,8.09,4.07
50,-0.84,104.50,8.09,-2.27
60,3.85,122.91,8.09,-0.24
70,3.06,150.15,8.09,-7.03
80,-1.56,164.13,8.09,-0.56
90,2.03,182.89,8.09,1.12
100,-1.48,201.87,8.09,2.59
200,2.42,418.05,8.09,-9.14
300,1.31,569.50,12.64,43.87
400,5.08,775.79,12.64,42.04
500,2.13,972.11,12.64,50.17
600,0.61,1187.03,12.64,39.72
700,0.59,1391.20,14.77,40.00
800,3.96,1616.99,16.43,18.66
900,3.81,1802.34,16.43,37.77
1000,0.55,2020.15,16.43,24.42
2000,2.80,4067.15,16.43,21.99
3000,1.58,6055.78,19.06,77.93
4000,1.61,8093.36,19.06,84.91
5000,0.65,10168.04,19.06,54.80
6000,2.44,12220.12,19.06,47.29
7000,5.03,14259.74,19.06,52.24
8000,2.62,16246.39,19.06,110.15
9000,3.91,18365.18,20.71,35.93
10000,0.26,20339.27,20.71,106.41
