episode,epReward,cumReward,cumRegret,empRegret
10,-6.95,-29.21,11.72,15.37
20,0.21,-51.25,21.52,23.58
30,-1.73,-71.84,28.82,30.32
40,-0.25,-85.31,36.47,29.95
50,-3.22,-95.91,37.24,26.72
60,-4.46,-119.36,41.13,36.33
70,-3.66,-138.58,43.06,41.71
80,1.26,-154.73,44.71,44.02
90,-1.32,-167.89,48.46,43.35
100,-5.19,-191.35,49.88,52.97
200,1.06,-344.27,59.14,67.50
300,-1.59,-494.33,66.15,79.18
400,-0.85,-645.30,74.08,91.76
500,-0.48,-773.46,81.95,81.54
600,-3.16,-949.45,89.98,119.14
700,0.56,-1098.13,97.76,129.45
800,-0.47,-1248.04,105.75,140.97
900,-4.47,-1403.23,112.27,157.78
1000,-1.72,-1572.79,120.29,188.95
2000,-3.08,-2906.14,190.70,138.46
3000,1.92,-4395.30,266.78,243.78
4000,-0.04,-5971.28,346.45,435.93
5000,-2.92,-7469.73,422.14,550.54
6000,-5.64,-8867.52,496.21,564.50
7000,-1.26,-10318.55,572.26,631.69
8000,0.64,-11773.82,647.78,703.12
9000,-0.74,-13268.04,722.73,813.50
10000,0.58,-14680.68,798.35,842.31
