episode,epReward,cumReward,cumRegret,empRegret
10,-0.39,4.73,4.11,-0.28
20,0.45,5.42,8.78,3.47
30,-1.14,4.91,13.00,8.42
40,-0.16,0.85,17.44,16.93
50,1.59,-2.57,21.89,24.79
60,-3.72,-5.10,26.33,31.77
70,1.56,7.56,30.78,23.55
80,0.29,16.90,35.22,18.65
90,-3.81,14.75,39.67,25.25
100,1.52,27.44,44.11,17.00
200,0.20,32.88,88.56,56.01
300,1.28,25.19,133.00,108.14
400,0.44,7.22,176.56,170.55
500,1.08,-19.90,221.22,242.12
600,1.53,9.48,265.67,257.19
700,1.46,25.07,309.67,286.04
800,-0.29,32.32,354.11,323.23
900,0.95,48.57,398.56,351.43
1000,-2.42,31.93,443.22,412.51
2000,-1.06,82.50,886.33,806.39
3000,0.75,-32.14,1329.44,1365.48
4000,-0.18,46.44,1773.44,1731.33
5000,-0.19,89.12,2217.44,2133.10
6000,-2.66,162.58,2661.89,2504.09
7000,1.00,94.17,3106.33,3016.94
8000,-0.80,85.24,3550.33,3470.31
9000,2.47,103.47,3994.78,3896.53
10000,-1.01,-3.28,4439.22,4447.72
