episode,epReward,cumReward,cumRegret,empRegret
10,0.00,2.26,2.89,2.18
20,0.00,7.68,4.67,1.21
30,0.88,8.95,6.89,4.38
40,-0.02,7.42,9.11,10.35
50,-0.33,7.28,11.33,14.94
60,1.09,12.90,12.67,13.77
70,-4.50,5.80,16.78,25.31
80,0.44,7.14,18.56,28.42
90,1.62,11.99,18.56,28.01
100,-1.23,19.55,19.67,24.89
200,0.51,87.72,20.33,1.17
300,1.75,146.25,22.33,-12.91
400,-0.66,180.59,23.33,-2.81
500,0.41,222.36,24.33,-0.13
600,3.08,277.64,24.33,-10.97
700,1.50,316.35,25.33,-5.24
800,0.41,367.37,25.33,-11.81
900,-0.20,399.90,25.33,0.10
1000,-0.21,432.79,26.00,11.66
2000,0.60,857.99,27.00,30.90
3000,0.88,1264.09,27.67,69.24
4000,1.46,1687.01,29.67,90.77
5000,0.74,2144.91,29.67,77.32
6000,-0.19,2627.47,29.67,39.20
7000,2.40,3028.62,29.67,82.49
8000,1.12,3536.28,30.33,19.28
9000,0.13,4023.71,30.33,-23.71
10000,1.20,4426.58,30.33,17.87
