episode,epReward,cumReward,cumRegret,empRegret
10,1.45,19.99,5.72,9.41
20,4.32,42.91,8.49,15.88
30,5.56,71.85,17.20,16.34
40,-0.17,98.21,17.20,19.37
50,6.26,120.98,17.20,25.99
60,4.77,152.57,17.20,23.80
70,1.95,176.07,17.20,29.70
80,3.02,200.38,17.20,34.78
90,3.17,232.56,19.98,31.99
100,-0.09,264.97,19.98,28.97
200,4.03,537.58,22.75,50.31
300,2.53,810.62,22.75,71.21
400,2.88,1091.97,22.75,83.81
500,0.80,1369.14,22.75,100.58
600,3.90,1673.76,28.47,89.91
700,2.96,1968.46,28.47,89.15
800,3.43,2264.16,28.47,87.40
900,-0.58,2568.98,28.47,76.52
1000,1.42,2859.62,28.47,79.83
2000,2.21,5767.00,28.47,111.89
3000,1.92,8773.21,28.47,45.14
4000,2.51,11630.06,28.47,127.73
5000,5.22,14424.27,31.41,272.96
6000,0.32,17356.39,31.41,280.29
7000,0.72,20363.83,31.41,212.30
8000,2.85,23291.94,31.41,223.64
9000,5.06,26207.93,31.41,247.09
10000,4.08,29163.14,31.41,231.33
