episode,epReward,cumReward,cumRegret,empRegret
10,0.91,10.03,5.24,3.40
20,-1.47,24.78,5.83,2.09
30,0.65,44.08,8.50,-3.77
40,1.21,52.54,10.58,1.20
50,-2.16,64.76,14.72,2.42
60,-0.61,69.57,18.87,11.04
70,2.21,81.69,26.47,12.36
80,0.05,84.62,30.33,22.86
90,1.20,96.58,33.88,24.34
100,1.30,109.13,37.14,25.22
200,-2.18,163.22,77.45,105.48
300,0.20,254.54,117.46,148.52
400,0.71,368.35,158.95,169.06
500,4.23,473.31,200.44,198.45
600,0.39,602.71,239.86,203.40
700,-1.64,707.12,283.62,233.34
800,-0.19,793.78,322.15,281.04
900,3.28,902.78,366.50,306.39
1000,-4.06,978.43,406.51,365.09
2000,-2.81,1908.47,803.34,778.58
3000,1.45,2844.98,1202.53,1185.60
4000,-1.55,3665.35,1600.84,1708.74
5000,2.31,4667.60,1994.12,2050.02
6000,1.63,5522.61,2390.05,2538.54
7000,2.41,6515.02,2779.77,2889.65
8000,-3.14,7369.64,3176.60,3378.55
9000,0.22,8374.75,3570.46,3716.96
10000,1.26,9370.07,3963.14,4065.17
