episode,epReward,cumReward,cumRegret,empRegret
10,-1.48,-0.79,4.56,5.24
20,-3.17,-5.91,8.78,14.80
30,-0.02,-6.39,13.22,19.73
40,0.82,-7.05,17.22,24.83
50,0.34,-9.76,21.22,31.99
60,1.89,-9.25,25.22,35.92
70,0.00,-11.87,29.78,42.98
80,1.14,-9.72,33.78,45.28
90,-1.88,-2.75,36.00,42.75
100,1.40,7.82,36.44,36.63
200,1.68,49.53,41.22,39.36
300,0.27,92.62,41.89,40.71
400,-1.53,117.89,41.89,59.88
500,0.39,164.61,43.56,57.61
600,0.13,203.90,44.22,62.77
700,1.30,241.81,44.22,69.31
800,-0.60,292.40,44.89,63.16
900,2.62,348.36,44.89,51.64
1000,-3.58,364.68,44.89,79.76
2000,0.01,779.03,47.22,109.86
3000,2.23,1278.67,47.22,54.66
4000,-0.72,1755.80,47.22,21.98
5000,1.14,2212.96,47.22,9.26
6000,-0.45,2607.22,47.22,59.45
7000,-0.20,3053.56,48.89,57.55
8000,0.90,3530.29,48.89,25.27
9000,0.06,3968.06,48.89,31.94
10000,-1.47,4386.24,48.89,58.20
