episode,epReward,cumReward,cumRegret,empRegret
10,3.75,11.52,10.22,8.20
20,2.23,9.41,26.03,30.03
30,-1.60,18.61,33.84,40.55
40,2.45,32.25,41.51,46.64
50,0.90,56.17,43.71,42.43
60,1.43,65.22,47.14,53.10
70,-0.31,84.51,51.14,53.53
80,1.35,103.68,53.66,54.08
90,0.57,131.46,56.64,46.02
100,4.42,144.19,59.16,53.02
200,4.33,325.11,75.09,69.30
300,3.19,514.07,87.45,77.55
400,3.56,693.04,96.91,95.79
500,2.59,884.90,110.28,101.12
600,-1.69,1068.04,121.38,115.19
700,0.95,1234.30,135.08,146.14
800,4.45,1425.59,148.45,152.06
900,2.23,1609.97,159.22,164.88
1000,5.99,1814.07,170.64,157.98
2000,2.66,3687.51,289.76,256.61
3000,1.76,5541.25,401.98,374.92
4000,2.28,7378.57,506.05,509.67
5000,1.24,9214.52,610.12,645.77
6000,0.36,11116.79,716.15,715.56
7000,-2.72,12968.07,833.27,836.34
8000,4.12,14874.44,941.26,902.03
9000,-1.89,16693.37,1053.49,1055.16
10000,4.33,18577.77,1160.82,1142.81
