episode,epReward,cumReward,cumRegret,empRegret
10,1.57,-10.31,7.90,10.99
20,0.45,-8.61,10.97,9.96
30,2.56,-14.63,13.27,16.67
40,-1.70,-19.64,13.27,22.36
50,-1.40,-7.28,13.27,10.68
60,1.48,-1.74,13.27,5.82
70,1.32,4.59,13.27,0.16
80,0.09,13.36,13.27,-7.93
90,3.04,19.92,15.05,-13.81
100,-2.61,13.70,15.05,-6.91
200,-0.44,-6.51,18.72,20.09
300,0.70,-6.71,18.72,27.09
400,-0.85,11.25,23.24,15.91
500,-0.26,-16.76,50.00,50.72
600,0.08,-59.36,91.54,100.11
700,2.44,-93.85,133.07,141.39
800,3.10,-101.44,176.51,155.77
900,0.21,-134.41,220.06,195.53
1000,3.15,-164.89,261.60,232.80
2000,2.78,-621.98,680.99,757.80
3000,-1.20,-1079.65,1096.34,1283.39
4000,-1.19,-1496.46,1513.72,1768.12
5000,1.19,-1936.83,1929.07,2276.40
6000,1.44,-2306.66,2344.43,2714.14
7000,0.99,-2519.86,2759.78,2995.26
8000,-2.82,-2837.88,3175.13,3381.19
9000,-0.91,-3085.55,3591.02,3696.77
10000,0.14,-3484.27,4006.37,4163.41
