episode,epReward,cumReward,cumRegret,empRegret
10,1.26,19.79,8.80,15.14
20,3.08,49.34,14.41,20.50
30,4.54,86.48,17.55,18.29
40,3.63,119.84,18.93,19.85
50,3.12,157.49,18.93,17.12
60,2.73,200.52,18.93,9.02
70,2.86,230.43,18.93,14.03
80,4.23,269.20,20.68,10.18
90,2.97,301.42,22.06,12.89
100,0.94,341.75,22.06,7.48
200,3.19,703.73,35.12,-5.27
300,3.71,1041.59,41.28,6.09
400,5.44,1395.91,41.28,1.01
500,2.92,1727.28,41.28,18.86
600,3.01,2042.66,41.28,52.72
700,3.07,2383.74,41.28,60.86
800,3.89,2749.67,41.28,44.16
900,2.38,3100.92,41.28,42.14
1000,2.56,3450.55,41.28,41.74
2000,3.43,6948.59,43.29,35.99
3000,3.36,10436.16,47.44,40.69
4000,3.89,14009.43,47.44,-40.29
5000,4.41,17617.52,47.44,-156.09
6000,4.65,21068.58,49.45,-114.86
7000,1.37,24545.66,49.45,-99.66
8000,2.35,28076.51,49.45,-138.23
9000,0.32,31574.28,49.45,-143.70
10000,3.08,35092.08,49.45,-169.22
