episode,epReward,cumReward,cumRegret,empRegret
10,0.00,0.47,1.33,3.98
20,0.00,0.47,5.00,8.42
30,0.00,7.76,8.44,5.57
40,0.00,12.11,8.44,5.67
50,1.57,17.33,9.11,4.90
60,0.00,20.40,9.78,6.27
70,2.05,25.14,10.44,5.97
80,1.83,28.95,11.11,6.61
90,0.00,29.18,11.78,10.82
100,0.00,30.98,12.44,13.46
200,0.00,75.13,21.11,13.76
300,0.00,126.71,22.44,6.62
400,0.96,179.01,22.89,-1.23
500,0.00,233.10,22.89,-10.88
600,0.00,274.42,22.89,-7.75
700,2.27,310.67,22.89,0.44
800,-0.34,354.98,22.89,0.58
900,0.00,399.51,22.89,0.49
1000,0.00,445.81,22.89,-1.37
2000,0.00,853.43,22.89,35.46
3000,1.01,1322.88,22.89,10.46
4000,-0.87,1764.63,22.89,13.15
5000,0.00,2212.20,23.33,10.03
6000,2.47,2648.39,23.33,18.28
7000,0.00,3074.60,23.78,36.51
8000,0.00,3521.72,23.78,33.84
9000,0.00,3985.86,23.78,14.14
10000,0.00,4394.03,23.78,50.42
