episode,epReward,cumReward,cumRegret,empRegret
10,3.15,1.54,2.67,2.90
20,2.16,5.37,6.67,3.52
30,1.32,6.07,11.67,7.26
40,-0.63,2.55,15.67,15.23
50,-0.71,2.49,20.11,19.73
60,2.40,7.15,23.67,19.52
70,-1.92,4.66,28.11,26.45
80,-1.95,-2.87,32.56,38.43
90,-0.87,-4.58,37.22,44.58
100,-1.49,-13.50,41.00,57.95
200,-0.00,28.34,72.00,60.55
300,1.23,62.42,77.11,70.91
400,0.69,125.77,77.11,52.01
500,1.55,187.50,78.11,34.73
600,-0.64,213.44,78.11,53.23
700,1.38,240.89,78.11,70.22
800,0.98,302.87,78.11,52.68
900,0.79,338.68,78.11,61.32
1000,1.00,359.14,78.11,85.31
2000,-1.03,793.10,79.11,95.79
3000,-0.42,1239.02,79.78,94.32
4000,0.42,1659.33,79.78,118.45
5000,-1.45,2078.21,82.11,144.02
6000,-1.42,2561.47,83.11,105.20
7000,-0.34,3051.84,83.11,59.27
8000,2.03,3499.99,83.11,55.57
9000,0.40,3906.73,83.11,93.27
10000,1.03,4292.83,83.11,151.62
