episode,epReward,cumReward,cumRegret,empRegret
10,1.02,0.73,4.00,3.71
20,0.00,0.51,5.44,8.38
30,0.00,1.95,9.44,11.39
40,0.00,4.71,10.44,13.06
50,0.88,5.48,11.44,16.74
60,0.00,10.26,12.44,16.40
70,0.00,16.74,12.44,14.37
80,1.25,23.50,12.44,12.06
90,-0.40,27.08,12.89,12.92
100,0.00,28.54,12.89,15.90
200,0.15,47.40,14.89,41.49
300,0.44,79.23,14.89,54.10
400,0.80,123.55,15.89,54.22
500,0.00,178.79,15.89,43.43
600,-0.33,227.71,15.89,38.96
700,0.00,267.94,15.89,43.17
800,1.22,311.50,16.56,44.06
900,0.00,364.60,16.56,35.40
1000,0.00,398.41,16.56,46.04
2000,0.00,844.44,17.22,44.45
3000,2.15,1278.79,17.22,54.54
4000,0.00,1721.39,17.22,56.39
5000,2.29,2167.88,17.22,54.34
6000,1.47,2656.86,17.89,9.81
7000,0.00,3084.46,17.89,26.65
8000,0.00,3490.44,17.89,65.12
9000,1.87,3922.70,17.89,77.30
10000,0.00,4357.38,18.56,87.07
