episode,epReward,cumReward,cumRegret,empRegret
10,0.00,4.16,2.67,0.28
20,0.00,9.14,4.78,-0.26
30,1.62,15.08,4.78,-1.74
40,0.00,17.82,5.78,-0.05
50,-0.15,17.64,7.11,4.58
60,0.00,21.14,7.11,5.53
70,2.55,24.92,9.11,6.19
80,0.57,26.28,9.11,9.27
90,0.00,29.78,9.78,10.22
100,-0.03,37.42,9.78,7.02
200,0.95,80.29,10.78,8.60
300,0.00,136.96,10.78,-3.63
400,1.73,154.08,11.78,23.70
500,1.63,192.48,11.78,29.74
600,0.00,234.74,11.78,31.92
700,0.00,294.44,12.78,16.67
800,0.00,323.15,12.78,32.41
900,0.73,366.58,13.78,33.42
1000,0.00,414.32,13.78,30.13
2000,2.61,840.15,16.22,48.74
3000,0.00,1276.30,17.22,57.03
4000,-1.11,1677.10,17.89,100.68
5000,0.00,2134.94,17.89,87.28
6000,0.00,2580.11,17.89,86.56
7000,1.12,3070.62,18.33,40.49
8000,-0.85,3501.72,18.33,53.83
9000,0.77,3935.17,18.33,64.83
10000,3.52,4393.73,18.33,50.71
