episode,epReward,cumReward,cumRegret,empRegret
10,3.42,37.97,14.59,11.43
20,5.45,93.05,20.39,5.75
30,6.15,147.37,22.21,0.82
40,5.54,190.65,23.94,6.94
50,6.73,240.39,25.93,6.59
60,5.42,287.76,25.93,8.63
70,4.11,326.55,27.06,19.23
80,5.54,364.47,27.06,30.71
90,6.37,419.08,27.06,25.49
100,4.21,465.09,27.06,28.88
200,3.95,964.45,28.19,23.50
300,9.15,1448.06,29.31,33.87
400,3.05,1924.23,31.30,51.67
500,5.96,2440.50,31.30,29.37
600,6.77,2928.11,31.30,35.74
700,6.36,3402.60,31.30,55.22
800,9.47,3907.35,31.30,44.45
900,3.32,4414.44,31.30,31.33
1000,4.61,4901.74,31.30,38.00
2000,8.13,9885.44,31.30,-5.95
3000,5.76,14824.97,33.29,-5.73
4000,3.93,19751.75,33.29,7.23
5000,6.60,24756.31,33.29,-57.58
6000,5.16,29640.17,33.29,-1.70
7000,3.76,34644.84,33.29,-66.62
8000,4.59,39591.31,33.29,-73.34
9000,4.47,44565.56,33.29,-107.85
10000,5.00,49508.84,35.28,-111.38
