episode,epReward,cumReward,cumRegret,empRegret
10,-0.97,-0.32,6.92,2.39
20,1.74,1.18,7.13,2.95
30,2.54,2.03,8.33,4.17
40,-0.76,-0.26,8.33,8.52
50,-0.37,-3.32,8.33,13.65
60,-2.09,-3.83,8.33,16.22
70,2.03,-7.38,8.33,21.84
80,-0.48,-9.89,8.33,26.42
90,-0.93,-14.74,8.33,33.34
100,-3.69,-16.95,8.33,37.61
200,-0.34,-7.57,8.81,48.89
300,-0.08,3.74,10.02,58.25
400,-0.49,65.57,10.98,17.08
500,1.72,87.50,10.98,15.80
600,0.46,87.79,10.98,36.17
700,-1.78,115.74,10.98,28.88
800,0.63,133.53,10.98,31.75
900,1.21,142.13,11.46,43.82
1000,2.27,147.27,12.43,59.34
2000,0.32,367.78,12.91,45.44
3000,-0.59,652.85,17.00,-33.03
4000,0.58,891.85,17.48,-65.42
5000,-0.60,1062.36,17.97,-29.32
6000,1.01,1216.31,18.45,23.33
7000,0.86,1386.92,18.93,59.33
8000,0.14,1607.98,21.78,44.88
9000,1.55,1837.46,21.78,22.01
10000,-0.24,1936.40,21.78,129.68
