episode,epReward,cumReward,cumRegret,empRegret
10,1.46,2.75,2.67,1.70
20,1.06,7.99,3.11,0.90
30,1.83,11.71,3.11,1.63
40,0.73,13.97,3.11,3.81
50,0.00,19.73,3.78,2.50
60,1.61,27.09,4.78,-0.42
70,0.00,26.71,4.78,4.40
80,0.00,30.40,5.44,5.15
90,-0.53,32.85,5.44,7.15
100,0.00,33.81,6.44,10.64
200,0.59,70.34,7.11,18.55
300,0.00,112.91,8.78,20.43
400,0.00,153.98,8.78,23.80
500,0.00,197.91,8.78,24.31
600,0.00,241.89,8.78,24.78
700,0.00,281.61,8.78,29.50
800,0.00,336.32,8.78,19.24
900,0.31,382.97,8.78,17.03
1000,0.00,425.80,8.78,18.65
2000,0.30,866.37,12.44,22.52
3000,0.00,1371.96,12.44,-38.63
4000,2.25,1795.53,12.44,-17.75
5000,2.34,2271.26,14.11,-49.03
6000,-0.45,2652.61,15.11,14.06
7000,2.35,3070.29,16.56,40.82
8000,1.26,3511.02,17.22,44.54
9000,0.00,3973.22,17.22,26.78
10000,0.00,4406.35,17.22,38.10
