episode,epReward,cumReward,cumRegret,empRegret
10,-0.66,2.09,6.03,7.59
20,0.77,6.27,7.83,13.10
30,1.97,13.37,8.73,15.69
40,2.43,18.63,8.73,20.12
50,3.64,29.11,8.73,19.31
60,-2.02,26.66,8.73,31.46
70,-0.33,32.73,8.73,35.07
80,-1.34,39.26,8.73,38.23
90,0.64,43.92,9.63,43.25
100,2.07,57.16,10.53,39.69
200,3.20,172.21,14.13,21.51
300,0.39,258.56,15.03,32.02
400,0.84,358.46,16.84,28.96
500,1.01,459.14,16.84,25.15
600,1.09,561.61,17.74,19.53
700,1.55,665.75,19.54,12.26
800,2.31,759.41,19.54,15.45
900,-1.09,836.38,19.54,35.34
1000,3.16,914.18,19.54,54.39
2000,0.33,1877.67,23.40,59.48
3000,-0.59,2825.53,26.10,80.20
4000,-0.16,3823.20,29.07,51.09
5000,0.91,4678.03,29.97,164.84
6000,2.41,5733.31,29.97,78.13
7000,3.02,6646.83,29.97,133.19
8000,0.48,7732.62,29.97,15.97
9000,1.70,8713.48,29.97,3.68
10000,0.24,9723.97,29.97,-38.23
