episode,epReward,cumReward,cumRegret,empRegret
10,0.00,-3.94,1.78,8.39
20,0.00,-1.44,2.89,10.33
30,0.00,0.15,4.89,13.18
40,-0.33,2.28,6.56,15.50
50,0.00,5.40,7.00,16.82
60,0.00,2.22,7.44,24.45
70,0.00,7.99,8.11,23.12
80,0.00,9.66,9.78,25.89
90,0.00,13.81,11.11,26.19
100,0.00,17.86,11.11,26.59
200,0.00,60.80,12.78,28.09
300,0.85,93.59,15.78,39.74
400,0.00,139.53,15.78,38.25
500,0.00,182.16,16.78,40.07
600,0.00,234.36,16.78,32.30
700,0.40,286.50,16.78,24.62
800,0.00,334.94,16.78,20.62
900,0.38,385.25,16.78,14.75
1000,1.05,430.64,16.78,13.81
2000,0.00,933.51,16.78,-44.62
3000,1.49,1334.18,16.78,-0.85
4000,0.00,1804.24,17.44,-26.46
5000,0.00,2243.01,17.89,-20.78
6000,0.00,2706.65,17.89,-39.99
7000,0.00,3185.03,17.89,-73.91
8000,0.35,3638.55,17.89,-82.99
9000,0.95,4082.93,17.89,-82.93
10000,0.40,4504.92,17.89,-60.48
