episode,epReward,cumReward,cumRegret,empRegret
10,2.40,-5.52,7.15,11.61
20,4.46,0.94,7.15,11.25
30,3.60,13.81,8.29,4.47
40,-1.90,22.27,8.29,2.10
50,1.32,31.89,9.13,-1.42
60,2.13,44.28,9.13,-7.72
70,-1.75,46.89,9.13,-4.23
80,-0.39,59.04,9.13,-10.28
90,1.76,68.76,9.13,-13.91
100,-2.02,72.56,9.13,-11.62
200,0.56,159.19,10.80,-37.30
300,-0.58,210.83,10.80,-28.00
400,-0.60,265.35,10.80,-21.57
500,1.74,322.62,15.42,-17.89
600,0.22,384.27,16.26,-18.60
700,1.37,449.79,19.20,-23.17
800,-0.65,509.79,19.20,-22.23
900,2.13,559.67,19.20,-11.16
1000,-3.08,626.60,19.20,-17.15
2000,-0.90,1204.21,19.20,14.70
3000,2.00,1732.82,19.20,95.54
4000,1.21,2443.14,20.03,-5.32
5000,-1.44,3026.91,20.03,20.36
6000,0.00,3686.30,20.03,-29.57
7000,1.54,4293.51,20.87,-27.33
8000,-1.19,4887.28,20.87,-11.64
9000,2.47,5555.20,20.87,-70.11
10000,3.17,6146.51,20.87,-51.97
