episode,epReward,cumReward,cumRegret,empRegret
10,5.49,33.16,3.46,2.34
20,2.96,68.86,3.46,2.14
30,2.82,98.02,3.46,8.47
40,3.98,133.59,3.46,8.41
50,3.39,158.19,3.46,19.30
60,4.98,186.49,3.46,26.51
70,3.68,217.16,3.46,31.33
80,3.72,248.56,3.46,35.43
90,5.63,279.66,3.46,39.83
100,4.06,319.12,3.46,35.86
200,4.76,685.67,8.43,24.31
300,0.97,1043.83,8.43,21.13
400,4.24,1422.22,8.43,-2.27
500,1.90,1775.14,8.43,-0.21
600,4.99,2156.80,8.43,-26.89
700,4.28,2523.32,8.43,-38.42
800,1.42,2868.20,8.43,-28.31
900,3.61,3266.79,10.56,-71.91
1000,2.74,3644.43,10.56,-94.57
2000,1.66,7248.04,14.81,-148.32
3000,4.15,10804.18,14.81,-154.60
4000,4.93,14425.55,16.94,-226.11
5000,-0.65,17954.53,19.07,-205.23
6000,3.26,21554.16,19.07,-255.01
7000,3.52,25132.73,19.07,-283.71
8000,3.74,28596.99,19.07,-198.11
9000,1.51,32176.58,19.07,-227.84
10000,2.94,35722.34,19.07,-223.74
