episode,epReward,cumReward,cumRegret,empRegret
10,-2.99,-48.71,16.91,24.78
20,-4.52,-77.70,30.82,29.84
30,-3.11,-115.38,39.80,43.59
40,-5.18,-158.74,49.08,63.03
50,-3.08,-187.57,52.86,67.92
60,-4.73,-222.68,61.92,79.11
70,-1.64,-251.47,69.59,83.96
80,-1.43,-288.26,74.61,96.82
90,-0.75,-317.36,77.95,101.99
100,-4.83,-351.03,80.32,111.74
200,-2.00,-662.77,120.65,184.19
300,-2.75,-915.29,149.33,197.41
400,-2.09,-1176.05,154.57,218.88
500,-3.52,-1419.58,154.57,223.11
600,1.62,-1681.01,154.57,245.25
700,-5.12,-1932.32,154.57,257.27
800,-1.67,-2174.28,154.57,259.94
900,-2.31,-2392.15,154.57,238.51
1000,0.76,-2617.14,154.57,224.21
2000,-1.82,-5102.39,158.78,316.53
3000,-2.10,-7570.64,158.78,391.85
4000,-3.57,-9941.36,158.78,369.64
5000,-0.62,-12319.32,158.78,354.66
6000,-2.85,-14825.33,160.19,467.75
7000,-3.48,-17266.48,160.19,515.96
8000,-0.99,-19677.81,160.19,534.36
9000,2.39,-22071.03,160.19,534.65
10000,-3.77,-24291.01,160.19,361.70
