episode,epReward,cumReward,cumRegret,empRegret
10,2.22,6.02,3.11,-1.58
20,0.00,9.67,4.44,-0.78
30,0.00,13.00,5.44,0.33
40,0.00,15.01,5.44,2.77
50,0.00,17.36,6.44,4.86
60,0.00,23.49,6.44,3.18
70,-0.08,29.44,6.44,1.67
80,0.00,32.03,7.44,3.53
90,0.00,38.05,7.44,1.95
100,0.00,39.69,8.44,4.76
200,0.49,70.76,9.11,18.13
300,2.06,121.84,9.11,11.50
400,0.98,165.45,10.11,12.32
500,0.00,209.92,11.78,12.30
600,0.00,266.36,11.78,0.31
700,0.00,318.63,12.78,-7.52
800,0.00,374.72,12.78,-19.16
900,0.00,419.51,12.78,-19.51
1000,0.10,456.67,12.78,-12.23
2000,1.52,889.53,14.44,-0.64
3000,0.00,1326.35,14.44,6.98
4000,0.00,1777.75,15.33,0.02
5000,2.77,2222.66,16.67,-0.44
6000,0.43,2652.76,17.67,13.91
7000,0.00,3094.37,18.67,16.74
8000,0.86,3535.78,18.67,19.78
9000,0.73,3982.70,18.67,17.30
10000,0.52,4398.93,18.67,45.51
