episode,epReward,cumReward,cumRegret,empRegret
10,1.78,2.89,2.20,4.36
20,3.23,9.78,4.07,4.70
30,2.18,20.78,6.63,0.95
40,-0.82,16.91,9.04,12.05
50,-0.29,20.18,11.60,16.03
60,0.99,26.49,13.63,16.95
70,1.10,31.49,16.19,19.20
80,1.87,32.50,19.20,25.42
90,-1.35,31.48,22.09,33.69
100,3.31,40.75,25.11,31.66
200,-0.47,92.52,50.29,52.30
300,4.42,149.20,74.63,68.04
400,-0.21,219.30,100.25,70.35
500,1.94,275.75,125.87,86.30
600,2.50,328.12,151.94,106.35
700,-1.86,380.97,177.56,125.90
800,-0.64,423.91,203.18,155.38
900,0.53,446.31,229.14,205.39
1000,0.03,512.61,254.76,211.50
2000,-3.91,907.60,510.95,540.61
3000,2.04,1411.26,767.14,761.06
4000,0.47,1907.20,1023.33,989.24
5000,1.68,2365.58,1279.53,1254.97
6000,-0.35,2807.56,1535.72,1537.10
7000,4.19,3290.26,1791.91,1778.50
8000,0.39,3752.85,2048.10,2040.02
9000,1.50,4214.63,2304.29,2302.34
10000,1.10,4641.64,2560.48,2599.44
