episode,epReward,cumReward,cumRegret,empRegret
10,0.00,-2.07,3.00,6.51
20,0.00,0.53,3.67,8.36
30,0.00,2.25,5.00,11.08
40,0.00,5.43,6.33,12.35
50,0.00,7.01,7.00,15.21
60,0.00,11.29,7.00,15.37
70,0.00,16.51,7.00,14.61
80,0.00,20.32,7.00,15.24
90,0.00,23.43,7.67,16.57
100,0.00,25.40,8.33,19.04
200,0.00,59.45,12.67,29.44
300,0.00,102.00,14.78,31.33
400,1.27,133.96,14.78,43.82
500,-0.04,184.09,14.78,38.14
600,-0.59,237.70,14.78,28.97
700,2.61,280.86,14.78,30.25
800,0.12,313.87,14.78,41.68
900,1.74,353.64,15.78,46.36
1000,0.00,400.66,16.78,43.78
2000,0.28,880.09,17.22,8.79
3000,2.13,1305.50,18.22,27.83
4000,0.00,1737.84,18.22,39.93
5000,0.88,2175.68,18.67,46.54
6000,2.25,2630.93,18.67,35.73
7000,1.66,3090.45,18.67,20.66
8000,2.31,3544.64,18.67,10.92
9000,0.00,3999.13,20.67,0.87
10000,1.89,4418.83,20.67,25.61
