episode,epReward,cumReward,cumRegret,empRegret
10,-1.71,1.84,3.78,2.60
20,-2.11,-1.68,7.89,10.57
30,-3.52,-5.28,12.89,18.61
40,0.61,1.41,16.44,16.37
50,0.65,-1.79,20.00,24.01
60,1.85,-1.08,23.56,27.75
70,1.17,7.87,26.67,23.24
80,-2.29,9.37,29.33,26.19
90,-1.50,8.36,33.78,31.64
100,-2.01,13.04,37.56,31.40
200,0.10,4.96,80.89,83.93
300,-1.50,-23.20,124.22,156.53
400,0.32,-30.00,168.33,207.77
500,0.05,-35.44,212.78,257.66
600,1.18,-18.03,256.56,284.70
700,-0.60,5.93,300.78,305.18
800,0.18,-2.90,344.78,358.45
900,0.67,-43.33,389.22,443.33
1000,-1.11,-46.91,433.67,491.35
2000,-1.12,-9.01,878.67,897.90
3000,0.96,-95.85,1323.22,1429.18
4000,-0.83,-107.33,1767.22,1885.11
5000,-0.12,-92.76,2211.78,2314.98
6000,-0.02,-65.14,2656.22,2731.81
7000,1.92,-110.85,3100.67,3221.96
8000,1.46,-95.14,3545.11,3650.69
9000,0.38,-86.04,3989.56,4086.04
10000,-2.05,-141.47,4434.00,4585.92
