episode,epReward,cumReward,cumRegret,empRegret
10,-0.87,5.92,3.78,-1.48
20,1.80,11.61,8.44,-2.72
30,-3.30,11.39,12.44,1.94
40,-2.31,10.29,17.00,7.49
50,-2.72,10.59,21.44,11.63
60,-2.18,7.44,25.89,19.23
70,-1.22,3.76,29.56,27.35
80,-0.48,4.79,34.00,30.76
90,3.17,2.24,38.44,37.76
100,-1.32,2.95,42.44,41.49
200,2.17,2.37,86.44,86.52
300,0.17,-2.65,129.56,135.99
400,-1.42,22.24,173.11,155.53
500,2.97,18.77,217.56,203.45
600,-1.32,0.20,262.00,266.47
700,0.55,-5.74,306.00,316.85
800,0.07,-9.91,350.56,365.46
900,0.08,-19.83,394.56,419.83
1000,2.61,-39.96,438.56,484.41
2000,-2.70,35.37,881.67,853.51
3000,0.52,-56.65,1326.11,1389.98
4000,0.84,-81.18,1770.33,1858.95
5000,3.80,-83.71,2213.67,2305.94
6000,1.74,-158.60,2657.67,2825.26
7000,-0.49,-123.32,3100.78,3234.43
8000,-0.63,-29.24,3545.22,3584.79
9000,-0.11,-34.43,3989.22,4034.43
10000,-1.73,-6.84,4433.67,4451.28
