episode,epReward,cumReward,cumRegret,empRegret
10,0.53,9.48,9.10,15.41
20,1.96,29.02,11.34,20.77
30,5.80,39.49,20.85,35.19
40,6.04,65.60,25.61,33.97
50,0.49,95.15,25.61,29.31
60,1.53,111.68,30.15,37.68
70,1.56,130.53,32.38,43.72
80,-0.96,154.60,37.45,44.55
90,2.27,184.86,39.98,39.17
100,2.40,200.61,39.98,48.32
200,3.46,473.01,42.21,24.85
300,2.28,709.66,49.21,37.13
400,0.96,959.46,55.92,36.26
500,1.94,1237.33,58.45,7.32
600,3.38,1478.85,58.45,14.72
700,1.16,1745.49,58.45,-2.98
800,2.60,1987.98,60.68,3.45
900,0.47,2230.61,60.68,9.76
1000,0.94,2471.61,60.68,17.68
2000,4.67,4981.62,67.98,-3.02
3000,2.67,7485.38,70.22,-17.49
4000,4.29,9911.63,70.22,45.57
5000,1.42,12494.69,70.22,-48.20
6000,1.08,15013.08,81.96,-77.29
7000,6.79,17469.37,89.26,-44.29
8000,6.77,19907.01,99.09,7.37
9000,2.21,22437.65,103.56,-33.97
10000,0.93,24949.13,106.09,-56.16
