episode,epReward,cumReward,cumRegret,empRegret
10,0.00,5.38,3.22,-0.94
20,-0.15,15.03,8.89,-6.15
30,-0.12,18.07,13.33,-4.73
40,-0.55,21.17,15.78,-3.40
50,0.59,21.10,19.33,1.12
60,-0.97,18.78,22.89,7.89
70,0.87,24.09,26.89,7.02
80,-0.37,19.44,30.67,16.12
90,1.86,22.64,33.78,17.36
100,-0.37,25.54,38.22,18.90
200,1.00,37.15,80.33,51.74
300,-1.34,31.28,125.11,102.05
400,1.09,17.62,168.67,160.16
500,-1.20,18.67,211.33,203.55
600,-2.43,33.78,255.78,232.89
700,0.09,36.26,300.78,274.85
800,2.20,18.79,345.33,336.77
900,2.30,46.86,389.78,353.14
1000,-1.22,26.12,434.22,418.33
2000,-1.58,128.23,876.56,760.65
3000,1.39,168.64,1321.11,1164.69
4000,-0.10,85.04,1766.11,1692.74
5000,-1.03,85.10,2209.22,2137.12
6000,-0.67,165.64,2653.78,2501.02
7000,-2.19,261.71,3098.22,2849.40
8000,-0.72,318.37,3542.67,3237.19
9000,0.81,344.04,3987.11,3655.96
10000,4.53,427.97,4431.56,4016.47
