episode,epReward,cumReward,cumRegret,empRegret
10,2.15,26.86,7.61,10.55
20,1.77,53.16,11.79,21.67
30,2.75,84.00,16.54,28.24
40,5.13,114.24,18.44,35.41
50,6.27,153.81,19.30,33.25
60,2.36,187.42,20.15,37.05
70,5.45,219.01,20.15,42.88
80,1.68,262.51,22.05,36.79
90,2.38,304.07,25.86,32.65
100,2.03,339.68,25.86,34.45
200,3.27,682.29,29.02,65.96
300,1.69,1035.47,30.93,86.90
400,4.24,1410.38,34.26,86.12
500,6.81,1798.77,34.26,71.86
600,3.11,2151.49,34.26,93.27
700,1.58,2516.27,36.16,102.61
800,3.11,2887.22,38.06,105.79
900,5.84,3269.71,38.06,97.43
1000,4.77,3631.34,38.06,109.92
2000,2.12,7414.85,38.06,67.66
3000,5.11,11056.10,38.06,167.67
4000,4.60,14802.81,39.96,162.21
5000,3.87,18425.41,39.96,280.88
6000,5.63,22111.34,41.86,336.20
7000,7.44,25907.32,44.15,281.48
8000,2.34,29645.10,44.15,284.96
9000,3.07,33417.49,46.05,253.82
10000,6.33,37187.09,46.05,225.48
