episode,epReward,cumReward,cumRegret,empRegret
10,9.89,36.22,25.33,33.41
20,6.42,105.91,25.33,33.36
30,4.31,169.14,25.33,39.76
40,5.25,243.60,25.33,34.93
50,5.36,315.13,25.33,33.03
60,9.77,389.60,25.33,28.19
70,7.71,465.96,25.33,21.47
80,7.03,550.00,25.33,7.06
90,6.97,624.66,25.33,2.03
100,5.17,688.99,25.33,7.33
200,7.56,1353.47,25.33,39.18
300,8.07,2038.75,29.23,50.22
400,10.21,2739.75,30.41,45.55
500,9.47,3459.91,30.41,21.71
600,7.17,4172.42,30.41,5.53
700,10.20,4864.02,30.41,10.25
800,8.46,5555.41,30.41,15.18
900,6.55,6260.26,30.41,6.66
1000,9.18,6963.47,30.41,-0.22
2000,3.90,13897.58,33.95,28.90
3000,7.37,20816.18,33.95,73.55
4000,5.47,27831.32,33.95,21.66
5000,7.15,34860.25,33.95,-44.03
6000,5.84,41921.40,33.95,-141.94
7000,5.67,48891.38,33.95,-148.68
8000,5.47,55888.54,33.95,-182.59
9000,7.57,62917.60,33.95,-248.41
10000,7.24,69753.74,33.95,-121.31
