episode,epReward,cumReward,cumRegret,empRegret
10,2.25,34.89,13.51,14.39
20,4.45,86.04,15.99,12.51
30,4.43,134.47,16.66,13.35
40,5.54,183.35,16.66,13.74
50,10.70,240.44,16.66,5.92
60,2.19,278.77,16.66,16.86
70,5.06,327.12,16.66,17.78
80,6.39,373.54,16.66,20.63
90,4.83,417.18,17.34,26.26
100,9.74,472.65,17.34,20.07
200,4.87,964.55,19.15,20.89
300,4.96,1466.59,19.83,11.56
400,4.68,1956.50,19.83,14.37
500,1.84,2432.46,20.50,31.13
600,6.52,2946.96,20.50,9.35
700,4.92,3450.71,20.50,-1.69
800,1.69,3928.63,20.50,13.11
900,5.85,4419.88,20.50,14.59
1000,4.47,4909.96,20.50,17.22
2000,4.88,9767.92,24.09,86.44
3000,6.57,14676.78,25.90,104.76
4000,9.04,19492.69,28.14,216.03
5000,4.78,24412.02,32.61,223.88
6000,8.53,29347.89,32.61,215.18
7000,4.87,34411.91,34.41,78.34
8000,5.97,39361.69,34.41,55.74
9000,7.13,44271.06,34.41,73.56
10000,7.19,49274.66,34.41,-2.86
