episode,epReward,cumReward,cumRegret,empRegret
10,1.89,10.78,11.48,11.61
20,3.01,39.09,13.18,5.69
30,0.73,59.57,13.75,7.60
40,0.17,78.63,18.46,10.93
50,0.92,97.37,23.18,14.57
60,0.37,109.57,24.88,24.76
70,4.09,138.87,27.15,17.85
80,-0.99,155.45,29.43,23.66
90,3.56,182.49,31.70,19.01
100,2.59,198.53,35.16,25.36
200,0.55,382.20,76.24,65.57
300,2.38,599.97,129.81,71.69
400,0.72,758.55,188.83,136.99
500,2.55,932.79,245.08,186.63
600,1.90,1070.78,301.49,272.53
700,0.15,1231.29,359.10,335.90
800,-1.43,1364.86,414.78,426.22
900,3.79,1481.80,471.59,533.16
1000,3.87,1653.02,527.84,585.83
2000,1.35,3286.53,1092.57,1191.17
3000,1.56,4902.39,1659.07,1814.17
4000,1.52,6585.86,2226.08,2369.55
5000,2.41,8380.13,2793.65,2814.13
6000,1.51,10052.05,3361.80,3381.07
7000,0.40,11699.04,3928.81,3972.92
8000,2.35,13463.92,4496.95,4446.90
9000,2.90,15259.06,5065.10,4890.61
10000,1.77,16883.75,5631.54,5504.77
