episode,epReward,cumReward,cumRegret,empRegret
10,0.00,-5.60,4.22,10.04
20,1.47,1.07,7.44,7.82
30,1.74,13.41,8.44,-0.08
40,3.16,21.48,8.44,-3.70
50,0.90,26.01,8.44,-3.79
60,-0.48,27.58,8.44,-0.92
70,1.51,33.58,8.44,-2.47
80,0.00,40.20,8.44,-4.64
90,1.28,47.65,8.44,-7.65
100,0.00,51.23,8.44,-6.78
200,0.00,91.04,9.11,-2.16
300,0.84,118.77,9.11,14.57
400,0.34,155.74,10.11,22.03
500,1.95,211.44,10.78,10.78
600,0.00,249.30,10.78,17.37
700,3.98,291.69,10.78,19.42
800,0.00,342.45,10.78,13.10
900,0.00,385.95,10.78,14.05
1000,0.00,430.72,11.78,13.72
2000,0.00,802.82,13.44,86.07
3000,0.82,1237.77,15.11,95.56
4000,0.00,1638.73,16.44,139.05
5000,1.85,2101.20,16.44,121.02
6000,0.00,2548.46,16.44,118.21
7000,3.14,2988.39,16.44,122.72
8000,0.00,3419.15,16.44,136.40
9000,0.00,3843.31,17.89,156.69
10000,0.16,4280.44,17.89,164.01
