episode,epReward,cumReward,cumRegret,empRegret
10,0.89,1.51,2.89,2.94
20,0.00,4.70,4.67,4.19
30,0.00,10.48,6.00,2.86
40,0.00,8.03,7.67,9.75
50,0.00,12.97,7.67,9.25
60,0.00,14.28,9.33,12.39
70,0.00,16.24,9.33,14.87
80,0.00,17.82,9.33,17.73
90,0.00,21.98,10.33,18.02
100,-0.43,22.41,11.00,22.03
200,0.00,69.38,13.00,19.51
300,0.00,118.88,14.00,14.45
400,0.00,162.19,15.67,15.59
500,2.91,199.70,16.67,22.53
600,0.99,238.28,16.67,28.39
700,0.88,274.56,16.67,36.55
800,0.00,309.01,16.67,46.55
900,0.00,351.82,16.67,48.18
1000,0.72,393.25,16.67,51.19
2000,2.95,824.61,18.67,64.28
3000,0.00,1228.23,18.67,105.10
4000,0.00,1696.44,18.67,81.34
5000,0.00,2145.49,19.33,76.73
6000,0.00,2616.36,19.78,50.30
7000,0.00,3084.47,19.78,26.64
8000,0.00,3531.82,20.22,23.73
9000,2.52,3989.54,20.22,10.46
10000,1.43,4421.19,20.22,23.26
