episode,epReward,cumReward,cumRegret,empRegret
10,0.44,24.50,10.27,3.57
20,0.00,53.20,14.66,2.94
30,2.77,73.95,20.99,10.26
40,2.91,104.73,23.83,7.55
50,-0.81,124.06,29.34,16.29
60,2.56,147.92,33.00,20.50
70,5.05,173.85,35.25,22.64
80,1.74,200.62,37.49,23.95
90,1.08,225.76,41.98,26.88
100,1.12,247.23,47.58,33.48
200,2.86,492.20,87.43,69.22
300,1.49,726.79,119.79,115.33
400,1.53,959.46,159.05,163.37
500,4.00,1190.10,198.31,213.43
600,2.68,1454.64,229.71,229.59
700,3.62,1687.07,266.73,277.88
800,1.25,1943.19,305.99,302.46
900,2.83,2151.31,337.52,375.05
1000,1.77,2392.92,374.00,414.14
2000,2.18,4775.23,742.95,838.90
3000,0.93,7273.50,1121.01,1147.69
4000,2.80,9701.83,1469.03,1526.42
5000,3.86,12140.34,1827.96,1894.98
6000,1.74,14577.42,2222.40,2264.97
7000,1.33,17027.17,2595.09,2622.27
8000,2.93,19467.30,2977.05,2989.21
9000,3.21,21873.05,3365.80,3390.52
10000,3.12,24213.91,3711.76,3856.72
