episode,epReward,cumReward,cumRegret,empRegret
10,1.37,19.68,9.90,12.70
20,3.04,39.88,20.65,24.89
30,5.24,69.91,26.81,27.24
40,1.55,93.15,33.30,36.39
50,0.19,120.63,38.17,41.29
60,4.53,148.17,40.77,46.14
70,6.49,172.35,44.01,54.34
80,2.10,204.40,44.99,54.68
90,1.03,221.00,51.19,70.46
100,4.14,250.57,52.16,73.28
200,4.37,553.95,72.97,93.74
300,6.32,850.78,90.49,120.77
400,3.95,1140.45,108.99,154.94
500,4.98,1468.48,123.59,150.76
600,3.16,1752.07,140.14,191.02
700,5.29,2050.14,154.42,216.80
800,3.30,2333.66,177.48,257.12
900,3.77,2661.04,193.38,253.59
1000,2.00,2981.66,211.88,256.82
2000,3.74,5976.24,380.32,500.72
3000,4.98,9048.57,537.05,666.87
4000,2.10,12045.60,697.34,908.33
5000,2.53,15127.85,865.43,1064.55
6000,-0.08,18188.68,1037.77,1242.21
7000,4.70,21315.35,1205.85,1354.02
8000,1.97,24323.53,1365.17,1584.32
9000,0.96,27472.67,1528.71,1673.66
10000,5.06,30560.22,1686.41,1824.59
