episode,epReward,cumReward,cumRegret,empRegret,perf
10,3.79,18.22,3.34,-3.28,18.22
20,2.24,35.25,4.96,-5.37,35.25
30,-0.63,34.80,6.37,10.03,34.80
40,2.83,40.18,6.94,19.60,40.18
50,1.80,56.44,7.39,18.28,56.44
60,2.14,69.61,11.13,20.05,69.61
70,1.94,98.85,12.13,5.76,98.85
80,-4.89,117.67,12.99,1.88,117.67
90,3.62,124.01,14.45,10.48,124.01
100,-0.93,128.73,15.01,20.71,128.73
200,2.48,253.27,21.02,45.61,253.27
300,0.77,382.93,27.31,65.38,382.93
400,7.04,538.77,34.90,58.98,538.77
500,-0.21,686.67,42.17,60.52,686.67
600,2.75,811.48,49.04,85.14,811.48
700,-0.05,930.12,59.64,115.94,930.12
800,3.54,1029.81,66.05,165.68,1029.81
900,3.74,1152.80,72.02,192.14,1152.80
1000,2.02,1306.75,75.90,187.62,1306.75
2000,2.69,2725.87,94.80,262.87,2725.87
3000,0.62,4209.50,104.40,273.62,4209.50
4000,1.84,5619.68,116.23,357.80,5619.68
5000,0.42,7175.71,122.69,296.14,7175.71
6000,-0.06,8579.59,124.51,386.63,8579.59
7000,3.02,10124.30,125.05,336.29,10124.30
8000,-2.71,11501.60,125.18,453.36,11501.60
9000,1.35,12930.34,125.73,519.00,12930.34
10000,5.34,14325.60,126.81,618.11,14325.60
