episode,epReward,cumReward,cumRegret,empRegret,perf
10,1.09,9.83,8.03,-0.75,9.83
20,0.28,14.59,11.40,3.56,14.59
30,2.25,18.68,14.95,8.55,18.68
40,-0.11,29.83,17.23,6.47,29.83
50,0.63,48.83,18.47,-3.46,48.83
60,1.89,63.70,18.52,-9.25,63.70
70,-2.36,65.94,19.72,-2.42,65.94
80,-0.67,61.86,19.74,10.74,61.86
90,4.19,71.56,19.76,10.12,71.56
100,1.51,83.39,19.76,7.36,83.39
200,3.06,155.30,20.48,26.20,155.30
300,2.06,244.25,21.10,28.00,244.25
400,5.02,324.89,22.49,38.11,324.89
500,1.58,418.43,22.64,35.32,418.43
600,3.63,494.39,23.23,50.11,494.39
700,-0.15,553.55,24.69,81.71,553.55
800,0.01,645.74,28.64,80.26,645.74
900,0.01,756.33,29.33,60.43,756.33
1000,1.51,849.71,30.03,57.79,849.71
2000,2.59,1896.02,46.21,-81.01,1896.02
3000,-1.02,2879.78,56.51,-157.25,2879.78
4000,2.60,3695.26,64.79,-65.23,3695.26
5000,2.53,4642.69,73.54,-105.15,4642.69
6000,0.53,5625.26,83.76,-180.21,5625.26
7000,-0.13,6451.53,93.31,-98.98,6451.53
8000,0.42,7376.10,99.66,-116.04,7376.10
9000,1.49,8378.48,106.49,-210.91,8378.48
10000,0.23,9266.32,110.63,-191.24,9266.32
