episode,epReward,cumReward,cumRegret,empRegret,perf
10,1.07,-0.89,17.63,15.89,-0.89
20,-1.80,3.31,30.38,26.69,3.31
30,4.80,20.67,39.00,24.33,20.67
40,0.32,30.51,39.00,29.49,30.51
50,4.12,44.88,39.00,30.12,44.88
60,4.03,59.08,39.00,30.92,59.08
70,1.64,77.23,39.00,27.77,77.23
80,4.68,95.10,40.50,24.90,95.10
90,-1.93,107.07,40.50,27.93,107.07
100,2.87,126.22,40.50,23.78,126.22
200,1.28,308.11,40.50,-8.11,308.11
300,4.23,433.84,40.50,16.16,433.84
400,2.18,579.61,40.50,20.39,579.61
500,4.01,741.89,40.50,8.11,741.89
600,3.89,942.26,40.50,-42.26,942.26
700,1.55,1078.35,40.50,-28.35,1078.35
800,0.00,1249.14,40.50,-49.14,1249.14
900,4.45,1385.42,40.50,-35.42,1385.42
1000,0.00,1563.69,40.50,-63.69,1563.69
2000,3.60,3182.45,40.50,-182.45,3182.45
3000,2.41,4787.91,40.50,-287.91,4787.91
4000,3.67,6305.38,40.50,-305.38,6305.38
5000,0.00,7633.24,40.50,-133.24,7633.24
6000,4.85,9057.84,40.50,-57.84,9057.84
7000,3.13,10414.84,40.50,85.16,10414.84
8000,-0.51,11888.44,40.50,111.56,11888.44
9000,4.25,13332.00,40.50,168.00,13332.00
10000,3.54,14855.38,40.50,144.62,14855.38
