episode,epReward,cumReward,cumRegret,empRegret,perf
10,1.77,8.55,9.00,6.45,8.55
20,-0.28,22.35,14.25,7.65,22.35
30,3.90,37.24,16.50,7.76,37.24
40,2.46,60.68,16.50,-0.68,60.68
50,4.67,72.94,16.50,2.06,72.94
60,3.46,85.15,18.00,4.85,85.15
70,3.50,97.84,18.00,7.16,97.84
80,2.50,113.43,18.00,6.57,113.43
90,0.00,118.54,18.00,16.46,118.54
100,0.00,145.73,18.00,4.27,145.73
200,0.00,277.26,20.25,22.74,277.26
300,0.00,430.46,20.25,19.54,430.46
400,0.00,565.14,20.25,34.86,565.14
500,0.90,710.10,20.25,39.90,710.10
600,0.00,854.80,20.25,45.20,854.80
700,3.37,989.05,20.25,60.95,989.05
800,0.00,1170.12,20.25,29.88,1170.12
900,1.89,1303.49,20.25,46.51,1303.49
1000,0.00,1431.52,20.25,68.48,1431.52
2000,3.49,3006.05,20.25,-6.05,3006.05
3000,4.20,4535.02,20.25,-35.02,4535.02
4000,3.70,5985.51,22.50,14.49,5985.51
5000,-1.94,7520.59,22.50,-20.59,7520.59
6000,0.00,8942.72,22.50,57.28,8942.72
7000,4.86,10507.58,22.50,-7.58,10507.58
8000,0.00,11977.73,25.88,22.27,11977.73
9000,0.00,13446.03,25.88,53.97,13446.03
10000,3.21,14954.57,25.88,45.43,14954.57
