episode,epReward,cumReward,cumRegret,empRegret,perf
10,-1.01,0.12,4.68,7.77,0.12
20,-1.56,6.59,8.30,9.20,6.59
30,0.51,9.55,13.73,14.14,9.55
40,0.22,16.69,18.39,14.89,16.69
50,0.29,26.60,22.81,12.87,26.60
60,0.13,28.84,25.52,18.53,28.84
70,-1.58,36.13,28.03,19.13,36.13
80,2.62,48.97,30.13,14.19,48.97
90,-0.30,56.31,31.32,14.74,56.31
100,1.16,63.42,32.33,15.53,63.42
200,1.85,133.41,36.60,24.47,133.41
300,0.46,218.37,42.81,18.46,218.37
400,1.12,291.51,44.39,24.26,291.51
500,1.18,345.67,47.22,49.05,345.67
600,0.96,433.19,47.61,40.46,433.19
700,1.60,494.66,48.00,57.94,494.66
800,-0.04,538.62,50.98,92.92,538.62
900,-0.42,590.41,52.87,120.07,590.41
1000,0.31,698.38,53.26,91.05,698.38
2000,2.31,1446.08,57.30,132.78,1446.08
3000,2.73,2287.61,58.09,80.67,2287.61
4000,-1.03,2996.77,58.88,160.95,2996.77
5000,2.60,3804.77,59.07,142.37,3804.77
6000,1.91,4487.84,59.27,248.73,4487.84
7000,4.66,5440.95,59.27,85.05,5440.95
8000,-1.76,6270.25,59.66,45.18,6270.25
9000,0.34,7037.21,59.66,67.64,7037.21
10000,1.19,7857.59,59.66,36.69,7857.59
