episode,epReward,cumReward,cumRegret,empRegret,perf
10,5.30,33.28,8.02,6.73,33.28
20,4.65,63.18,8.31,16.84,63.18
30,5.25,107.45,8.74,12.58,107.45
40,5.01,153.88,8.88,6.16,153.88
50,5.57,199.76,9.31,0.29,199.76
60,4.83,243.42,9.89,-3.36,243.42
70,2.76,290.10,10.03,-10.03,290.10
80,5.44,328.91,10.18,-8.83,328.91
90,2.68,366.71,10.32,-6.62,366.71
100,5.61,405.62,10.47,-5.52,405.62
200,-0.13,791.06,11.91,9.14,791.06
300,5.18,1188.58,13.35,11.73,1188.58
400,1.00,1577.06,14.07,23.34,1577.06
500,4.82,1973.12,14.93,27.38,1973.12
600,5.69,2339.66,15.65,60.95,2339.66
700,2.46,2729.31,15.79,71.40,2729.31
800,1.33,3140.90,16.08,59.92,3140.90
900,2.79,3548.09,16.23,52.82,3548.09
1000,3.24,3938.63,16.95,62.39,3938.63
2000,3.38,7938.71,20.48,63.32,7938.71
3000,4.31,11936.80,23.01,66.25,11936.80
4000,6.77,16031.68,25.97,-27.61,16031.68
5000,2.41,19981.76,30.66,23.32,19981.76
6000,3.92,24047.81,31.67,-41.71,24047.81
7000,3.03,28033.18,34.40,-26.07,28033.18
8000,2.56,32115.28,36.64,-107.14,32115.28
9000,6.08,36122.25,37.94,-113.10,36122.25
10000,-1.22,40071.93,39.23,-61.76,40071.93
