episode,epReward,cumReward,cumRegret,empRegret,perf
10,-0.27,5.85,5.89,0.72,5.85
20,0.06,15.79,9.70,-2.65,15.79
30,-0.75,10.38,17.26,9.33,10.38
40,1.08,10.12,19.73,16.16,10.12
50,0.21,17.64,21.90,15.21,17.64
60,0.63,34.41,22.31,5.01,34.41
70,1.09,33.94,23.00,12.05,33.94
80,1.60,30.52,24.22,22.04,30.52
90,1.33,29.43,28.29,29.70,29.43
100,0.69,28.93,29.23,36.78,28.93
200,1.30,112.44,38.87,18.96,112.44
300,4.94,157.79,49.74,39.32,157.79
400,-4.09,238.60,60.49,24.21,238.60
500,1.85,309.22,66.91,19.29,309.22
600,-0.50,354.63,74.30,39.59,354.63
700,-0.62,417.99,78.14,41.93,417.99
800,-2.03,463.93,82.26,61.69,463.93
900,2.52,514.30,85.16,77.03,514.30
1000,0.79,571.36,88.54,85.66,571.36
2000,0.39,1313.93,105.01,0.12,1313.93
3000,1.02,1961.80,111.16,9.28,1961.80
4000,-2.38,2580.41,111.81,47.70,2580.41
5000,-1.06,3184.27,113.85,100.86,3184.27
6000,-1.24,3861.23,115.24,80.93,3861.23
7000,2.97,4546.12,116.26,53.07,4546.12
8000,-0.10,5235.61,116.50,20.60,5235.61
9000,4.14,5947.12,117.72,-33.88,5947.12
10000,0.82,6621.93,118.32,-51.66,6621.93
