episode,epReward,cumReward,cumRegret,empRegret,perf
10,5.07,21.70,7.57,5.25,21.70
20,5.18,46.90,8.46,7.00,46.90
30,2.80,67.01,8.46,13.84,67.01
40,1.19,93.63,9.36,14.16,93.63
50,2.50,117.97,10.39,16.78,117.97
60,5.73,151.19,10.39,10.50,151.19
70,3.00,171.56,10.98,17.08,171.56
80,-4.80,190.76,14.69,24.83,190.76
90,5.48,224.38,14.69,18.16,224.38
100,2.43,250.63,14.69,18.86,250.63
200,1.44,485.54,18.28,53.43,485.54
300,1.31,730.01,19.18,78.45,730.01
400,3.05,994.82,19.18,83.13,994.82
500,1.84,1259.75,21.13,87.68,1259.75
600,0.38,1528.99,22.19,87.92,1528.99
700,0.99,1813.48,23.24,72.92,1813.48
800,4.48,2087.56,23.24,68.33,2087.56
900,5.28,2364.35,23.24,61.02,2364.35
1000,0.86,2620.21,23.24,74.65,2620.21
2000,3.88,5307.15,24.89,82.57,5307.15
3000,1.69,8061.97,27.12,22.61,8061.97
4000,6.20,10711.60,27.70,67.83,10711.60
5000,4.42,13424.00,29.94,50.30,13424.00
6000,2.89,16068.75,31.11,100.41,16068.75
7000,1.47,18728.13,31.11,135.88,18728.13
8000,3.47,21292.06,31.11,266.82,21292.06
9000,-2.88,23991.57,33.34,262.16,23991.57
10000,3.94,26616.56,33.93,332.03,26616.56
