episode,epReward,cumReward,cumRegret,empRegret,perf
10,0.00,3.59,12.00,11.41,3.59
20,0.00,11.32,23.25,18.68,11.32
30,3.80,22.67,24.75,22.33,22.67
40,0.30,34.55,24.75,25.45,34.55
50,0.00,35.23,27.75,39.77,35.23
60,0.00,42.76,29.25,47.24,42.76
70,3.32,58.20,29.25,46.80,58.20
80,4.20,80.94,29.25,39.06,80.94
90,3.71,97.53,29.25,37.47,97.53
100,1.91,109.89,29.25,40.11,109.89
200,-0.61,262.06,29.25,37.94,262.06
300,-0.16,426.18,32.63,23.82,426.18
400,2.31,586.43,32.63,13.57,586.43
500,4.09,751.50,32.63,-1.50,751.50
600,-0.16,915.51,32.63,-15.51,915.51
700,0.00,1053.03,32.63,-3.03,1053.03
800,-0.10,1187.12,32.63,12.88,1187.12
900,1.39,1303.92,32.63,46.08,1303.92
1000,0.00,1454.42,32.63,45.58,1454.42
2000,4.98,2950.61,32.63,49.39,2950.61
3000,0.46,4409.42,34.88,90.58,4409.42
4000,0.00,5793.91,34.88,206.09,5793.91
5000,4.31,7238.29,37.13,261.71,7238.29
6000,4.36,8679.63,37.13,320.37,8679.63
7000,0.00,10055.41,37.13,444.59,10055.41
8000,4.39,11579.04,37.13,420.96,11579.04
9000,0.00,13112.71,37.13,387.29,13112.71
10000,0.08,14569.69,37.13,430.31,14569.69
