episode,epReward,cumReward,cumRegret,empRegret,perf
10,0.00,7.53,6.00,7.47,7.53
20,0.00,15.69,9.75,14.31,15.69
30,0.00,22.10,15.75,22.90,22.10
40,0.00,39.47,17.25,20.53,39.47
50,2.30,59.77,17.25,15.23,59.77
60,1.40,72.58,17.25,17.42,72.58
70,0.00,86.51,18.75,18.49,86.51
80,0.00,94.65,18.75,25.35,94.65
90,0.00,102.72,18.75,32.28,102.72
100,3.96,119.74,18.75,30.26,119.74
200,2.81,265.75,23.25,34.25,265.75
300,3.31,404.38,23.25,45.62,404.38
400,3.49,548.86,23.25,51.14,548.86
500,2.08,723.78,23.25,26.22,723.78
600,4.10,912.52,23.25,-12.52,912.52
700,0.00,1061.79,25.50,-11.79,1061.79
800,2.84,1258.02,25.50,-58.02,1258.02
900,5.53,1418.53,25.50,-68.53,1418.53
1000,3.63,1569.25,25.50,-69.25,1569.25
2000,2.54,3102.32,25.50,-102.32,3102.32
3000,3.38,4557.03,25.50,-57.03,4557.03
4000,0.00,6073.51,25.50,-73.51,6073.51
5000,3.49,7654.35,28.88,-154.35,7654.35
6000,3.31,9121.66,31.13,-121.66,9121.66
7000,-1.38,10677.09,31.13,-177.09,10677.09
8000,0.18,12166.88,31.13,-166.88,12166.88
9000,0.00,13607.31,31.13,-107.31,13607.31
10000,-0.51,14992.92,31.13,7.08,14992.92
