episode,epReward,cumReward,cumRegret,empRegret,perf
10,-0.73,3.90,7.50,11.10,3.90
20,3.05,12.92,9.75,17.08,12.92
30,2.63,36.31,13.50,8.69,36.31
40,2.17,49.42,13.50,10.58,49.42
50,2.63,75.43,13.50,-0.43,75.43
60,2.59,95.54,13.50,-5.54,95.54
70,5.43,111.58,13.50,-6.58,111.58
80,0.22,130.38,13.50,-10.38,130.38
90,0.00,137.80,13.50,-2.80,137.80
100,0.00,140.95,13.50,9.05,140.95
200,-1.09,306.60,13.50,-6.60,306.60
300,3.66,449.53,15.75,0.47,449.53
400,3.80,575.15,15.75,24.85,575.15
500,0.69,756.90,15.75,-6.90,756.90
600,0.00,940.77,15.75,-40.77,940.77
700,-1.87,1092.75,15.75,-42.75,1092.75
800,0.26,1277.28,19.13,-77.28,1277.28
900,1.30,1419.31,21.38,-69.31,1419.31
1000,3.51,1545.89,21.38,-45.89,1545.89
2000,-2.18,3089.50,21.38,-89.50,3089.50
3000,4.28,4559.03,21.38,-59.03,4559.03
4000,0.00,6030.37,21.38,-30.37,6030.37
5000,0.00,7565.88,21.38,-65.88,7565.88
6000,3.25,9129.19,21.38,-129.19,9129.19
7000,-1.32,10600.60,21.38,-100.60,10600.60
8000,0.00,12027.23,21.38,-27.23,12027.23
9000,-1.29,13567.46,21.38,-67.46,13567.46
10000,3.42,14883.20,21.38,116.80,14883.20
