episode,epReward,cumReward,cumRegret,empRegret,perf
10,-1.11,-29.58,11.11,11.30,-29.58
20,-3.15,-49.60,14.72,13.04,-49.60
30,-2.98,-55.37,15.90,0.53,-55.37
40,-2.79,-79.19,18.01,6.07,-79.19
50,-0.00,-89.83,20.80,-1.56,-89.83
60,-1.15,-115.43,23.19,5.76,-115.43
70,-3.89,-143.63,25.04,15.68,-143.63
80,0.85,-158.90,25.04,12.67,-158.90
90,1.61,-177.41,25.04,12.90,-177.41
100,-0.87,-191.16,25.04,8.37,-191.16
200,-1.50,-380.71,31.59,15.13,-380.71
300,-0.78,-552.44,48.05,4.07,-552.44
400,-2.20,-736.66,55.29,5.51,-736.66
500,-2.70,-883.59,59.82,-30.35,-883.59
600,-0.93,-1069.91,61.58,-26.82,-1069.91
700,-1.05,-1255.43,62.15,-24.09,-1255.43
800,0.40,-1441.48,63.81,-20.82,-1441.48
900,-1.94,-1627.53,64.37,-17.56,-1627.53
1000,-8.04,-1829.93,64.94,2.05,-1829.93
2000,-5.62,-3706.31,66.63,50.56,-3706.31
3000,-4.92,-5426.40,68.39,-57.23,-5426.40
4000,-0.83,-7299.65,69.52,-11.85,-7299.65
5000,-1.48,-9123.81,70.09,-15.57,-9123.81
6000,-3.98,-10966.63,70.65,-0.62,-10966.63
7000,-0.69,-12747.62,70.65,-47.51,-12747.62
8000,-2.34,-14505.89,71.21,-117.12,-14505.89
9000,-1.24,-16382.74,72.98,-68.15,-16382.74
10000,-0.43,-18223.73,74.18,-55.03,-18223.73
