episode,epReward,cumReward,cumRegret,empRegret,perf
10,0.00,-5.51,13.88,20.51,-5.51
20,3.66,13.24,19.50,16.76,13.24
30,0.00,20.20,19.50,24.80,20.20
40,2.38,34.17,22.50,25.83,34.17
50,3.37,50.56,22.50,24.44,50.56
60,0.00,61.11,27.75,28.89,61.11
70,0.00,79.73,27.75,25.27,79.73
80,4.46,93.57,27.75,26.43,93.57
90,3.13,105.18,27.75,29.82,105.18
100,0.00,125.20,27.75,24.80,125.20
200,2.96,278.32,30.00,21.68,278.32
300,0.00,418.33,32.25,31.67,418.33
400,-1.58,560.66,32.25,39.34,560.66
500,0.00,733.32,34.50,16.68,733.32
600,4.22,892.55,34.50,7.45,892.55
700,0.00,1063.25,34.50,-13.25,1063.25
800,3.34,1188.06,34.50,11.94,1188.06
900,0.00,1340.40,36.75,9.60,1340.40
1000,0.00,1460.95,36.75,39.05,1460.95
2000,-0.50,3029.27,36.75,-29.27,3029.27
3000,0.00,4458.90,36.75,41.10,4458.90
4000,2.36,5986.58,36.75,13.42,5986.58
5000,4.17,7507.09,36.75,-7.09,7507.09
6000,3.26,9145.14,36.75,-145.14,9145.14
7000,3.98,10548.23,36.75,-48.23,10548.23
8000,-2.94,12075.43,36.75,-75.43,12075.43
9000,2.94,13586.13,36.75,-86.13,13586.13
10000,2.10,15006.29,36.75,-6.29,15006.29
