episode,epReward,cumReward,cumRegret,empRegret,perf
10,0.00,-3.39,14.25,18.39,-3.39
20,0.00,7.23,18.75,22.77,7.23
30,0.00,16.30,20.25,28.70,16.30
40,0.00,35.86,20.25,24.14,35.86
50,-1.48,45.13,23.25,29.87,45.13
60,0.00,62.90,24.75,27.10,62.90
70,1.59,75.44,24.75,29.56,75.44
80,1.49,94.07,24.75,25.93,94.07
90,2.26,103.33,24.75,31.67,103.33
100,4.44,116.01,26.25,33.99,116.01
200,0.00,275.63,26.25,24.37,275.63
300,-0.56,439.98,26.25,10.02,439.98
400,-1.41,606.85,26.25,-6.85,606.85
500,-0.23,746.65,26.25,3.35,746.65
600,2.81,867.71,26.25,32.29,867.71
700,2.12,1042.56,26.25,7.44,1042.56
800,2.84,1222.10,26.25,-22.10,1222.10
900,0.93,1343.32,26.25,6.68,1343.32
1000,1.49,1481.92,26.25,18.08,1481.92
2000,3.68,2930.98,26.25,69.02,2930.98
3000,2.61,4350.91,26.25,149.09,4350.91
4000,-1.61,5951.02,26.25,48.98,5951.02
5000,0.00,7440.21,26.25,59.79,7440.21
6000,0.77,8965.62,26.25,34.38,8965.62
7000,4.05,10569.30,26.25,-69.30,10569.30
8000,0.72,11999.03,26.25,0.97,11999.03
9000,0.00,13407.44,26.25,92.56,13407.44
10000,4.28,14903.34,28.50,96.66,14903.34
