episode,epReward,cumReward,cumRegret,empRegret,perf
10,-0.74,28.74,2.72,5.70,28.74
20,5.77,67.05,2.72,1.83,67.05
30,4.16,93.38,2.72,9.92,93.38
40,0.48,123.18,2.72,14.56,123.18
50,2.13,156.68,2.72,15.51,156.68
60,2.03,192.09,2.72,14.53,192.09
70,6.10,230.84,2.72,10.21,230.84
80,2.46,260.73,2.72,14.76,260.73
90,3.77,294.29,2.72,15.64,294.29
100,1.41,325.40,2.72,18.96,325.40
200,4.50,668.23,2.72,20.49,668.23
300,5.01,1038.34,2.72,-5.26,1038.34
400,0.07,1386.14,2.72,-8.69,1386.14
500,4.29,1726.67,2.72,-4.87,1726.67
600,1.94,2082.55,2.72,-16.39,2082.55
700,2.36,2410.61,2.72,-0.09,2410.61
800,2.13,2766.53,2.72,-11.65,2766.53
900,3.34,3121.19,2.72,-21.94,3121.19
1000,4.45,3451.30,2.72,-7.69,3451.30
2000,3.54,6891.41,2.72,-4.20,6891.41
3000,2.48,10221.38,12.75,109.44,10221.38
4000,4.42,13664.23,12.75,110.19,13664.23
5000,5.69,17117.63,12.75,100.39,17117.63
6000,3.01,20543.49,12.75,118.14,20543.49
7000,0.95,23939.93,12.75,165.31,23939.93
8000,6.79,27384.20,12.75,164.63,27384.20
9000,3.96,30835.70,12.75,156.75,30835.70
10000,6.12,34282.30,12.75,153.75,34282.30
