episode,epReward,cumReward,cumRegret,empRegret,perf
10,1.27,8.32,2.86,7.85,8.32
20,-0.20,13.57,4.25,18.77,13.57
30,-0.51,29.53,5.06,18.98,29.53
40,4.34,44.14,6.55,20.55,44.14
50,1.38,62.62,6.55,18.24,62.62
60,-0.40,79.78,8.03,17.25,79.78
70,-0.00,97.22,8.03,15.98,97.22
80,1.04,112.39,8.03,16.99,112.39
90,3.77,133.70,8.03,11.85,133.70
100,-1.68,144.82,8.40,16.89,144.82
200,1.30,319.42,8.78,4.02,319.42
300,1.83,514.94,9.59,-29.79,514.94
400,2.25,685.74,10.43,-38.88,685.74
500,-0.65,849.16,10.88,-40.58,849.16
600,0.48,1000.65,11.26,-30.36,1000.65
700,1.20,1150.04,12.45,-18.03,1150.04
800,0.22,1292.70,15.37,1.03,1292.70
900,1.61,1459.16,16.18,-3.72,1459.16
1000,2.11,1599.51,16.18,17.64,1599.51
2000,2.12,3223.05,20.58,11.26,3223.05
3000,4.19,4848.24,22.06,3.23,4848.24
4000,2.38,6421.15,24.00,47.47,6421.15
5000,2.84,8090.90,25.29,-5.12,8090.90
6000,0.77,9647.99,26.65,54.94,9647.99
7000,0.80,11139.95,28.02,180.14,11139.95
8000,1.45,12686.55,29.39,250.69,12686.55
9000,1.83,14381.56,30.30,172.84,14381.56
10000,0.55,15952.08,30.30,219.47,15952.08
