episode,epReward,cumReward,cumRegret,empRegret,perf
10,1.71,0.36,10.39,3.27,0.36
20,0.48,1.25,12.55,6.02,1.25
30,0.51,4.72,14.38,6.18,4.72
40,0.54,16.89,16.21,-2.35,16.89
50,-2.24,15.84,17.71,2.34,15.84
60,1.32,17.72,18.37,4.09,17.72
70,3.16,20.44,18.70,5.01,20.44
80,1.35,26.95,19.52,2.13,26.95
90,-0.41,26.48,19.52,6.24,26.48
100,0.92,34.16,19.52,2.20,34.16
200,3.66,71.13,27.77,1.58,71.13
300,-3.25,89.99,36.49,19.06,89.99
400,2.37,105.85,37.80,39.56,105.85
500,1.26,108.30,41.60,73.47,108.30
600,2.16,141.16,42.59,76.96,141.16
700,-0.07,190.40,43.57,64.07,190.40
800,-1.22,209.47,44.56,81.35,209.47
900,-0.43,260.76,44.88,66.42,260.76
1000,-1.99,314.00,45.21,49.53,314.00
2000,0.62,540.15,48.49,186.91,540.15
3000,-0.72,920.28,49.80,170.31,920.28
4000,2.66,1299.54,51.12,154.58,1299.54
5000,0.03,1692.48,51.45,125.17,1692.48
6000,0.77,1998.48,51.77,182.70,1998.48
7000,3.39,2346.14,53.28,198.57,2346.14
8000,0.84,2742.07,53.28,166.17,2742.07
9000,0.53,3060.93,53.28,210.84,3060.93
10000,1.11,3236.28,53.28,399.02,3236.28
