episode,epReward,cumReward,cumRegret,empRegret,perf
10,0.00,-0.92,12.00,15.92,-0.92
20,0.00,-3.23,21.75,33.23,-3.23
30,0.00,-3.23,30.75,48.23,-3.23
40,0.00,-3.47,43.50,63.47,-3.47
50,0.00,16.24,43.50,58.76,16.24
60,-1.05,21.06,46.50,68.94,21.06
70,3.02,40.57,46.50,64.43,40.57
80,4.69,53.23,46.50,66.77,53.23
90,0.21,70.97,46.50,64.03,70.97
100,0.00,84.88,46.50,65.12,84.88
200,0.25,258.83,46.50,41.17,258.83
300,0.41,432.38,46.50,17.62,432.38
400,0.00,614.97,46.50,-14.97,614.97
500,1.76,761.94,46.50,-11.94,761.94
600,0.00,921.72,46.50,-21.72,921.72
700,-2.11,1088.52,46.50,-38.52,1088.52
800,0.35,1245.58,46.50,-45.58,1245.58
900,4.44,1396.92,46.50,-46.92,1396.92
1000,0.00,1537.81,46.50,-37.81,1537.81
2000,2.99,3043.33,46.50,-43.33,3043.33
3000,0.00,4505.99,46.50,-5.99,4505.99
4000,0.92,6000.08,46.50,-0.08,6000.08
5000,-0.42,7510.10,46.50,-10.10,7510.10
6000,-2.80,9022.56,46.50,-22.56,9022.56
7000,0.00,10481.32,46.50,18.68,10481.32
8000,3.13,11943.11,46.50,56.89,11943.11
9000,-0.26,13315.26,46.50,184.74,13315.26
10000,0.00,14862.37,46.50,137.63,14862.37
