episode,epReward,cumReward,cumRegret,empRegret,perf
10,-1.13,7.58,5.17,6.49,7.58
20,-1.93,20.43,9.35,7.71,20.43
30,2.85,31.66,9.96,10.56,31.66
40,1.70,45.24,10.06,11.05,45.24
50,1.68,58.51,10.19,11.86,58.51
60,-1.85,75.48,10.33,8.96,75.48
70,3.73,91.62,10.80,6.89,91.62
80,2.13,127.34,10.85,-14.76,127.34
90,0.09,146.02,11.04,-19.36,146.02
100,1.43,164.93,11.17,-24.20,164.93
200,1.40,328.45,13.83,-46.98,328.45
300,2.40,478.39,16.51,-56.19,478.39
400,1.52,610.62,18.39,-47.69,610.62
500,-2.10,778.11,21.16,-74.44,778.11
600,0.97,914.90,23.94,-70.50,914.90
700,-0.29,1060.48,27.25,-75.35,1060.48
800,-2.78,1217.05,29.60,-91.18,1217.05
900,-1.01,1343.09,31.90,-76.49,1343.09
1000,1.01,1474.27,33.84,-66.94,1474.27
2000,-1.49,2867.92,52.48,-53.26,2867.92
3000,3.89,4338.44,56.57,-116.43,4338.44
4000,1.62,5784.59,63.77,-155.25,5784.59
5000,-0.10,7121.39,64.56,-84.72,7121.39
6000,3.21,8591.26,65.63,-147.25,8591.26
7000,2.25,9909.06,66.19,-57.71,9909.06
8000,3.59,11308.91,67.29,-50.24,11308.91
9000,2.66,12740.82,67.95,-74.80,12740.82
10000,2.39,14164.29,68.36,-90.94,14164.29
