episode,epReward,cumReward,cumRegret,empRegret,perf
10,3.29,2.14,11.63,12.86,2.14
20,2.72,11.75,19.13,18.25,11.75
30,0.00,15.87,22.13,29.13,15.87
40,0.00,30.78,22.13,29.22,30.78
50,3.02,45.16,22.13,29.84,45.16
60,0.00,65.54,22.13,24.46,65.54
70,3.84,84.03,22.13,20.97,84.03
80,4.28,100.01,22.13,19.99,100.01
90,0.00,113.04,22.13,21.96,113.04
100,4.33,125.29,22.13,24.71,125.29
200,2.69,283.08,22.13,16.92,283.08
300,4.00,445.70,22.13,4.30,445.70
400,0.00,562.81,22.13,37.19,562.81
500,2.88,713.70,22.13,36.30,713.70
600,0.00,871.78,22.13,28.22,871.78
700,0.00,994.13,22.13,55.87,994.13
800,0.00,1134.60,22.13,65.40,1134.60
900,3.33,1279.34,22.13,70.66,1279.34
1000,4.83,1408.91,22.13,91.09,1408.91
2000,3.06,2865.14,22.13,134.86,2865.14
3000,0.00,4354.70,24.38,145.30,4354.70
4000,3.31,5772.14,24.38,227.86,5772.14
5000,2.63,7255.69,24.38,244.31,7255.69
6000,2.62,8689.22,24.38,310.78,8689.22
7000,0.00,10158.18,24.38,341.82,10158.18
8000,3.57,11653.48,24.38,346.52,11653.48
9000,0.00,12942.86,24.38,557.14,12942.86
10000,0.00,14450.25,24.38,549.75,14450.25
