episode,epReward,cumReward,cumRegret,empRegret,perf
10,0.00,6.78,10.88,8.22,6.78
20,2.32,15.22,12.38,14.78,15.22
30,0.00,27.64,13.88,17.36,27.64
40,1.81,35.20,13.88,24.80,35.20
50,2.93,44.05,16.13,30.95,44.05
60,0.35,63.78,18.38,26.22,63.78
70,1.43,87.29,19.88,17.71,87.29
80,1.74,98.33,19.88,21.67,98.33
90,2.92,108.38,19.88,26.62,108.38
100,3.69,116.72,23.63,33.28,116.72
200,3.54,266.72,23.63,33.28,266.72
300,-0.29,446.22,25.88,3.78,446.22
400,-1.13,589.31,25.88,10.69,589.31
500,0.05,747.35,25.88,2.65,747.35
600,3.78,913.77,25.88,-13.77,913.77
700,3.74,1058.52,25.88,-8.52,1058.52
800,-0.65,1208.85,25.88,-8.85,1208.85
900,1.93,1340.62,25.88,9.38,1340.62
1000,2.20,1496.76,25.88,3.24,1496.76
2000,2.91,3042.07,25.88,-42.07,3042.07
3000,-1.08,4654.12,25.88,-154.12,4654.12
4000,3.28,6203.41,25.88,-203.41,6203.41
5000,0.28,7675.80,25.88,-175.80,7675.80
6000,3.51,9106.13,25.88,-106.13,9106.13
7000,5.48,10618.03,25.88,-118.03,10618.03
8000,0.00,12167.29,25.88,-167.29,12167.29
9000,0.00,13638.00,25.88,-138.00,13638.00
10000,0.36,15154.59,25.88,-154.59,15154.59
