episode,epReward,cumReward,cumRegret,empRegret,perf
10,-1.09,-5.63,5.34,7.33,-5.63
20,-2.70,-5.46,6.46,8.86,-5.46
30,-2.70,-4.51,6.46,9.61,-4.51
40,-1.84,-4.55,8.00,11.34,-4.55
50,0.28,-0.10,9.11,8.59,-0.10
60,-1.02,-2.80,9.11,12.99,-2.80
70,-0.87,-2.90,9.11,14.79,-2.90
80,-3.81,-4.10,9.11,17.69,-4.10
90,-2.98,-10.34,9.11,25.62,-10.34
100,1.12,-8.40,10.65,25.38,-8.40
200,2.38,25.21,15.71,8.75,25.21
300,1.16,29.56,16.82,21.37,29.56
400,-0.93,43.26,22.84,24.65,43.26
500,3.52,79.99,23.95,4.90,79.99
600,2.97,96.05,25.07,5.82,96.05
700,-1.95,90.12,25.07,28.73,90.12
800,0.64,114.16,25.07,21.66,114.16
900,-0.13,147.20,28.58,5.61,147.20
1000,2.32,182.61,29.70,-12.83,182.61
2000,2.37,350.94,35.45,-11.38,350.94
3000,0.01,570.32,35.45,-60.99,570.32
4000,0.90,674.14,35.45,4.98,674.14
5000,0.70,838.93,36.56,9.97,838.93
6000,-0.16,1003.48,36.56,15.19,1003.48
7000,-0.23,1239.21,36.56,-50.75,1239.21
8000,2.22,1413.52,36.56,-55.29,1413.52
9000,2.22,1567.80,37.68,-39.79,1567.80
10000,1.35,1797.56,37.68,-99.76,1797.56
