episode,epReward,cumReward,cumRegret,empRegret,perf
10,4.18,13.26,9.38,1.74,13.26
20,3.15,21.87,13.88,8.13,21.87
30,0.00,36.41,13.88,8.59,36.41
40,2.06,45.57,16.88,14.43,45.57
50,-0.65,48.18,20.63,26.82,48.18
60,0.46,66.56,22.13,23.44,66.56
70,3.95,70.12,25.13,34.88,70.12
80,0.00,84.33,27.38,35.67,84.33
90,0.00,93.48,29.63,41.52,93.48
100,0.00,101.78,29.63,48.22,101.78
200,3.21,234.12,29.63,65.88,234.12
300,0.00,391.27,29.63,58.73,391.27
400,2.63,520.94,29.63,79.06,520.94
500,0.00,654.37,29.63,95.63,654.37
600,2.90,775.63,29.63,124.37,775.63
700,0.00,933.50,29.63,116.50,933.50
800,0.67,1105.16,29.63,94.84,1105.16
900,5.79,1269.08,29.63,80.92,1269.08
1000,0.00,1408.35,29.63,91.65,1408.35
2000,0.00,2896.72,31.88,103.28,2896.72
3000,0.00,4342.23,31.88,157.77,4342.23
4000,0.00,5829.35,31.88,170.65,5829.35
5000,3.98,7352.26,31.88,147.74,7352.26
6000,3.36,8881.88,31.88,118.12,8881.88
7000,3.38,10371.59,31.88,128.41,10371.59
8000,3.81,11926.02,31.88,73.98,11926.02
9000,0.00,13499.60,31.88,0.40,13499.60
10000,0.00,15029.70,31.88,-29.70,15029.70
