episode,epReward,cumReward,cumRegret,empRegret,perf
10,7.77,57.61,7.46,6.54,57.61
20,6.18,130.46,7.46,-2.17,130.46
30,7.52,194.22,7.46,-1.78,194.22
40,6.92,261.01,7.46,-4.43,261.01
50,4.92,324.04,7.46,-3.32,324.04
60,3.72,377.44,7.46,7.43,377.44
70,6.26,431.32,7.46,17.70,431.32
80,6.68,492.50,7.46,20.66,492.50
90,8.26,557.60,7.46,19.70,557.60
100,6.76,621.47,7.46,19.98,621.47
200,3.99,1253.66,7.46,29.24,1253.66
300,6.37,1914.11,7.46,10.25,1914.11
400,7.65,2536.52,7.46,29.29,2536.52
500,6.57,3186.30,7.46,20.96,3186.30
600,6.85,3836.82,7.46,11.89,3836.82
700,4.83,4473.60,7.46,16.56,4473.60
800,7.33,5109.59,7.46,22.02,5109.59
900,3.67,5715.22,7.46,57.84,5715.22
1000,7.00,6373.07,7.46,41.44,6373.07
2000,6.24,12740.51,7.46,88.52,12740.51
3000,5.18,19138.31,7.46,105.24,19138.31
4000,6.20,25526.32,7.46,131.74,25526.32
5000,4.23,31929.17,7.46,143.41,31929.17
6000,5.39,38342.89,7.46,144.20,38342.89
7000,9.60,44820.64,7.46,80.96,44820.64
8000,5.49,51289.98,7.46,26.14,51289.98
9000,4.90,57678.96,7.46,51.67,57678.96
10000,10.79,64179.01,7.46,-33.86,64179.01
