episode,epReward,cumReward,cumRegret,empRegret,perf
10,-1.36,1.65,13.88,13.35,1.65
20,0.00,-1.84,17.63,31.84,-1.84
30,4.74,12.33,25.13,32.67,12.33
40,0.00,22.24,25.13,37.76,22.24
50,2.47,34.91,25.13,40.09,34.91
60,0.00,48.18,25.13,41.82,48.18
70,2.12,60.10,25.13,44.90,60.10
80,1.76,76.28,25.13,43.72,76.28
90,0.00,81.49,27.38,53.51,81.49
100,5.26,95.98,27.38,54.02,95.98
200,0.00,239.25,27.38,60.75,239.25
300,1.97,392.31,27.38,57.69,392.31
400,3.36,564.55,27.38,35.45,564.55
500,2.80,728.42,27.38,21.58,728.42
600,0.00,861.13,27.38,38.87,861.13
700,0.00,1009.52,27.38,40.48,1009.52
800,0.85,1193.34,27.38,6.66,1193.34
900,4.14,1369.53,27.38,-19.53,1369.53
1000,0.00,1517.51,29.63,-17.51,1517.51
2000,3.03,3002.26,29.63,-2.26,3002.26
3000,0.00,4571.71,29.63,-71.71,4571.71
4000,0.00,6014.78,29.63,-14.78,6014.78
5000,0.00,7523.87,29.63,-23.87,7523.87
6000,2.26,8985.59,31.88,14.41,8985.59
7000,3.25,10554.76,31.88,-54.76,10554.76
8000,2.44,12041.43,31.88,-41.43,12041.43
9000,0.00,13412.47,31.88,87.53,13412.47
10000,0.00,14979.08,31.88,20.92,14979.08
