episode,epReward,cumReward,cumRegret,empRegret,perf
10,0.24,10.97,6.60,4.75,10.97
20,0.50,21.63,6.60,9.81,21.63
30,3.30,40.76,9.42,6.40,40.76
40,-0.36,57.65,10.77,5.23,57.65
50,-0.59,70.02,12.13,8.58,70.02
60,-0.25,76.74,14.48,17.58,76.74
70,2.87,95.46,15.77,14.59,95.46
80,2.02,113.09,15.77,12.67,113.09
90,0.08,129.01,15.77,12.47,129.01
100,-1.51,146.98,15.77,10.23,146.98
200,3.82,312.94,17.06,1.47,312.94
300,-0.27,420.99,18.35,50.62,420.99
400,-0.11,598.80,18.35,30.01,598.80
500,3.50,748.61,18.35,37.41,748.61
600,3.34,917.99,19.64,25.23,917.99
700,1.65,1054.41,23.57,46.01,1054.41
800,1.38,1180.46,24.93,77.16,1180.46
900,5.44,1340.84,24.93,73.98,1340.84
1000,0.48,1504.87,24.93,67.15,1504.87
2000,1.42,3056.62,30.40,87.42,3056.62
3000,-0.86,4624.70,34.19,91.37,4624.70
4000,0.25,6172.75,35.40,115.34,6172.75
5000,0.76,7811.70,35.40,48.42,7811.70
6000,-0.94,9419.76,35.40,12.38,9419.76
7000,-0.08,11016.55,40.63,-12.39,11016.55
8000,1.57,12678.57,42.15,-102.39,12678.57
9000,1.46,14145.62,43.51,2.59,14145.62
10000,2.12,15758.44,43.51,-38.21,15758.44
