episode,epReward,cumReward,cumRegret,empRegret,perf
10,-0.84,18.44,10.12,9.78,18.44
20,4.48,36.92,13.29,19.53,36.92
30,3.63,66.37,13.29,18.29,66.37
40,1.27,91.12,13.29,21.77,91.12
50,3.94,123.40,13.29,17.71,123.40
60,4.28,155.07,13.29,14.26,155.07
70,3.63,183.72,13.29,13.83,183.72
80,3.86,209.74,13.29,16.04,209.74
90,3.69,240.28,13.29,13.73,240.28
100,1.78,267.31,13.29,14.91,267.31
200,3.06,531.10,14.57,33.35,531.10
300,4.83,823.58,14.57,23.09,823.58
400,2.55,1090.36,14.57,38.53,1090.36
500,0.67,1381.27,14.57,29.84,1381.27
600,2.41,1659.72,14.57,33.63,1659.72
700,2.64,1916.87,14.57,58.70,1916.87
800,5.30,2181.70,14.57,76.09,2181.70
900,4.53,2473.03,14.57,66.98,2473.03
1000,3.93,2749.84,14.57,72.40,2749.84
2000,2.17,5625.28,15.85,19.19,5625.28
3000,4.86,8416.47,15.85,50.24,8416.47
4000,3.58,11253.54,15.85,35.40,11253.54
5000,2.69,14008.60,17.32,102.58,14008.60
6000,5.33,16890.95,17.32,42.46,16890.95
7000,4.62,19707.94,19.50,47.71,19707.94
8000,5.12,22478.79,19.50,99.10,22478.79
9000,3.82,25237.03,19.50,163.09,25237.03
10000,0.34,28065.74,19.50,156.62,28065.74
