episode,epReward,cumReward,cumRegret,empRegret,perf
10,0.00,1.54,11.63,13.46,1.54
20,0.00,6.86,16.88,23.14,6.86
30,0.00,13.34,21.38,31.66,13.34
40,0.00,24.50,21.38,35.50,24.50
50,0.00,42.74,21.38,32.26,42.74
60,0.00,56.12,22.88,33.88,56.12
70,3.34,62.71,22.88,42.29,62.71
80,-0.88,71.43,22.88,48.57,71.43
90,0.00,76.87,22.88,58.13,76.87
100,0.00,95.57,22.88,54.43,95.57
200,0.00,232.38,22.88,67.62,232.38
300,0.00,390.22,25.13,59.78,390.22
400,-0.04,537.53,25.13,62.47,537.53
500,0.00,684.06,25.13,65.94,684.06
600,3.79,862.77,27.38,37.23,862.77
700,0.14,1040.16,27.38,9.84,1040.16
800,0.00,1191.86,29.63,8.14,1191.86
900,0.00,1336.51,29.63,13.49,1336.51
1000,2.92,1475.46,29.63,24.54,1475.46
2000,3.12,3007.86,29.63,-7.86,3007.86
3000,1.95,4496.80,29.63,3.20,4496.80
4000,1.96,6119.32,29.63,-119.32,6119.32
5000,1.60,7613.42,29.63,-113.42,7613.42
6000,2.68,9027.38,29.63,-27.38,9027.38
7000,-2.02,10553.09,29.63,-53.09,10553.09
8000,0.39,12116.74,29.63,-116.74,12116.74
9000,1.07,13612.77,29.63,-112.77,13612.77
10000,-0.34,15031.45,29.63,-31.45,15031.45
