episode,epReward,cumReward,cumRegret,empRegret,perf
10,3.38,4.08,4.65,8.56,4.08
20,0.33,21.44,5.68,3.83,21.44
30,-0.86,32.22,5.68,5.69,32.22
40,1.25,47.77,6.17,2.77,47.77
50,2.10,63.22,8.82,-0.04,63.22
60,1.79,78.60,8.82,-2.78,78.60
70,1.83,93.20,8.82,-4.75,93.20
80,1.54,99.71,9.30,1.38,99.71
90,-0.54,107.00,10.53,6.73,107.00
100,0.26,114.90,10.53,11.46,114.90
200,3.02,291.91,11.01,-39.19,291.91
300,0.59,419.53,13.20,-40.44,419.53
400,3.17,546.16,13.68,-40.71,546.16
500,0.56,631.72,15.13,0.09,631.72
600,-0.33,741.26,15.61,16.91,741.26
700,3.75,879.50,19.99,5.03,879.50
800,0.80,997.48,29.00,13.41,997.48
900,4.47,1120.22,30.93,17.04,1120.22
1000,-2.65,1221.80,36.71,41.81,1221.80
2000,2.66,2534.76,51.68,-7.54,2534.76
3000,2.89,3817.28,59.72,-26.45,3817.28
4000,1.64,5012.29,62.40,42.16,5012.29
5000,3.27,6169.47,65.07,148.59,6169.47
6000,0.07,7466.19,65.55,115.49,7466.19
7000,1.06,8656.13,66.51,189.16,8656.13
8000,-1.10,9929.71,68.44,179.19,9929.71
9000,4.63,11180.55,69.41,191.97,11180.55
10000,3.27,12472.34,71.11,163.79,12472.34
