episode,epReward,cumReward,cumRegret,empRegret,perf
10,0.00,-0.55,9.00,15.55,-0.55
20,-2.59,0.33,19.50,29.67,0.33
30,1.23,7.75,27.38,37.25,7.75
40,-0.04,10.63,37.13,49.37,10.63
50,0.00,23.15,38.63,51.85,23.15
60,0.00,32.32,38.63,57.68,32.32
70,0.00,45.53,38.63,59.47,45.53
80,2.09,50.43,38.63,69.57,50.43
90,4.53,73.40,38.63,61.60,73.40
100,0.00,87.32,38.63,62.68,87.32
200,0.00,199.15,42.38,100.85,199.15
300,1.37,358.38,42.38,91.62,358.38
400,0.00,511.51,42.38,88.49,511.51
500,0.00,707.28,42.38,42.72,707.28
600,0.00,855.29,42.38,44.71,855.29
700,2.26,1020.38,42.38,29.62,1020.38
800,0.00,1156.67,42.38,43.33,1156.67
900,-0.40,1289.71,42.38,60.29,1289.71
1000,0.00,1401.61,42.38,98.39,1401.61
2000,2.49,2882.07,42.38,117.93,2882.07
3000,0.24,4421.80,42.38,78.20,4421.80
4000,-0.85,5976.36,42.38,23.64,5976.36
5000,4.29,7444.67,42.38,55.33,7444.67
6000,0.00,8928.05,42.38,71.95,8928.05
7000,1.01,10449.77,42.38,50.23,10449.77
8000,0.00,11852.24,42.38,147.76,11852.24
9000,-0.22,13421.15,42.38,78.85,13421.15
10000,3.99,14917.21,42.38,82.79,14917.21
