episode,epReward,cumReward,cumRegret,empRegret,perf
10,2.26,5.28,7.50,9.72,5.28
20,0.78,9.16,21.00,20.84,9.16
30,0.00,5.61,33.00,39.39,5.61
40,2.59,7.53,43.88,52.47,7.53
50,0.00,17.75,48.38,57.25,17.75
60,0.00,35.80,48.38,54.20,35.80
70,0.11,38.31,48.38,66.69,38.31
80,0.00,54.96,48.38,65.04,54.96
90,-1.00,69.27,48.38,65.73,69.27
100,0.00,75.60,48.38,74.40,75.60
200,-1.03,209.86,48.38,90.14,209.86
300,2.02,391.50,48.38,58.50,391.50
400,3.37,528.43,48.38,71.57,528.43
500,4.05,679.57,48.38,70.43,679.57
600,0.05,828.48,48.38,71.52,828.48
700,-0.64,938.74,48.38,111.26,938.74
800,2.21,1097.06,48.38,102.94,1097.06
900,4.75,1233.38,48.38,116.62,1233.38
1000,0.00,1359.89,48.38,140.11,1359.89
2000,0.00,2841.91,48.38,158.09,2841.91
3000,0.45,4393.08,50.63,106.92,4393.08
4000,3.73,5902.45,50.63,97.55,5902.45
5000,4.01,7404.76,50.63,95.24,7404.76
6000,1.07,8903.51,50.63,96.49,8903.51
7000,2.26,10413.50,50.63,86.50,10413.50
8000,2.71,12000.23,50.63,-0.23,12000.23
9000,0.09,13429.50,50.63,70.50,13429.50
10000,1.88,14934.29,50.63,65.71,14934.29
