episode,epReward,cumReward,cumRegret,empRegret,perf
10,0.00,0.68,13.50,14.32,0.68
20,0.00,-0.16,34.13,30.16,-0.16
30,0.00,2.18,44.25,42.82,2.18
40,-0.11,16.71,44.25,43.29,16.71
50,2.68,31.87,44.25,43.13,31.87
60,0.00,44.05,44.25,45.95,44.05
70,2.53,53.93,46.50,51.07,53.93
80,4.53,71.22,46.50,48.78,71.22
90,0.00,80.92,46.50,54.08,80.92
100,0.00,97.42,46.50,52.58,97.42
200,-1.52,261.92,46.50,38.08,261.92
300,2.28,404.43,46.50,45.57,404.43
400,0.96,563.67,46.50,36.33,563.67
500,2.28,709.24,46.50,40.76,709.24
600,-2.59,829.62,46.50,70.38,829.62
700,2.87,964.50,46.50,85.50,964.50
800,0.82,1128.37,46.50,71.63,1128.37
900,3.82,1292.92,46.50,57.08,1292.92
1000,2.23,1461.21,46.50,38.79,1461.21
2000,-0.51,3056.68,46.50,-56.68,3056.68
3000,1.04,4570.82,46.50,-70.82,4570.82
4000,0.15,6108.49,46.50,-108.49,6108.49
5000,0.25,7549.43,46.50,-49.43,7549.43
6000,0.00,8946.48,48.75,53.52,8946.48
7000,3.86,10345.36,48.75,154.64,10345.36
8000,-0.78,11836.29,51.00,163.71,11836.29
9000,3.52,13342.64,51.00,157.36,13342.64
10000,0.71,14791.81,51.00,208.19,14791.81
