episode,epReward,cumReward,cumRegret,empRegret,perf
10,0.00,6.26,9.75,8.74,6.26
20,-1.21,8.57,24.75,21.43,8.57
30,0.00,13.43,39.75,31.57,13.43
40,4.05,27.28,44.25,32.72,27.28
50,4.40,35.34,48.75,39.66,35.34
60,0.00,50.44,48.75,39.56,50.44
70,-2.08,66.13,48.75,38.87,66.13
80,-0.94,72.79,48.75,47.21,72.79
90,-1.11,80.65,48.75,54.35,80.65
100,2.96,99.79,48.75,50.21,99.79
200,-0.95,210.19,51.00,89.81,210.19
300,0.00,345.91,51.00,104.09,345.91
400,2.15,505.50,51.00,94.50,505.50
500,-2.12,668.68,51.00,81.32,668.68
600,5.69,798.96,51.00,101.04,798.96
700,0.00,957.57,51.00,92.43,957.57
800,0.00,1070.69,51.00,129.31,1070.69
900,0.00,1211.38,51.00,138.62,1211.38
1000,4.08,1357.32,51.00,142.68,1357.32
2000,0.38,2923.77,51.00,76.23,2923.77
3000,2.20,4388.54,51.00,111.46,4388.54
4000,2.96,5959.80,51.00,40.20,5959.80
5000,4.25,7508.76,51.00,-8.76,7508.76
6000,1.86,9065.73,51.00,-65.73,9065.73
7000,3.84,10601.51,51.00,-101.51,10601.51
8000,3.72,12142.44,51.00,-142.44,12142.44
9000,0.59,13552.73,54.38,-52.73,13552.73
10000,3.49,15033.05,54.38,-33.05,15033.05
