episode,epReward,cumReward,cumRegret,empRegret,perf
10,0.00,1.02,14.63,13.98,1.02
20,2.89,13.53,17.63,16.47,13.53
30,1.32,24.61,19.88,20.39,24.61
40,0.00,31.46,22.13,28.54,31.46
50,2.18,44.08,23.63,30.92,44.08
60,0.00,59.90,23.63,30.10,59.90
70,0.00,67.81,25.13,37.19,67.81
80,1.45,77.74,25.13,42.26,77.74
90,-0.20,100.12,25.13,34.88,100.12
100,0.45,119.01,25.13,30.99,119.01
200,-2.35,269.81,25.13,30.19,269.81
300,4.22,427.52,27.38,22.48,427.52
400,2.73,585.73,29.63,14.27,585.73
500,0.00,723.99,29.63,26.01,723.99
600,3.77,883.06,29.63,16.94,883.06
700,0.00,1036.57,29.63,13.43,1036.57
800,0.00,1204.45,29.63,-4.45,1204.45
900,0.00,1362.60,29.63,-12.60,1362.60
1000,-0.65,1529.43,31.88,-29.43,1529.43
2000,6.07,2947.33,31.88,52.67,2947.33
3000,0.00,4417.20,34.13,82.80,4417.20
4000,0.00,5913.02,34.13,86.98,5913.02
5000,2.87,7445.43,34.13,54.57,7445.43
6000,0.00,8920.76,34.13,79.24,8920.76
7000,2.54,10367.52,34.13,132.48,10367.52
8000,2.21,11853.75,34.13,146.25,11853.75
9000,4.36,13318.26,34.13,181.74,13318.26
10000,0.00,14857.00,34.13,143.00,14857.00
