episode,epReward,cumReward,cumRegret,empRegret,perf
10,3.26,40.87,2.87,8.50,40.87
20,5.78,89.04,2.87,9.70,89.04
30,2.98,133.73,2.87,14.39,133.73
40,5.51,184.26,2.87,13.23,184.26
50,4.00,236.64,2.87,10.22,236.64
60,5.67,286.83,2.87,9.40,286.83
70,6.77,340.62,2.87,4.99,340.62
80,6.73,385.35,2.87,9.63,385.35
90,7.43,443.04,2.87,1.30,443.04
100,5.01,496.72,2.87,-3.00,496.72
200,5.84,958.18,10.22,29.27,958.18
300,8.59,1436.13,10.22,45.03,1436.13
400,5.44,1934.21,10.22,40.67,1934.21
500,6.08,2436.41,10.22,32.19,2436.41
600,1.84,2907.61,10.22,54.71,2907.61
700,5.97,3397.62,10.22,58.43,3397.62
800,3.85,3888.67,10.22,61.10,3888.67
900,4.75,4399.92,10.22,43.57,4399.92
1000,4.62,4896.82,10.22,40.39,4896.82
2000,3.05,9849.72,13.09,24.71,9849.72
3000,6.57,14858.61,13.09,-46.97,14858.61
4000,5.00,19795.96,13.09,-47.11,19795.96
5000,6.58,24700.46,13.09,-14.40,24700.46
6000,6.25,29704.92,13.09,-81.65,29704.92
7000,4.13,34629.10,13.09,-68.61,34629.10
8000,6.57,39608.75,13.09,-111.05,39608.75
9000,0.81,44502.71,13.09,-67.80,44502.71
10000,5.15,49409.40,13.09,-37.28,49409.40
