episode,epReward,cumReward,cumRegret,empRegret,perf
10,-0.33,20.17,4.38,0.25,20.17
20,3.29,45.74,7.08,-4.91,45.74
30,1.82,73.90,9.93,-12.65,73.90
40,1.41,87.37,11.95,-5.70,87.37
50,2.79,107.59,15.41,-5.50,107.59
60,2.71,126.64,18.45,-4.14,126.64
70,2.01,147.71,18.86,-4.79,147.71
80,3.48,160.17,20.70,3.18,160.17
90,1.85,176.82,21.51,6.94,176.82
100,0.44,194.59,22.47,9.60,194.59
200,0.96,384.90,32.72,23.46,384.90
300,1.60,588.83,38.65,23.71,588.83
400,5.44,776.84,42.57,39.88,776.84
500,-0.89,960.30,43.84,60.61,960.30
600,2.54,1151.77,47.23,73.32,1151.77
700,0.60,1361.51,48.68,67.76,1361.51
800,1.93,1581.44,48.68,52.01,1581.44
900,6.85,1788.02,49.49,49.62,1788.02
1000,1.90,1998.77,49.49,43.05,1998.77
2000,3.88,3977.12,54.15,106.50,3977.12
3000,5.87,5950.03,56.52,175.42,5950.03
4000,4.76,7885.32,58.60,281.94,7885.32
5000,4.53,9853.76,60.57,355.31,9853.76
6000,4.16,11860.46,61.49,390.43,11860.46
7000,1.19,13889.78,63.64,402.92,13889.78
8000,2.32,15977.82,63.64,356.70,15977.82
9000,3.96,17969.61,63.64,406.72,17969.61
10000,2.62,20079.65,63.64,338.50,20079.65
