episode,epReward,cumReward,cumRegret,empRegret,perf
10,-2.23,-4.29,12.38,19.29,-4.29
20,0.00,-1.23,13.88,31.23,-1.23
30,0.53,14.93,19.13,30.07,14.93
40,2.61,29.83,20.63,30.17,29.83
50,0.00,34.41,20.63,40.59,34.41
60,0.00,40.81,28.13,49.19,40.81
70,3.20,52.59,28.13,52.41,52.59
80,0.00,70.48,28.13,49.52,70.48
90,1.34,85.29,28.13,49.71,85.29
100,0.00,100.37,28.13,49.63,100.37
200,4.55,230.25,28.13,69.75,230.25
300,-1.86,391.68,28.13,58.32,391.68
400,3.67,527.68,30.38,72.32,527.68
500,0.00,664.29,30.38,85.71,664.29
600,0.87,818.25,30.38,81.75,818.25
700,3.00,970.59,30.38,79.41,970.59
800,2.94,1120.06,30.38,79.94,1120.06
900,4.47,1280.31,30.38,69.69,1280.31
1000,1.90,1389.65,30.38,110.35,1389.65
2000,3.41,2868.52,30.38,131.48,2868.52
3000,-1.26,4342.64,30.38,157.36,4342.64
4000,0.00,5913.06,30.38,86.94,5913.06
5000,0.00,7391.26,30.38,108.74,7391.26
6000,1.99,8854.84,30.38,145.16,8854.84
7000,0.00,10366.55,30.38,133.45,10366.55
8000,-1.03,11817.40,30.38,182.60,11817.40
9000,3.66,13388.12,30.38,111.88,13388.12
10000,3.73,14993.19,30.38,6.81,14993.19
