episode,epReward,cumReward,cumRegret,empRegret,perf
10,-0.88,-9.31,7.09,12.39,-9.31
20,0.32,-11.41,7.09,17.57,-11.41
30,1.10,-10.17,10.64,19.41,-10.17
40,-0.29,-5.80,10.64,18.12,-5.80
50,1.25,-2.67,12.28,18.07,-2.67
60,-0.68,-5.58,12.28,24.05,-5.58
70,2.60,4.78,12.28,16.78,4.78
80,0.75,1.59,13.91,23.05,1.59
90,2.21,14.93,13.91,12.79,14.93
100,1.39,24.68,14.87,6.11,24.68
200,2.61,65.47,18.76,-3.87,65.47
300,3.77,82.87,19.79,9.53,82.87
400,-2.61,120.00,21.68,3.20,120.00
500,-1.19,138.32,23.36,15.68,138.32
600,1.05,139.33,24.65,45.46,139.33
700,1.69,163.61,27.59,51.98,163.61
800,1.66,221.99,30.22,24.40,221.99
900,0.84,271.41,31.25,5.78,271.41
1000,0.71,281.96,31.43,26.03,281.96
2000,0.52,646.24,33.64,-30.27,646.24
3000,-1.02,972.14,36.71,-48.18,972.14
4000,-0.89,1292.06,38.10,-60.11,1292.06
5000,-0.64,1586.62,38.29,-46.68,1586.62
6000,-0.06,1834.96,38.66,12.96,1834.96
7000,-3.87,2255.13,39.81,-99.21,2255.13
8000,-0.19,2584.23,40.06,-120.33,2584.23
9000,2.88,2834.92,40.19,-63.03,2834.92
10000,-0.75,3136.25,40.50,-56.38,3136.25
