episode,epReward,cumReward,cumRegret,empRegret,perf
10,0.01,-5.90,37.95,35.83,-5.90
20,3.70,16.07,39.52,43.78,16.07
30,1.10,46.48,39.52,43.30,46.48
40,3.10,75.08,39.52,44.63,75.08
50,5.31,105.52,39.52,44.12,105.52
60,2.42,134.45,39.52,45.12,134.45
70,3.31,172.39,39.52,37.10,172.39
80,2.69,206.94,39.52,32.48,206.94
90,2.92,241.14,39.52,28.21,241.14
100,2.37,276.46,39.52,22.82,276.46
200,5.61,589.80,41.09,8.75,589.80
300,3.00,914.04,41.09,-16.21,914.04
400,1.59,1217.66,41.09,-20.56,1217.66
500,1.69,1516.14,41.09,-19.75,1516.14
600,2.51,1792.15,41.09,3.51,1792.15
700,4.76,2116.01,41.09,-21.07,2116.01
800,2.60,2394.89,41.09,-0.67,2394.89
900,0.27,2711.76,41.09,-18.27,2711.76
1000,6.56,3012.41,41.09,-19.64,3012.41
2000,1.45,5880.37,41.09,105.17,5880.37
3000,3.72,8939.96,41.09,38.35,8939.96
4000,3.90,11978.31,41.09,-7.24,11978.31
5000,-0.07,15029.26,41.09,-65.42,15029.26
6000,-0.58,17964.09,41.09,-7.48,17964.09
7000,-0.37,20898.06,41.09,51.32,20898.06
8000,2.59,23895.28,41.09,46.86,23895.28
9000,5.32,26895.53,41.09,39.38,26895.53
10000,2.83,29846.46,41.09,81.22,29846.46
