episode,epReward,cumReward,cumRegret,empRegret,perf
10,0.00,-4.70,16.13,19.70,-4.70
20,3.30,3.10,20.63,26.90,3.10
30,0.00,15.92,22.13,29.08,15.92
40,0.00,38.93,22.13,21.07,38.93
50,0.00,46.33,22.13,28.67,46.33
60,2.32,57.30,22.13,32.70,57.30
70,0.00,63.56,22.13,41.44,63.56
80,0.00,76.36,23.63,43.64,76.36
90,1.93,84.82,25.88,50.18,84.82
100,3.86,99.06,25.88,50.94,99.06
200,0.00,244.58,29.63,55.42,244.58
300,0.00,377.17,29.63,72.83,377.17
400,1.05,513.19,29.63,86.81,513.19
500,0.00,653.78,29.63,96.22,653.78
600,0.00,773.46,29.63,126.54,773.46
700,2.93,907.99,29.63,142.01,907.99
800,3.56,1092.01,29.63,107.99,1092.01
900,0.00,1219.73,29.63,130.27,1219.73
1000,2.17,1350.02,29.63,149.98,1350.02
2000,0.00,2946.71,29.63,53.29,2946.71
3000,0.00,4514.51,29.63,-14.51,4514.51
4000,1.26,5923.41,29.63,76.59,5923.41
5000,0.00,7445.39,29.63,54.61,7445.39
6000,0.00,8840.05,29.63,159.95,8840.05
7000,0.00,10381.13,29.63,118.87,10381.13
8000,4.13,11955.32,31.88,44.68,11955.32
9000,3.72,13518.97,31.88,-18.97,13518.97
10000,0.00,15033.70,31.88,-33.70,15033.70
