episode,epReward,cumReward,cumRegret,empRegret,perf
10,-0.13,10.80,11.04,6.06,10.80
20,1.42,28.23,11.04,5.48,28.23
30,3.24,43.88,12.83,6.70,43.88
40,3.81,61.56,12.83,5.87,61.56
50,3.12,81.37,14.63,2.91,81.37
60,4.47,107.21,14.63,-6.06,107.21
70,2.32,127.12,14.63,-9.11,127.12
80,5.05,147.85,14.63,-12.99,147.85
90,4.36,172.29,14.63,-20.57,172.29
100,-1.32,195.12,14.63,-26.54,195.12
200,1.40,332.33,14.63,4.82,332.33
300,0.29,504.66,16.42,1.07,504.66
400,2.81,689.84,18.21,-15.53,689.84
500,-0.55,834.84,21.80,8.04,834.84
600,1.70,1013.07,21.80,-1.61,1013.07
700,1.62,1161.42,21.80,18.61,1161.42
800,2.22,1345.89,23.59,2.71,1345.89
900,2.24,1539.76,23.59,-22.57,1539.76
1000,3.92,1702.02,23.59,-16.27,1702.02
2000,3.59,3348.80,23.59,22.72,3348.80
3000,2.86,5054.52,23.59,2.75,5054.52
4000,1.47,6629.53,25.39,113.50,6629.53
5000,2.06,8306.74,25.39,122.05,8306.74
6000,2.40,9959.66,25.39,154.88,9959.66
7000,-1.00,11697.11,25.39,103.20,11697.11
8000,-1.92,13406.27,25.39,79.78,13406.27
9000,2.44,15099.69,25.39,72.12,15099.69
10000,1.69,16725.86,25.39,131.71,16725.86
