episode,epReward,cumReward,cumRegret,empRegret,perf
10,1.24,-6.11,10.59,7.19,-6.11
20,2.89,0.74,11.08,1.42,0.74
30,1.55,-6.34,15.85,9.58,-6.34
40,-0.43,-9.37,18.11,13.70,-9.37
50,2.17,-4.03,18.28,9.44,-4.03
60,-1.77,-5.20,18.28,11.69,-5.20
70,1.18,2.49,18.28,5.08,2.49
80,0.51,-6.50,18.44,15.15,-6.50
90,-1.80,-10.26,18.60,19.99,-10.26
100,-2.51,-16.33,19.95,27.14,-16.33
200,-2.07,-2.42,22.00,24.05,-2.42
300,1.96,1.04,23.02,31.40,1.04
400,-1.63,28.53,23.61,14.73,28.53
500,-4.02,28.59,23.88,25.48,28.59
600,0.91,26.80,25.27,38.08,26.80
700,-2.17,54.69,25.33,21.00,54.69
800,-1.43,55.56,25.33,30.94,55.56
900,1.69,76.70,25.54,20.62,76.70
1000,1.78,95.83,25.59,12.31,95.83
2000,1.80,232.76,26.07,-16.49,232.76
3000,-0.19,342.53,32.23,-18.13,342.53
4000,0.35,535.75,34.65,-103.22,535.75
5000,2.73,622.12,35.13,-81.46,622.12
6000,3.60,738.48,36.32,-89.68,738.48
7000,0.75,883.03,36.53,-126.09,883.03
8000,0.79,1101.23,36.85,-236.16,1101.23
9000,0.17,1250.86,37.06,-277.67,1250.86
10000,-3.60,1367.41,37.17,-286.08,1367.41
