episode,epReward,cumReward,cumRegret,empRegret,perf
10,2.31,6.70,0.34,7.05,6.70
20,-0.77,20.81,1.72,6.68,20.81
30,2.88,31.23,1.84,10.00,31.23
40,2.42,51.14,1.97,3.84,51.14
50,4.77,59.42,2.09,9.31,59.42
60,2.49,78.46,2.21,4.01,78.46
70,-2.52,87.05,2.32,9.17,87.05
80,1.44,90.95,2.42,19.01,90.95
90,0.79,101.07,2.55,22.64,101.07
100,-0.15,113.94,2.67,23.52,113.94
200,3.09,201.85,4.13,73.07,201.85
300,1.05,344.00,5.70,68.37,344.00
400,4.91,510.45,6.94,39.38,510.45
500,1.65,639.79,8.14,47.50,639.79
600,0.31,762.58,9.39,62.17,762.58
700,5.48,907.91,10.87,54.30,907.91
800,-0.42,1031.39,12.11,68.27,1031.39
900,2.99,1167.80,13.22,69.33,1167.80
1000,3.10,1281.63,14.22,92.96,1281.63
2000,0.87,2602.19,30.23,146.97,2602.19
3000,-0.09,3952.05,39.02,171.70,3952.05
4000,4.91,5422.61,41.63,75.72,5422.61
5000,4.81,6773.90,45.95,99.01,6773.90
6000,3.37,8120.56,56.22,126.93,8120.56
7000,3.68,9498.79,64.41,123.29,9498.79
8000,3.17,10869.91,71.36,126.75,10869.91
9000,1.21,12199.41,76.56,171.83,12199.41
10000,0.69,13503.56,83.10,242.27,13503.56
