episode,epReward,cumReward,cumRegret,empRegret,perf
10,-0.31,0.52,15.38,14.48,0.52
20,0.00,4.61,24.75,25.39,4.61
30,0.00,7.63,24.75,37.37,7.63
40,0.00,9.44,30.00,50.56,9.44
50,3.41,17.66,30.00,57.34,17.66
60,2.66,43.12,30.00,46.88,43.12
70,3.46,56.39,30.00,48.61,56.39
80,0.00,65.42,30.00,54.58,65.42
90,4.13,81.41,30.00,53.59,81.41
100,4.32,97.60,30.00,52.40,97.60
200,3.12,241.80,30.00,58.20,241.80
300,0.00,364.52,30.00,85.48,364.52
400,0.00,529.07,30.00,70.93,529.07
500,0.00,632.97,30.00,117.03,632.97
600,3.59,797.88,30.00,102.12,797.88
700,3.54,960.68,30.00,89.32,960.68
800,4.27,1146.17,30.00,53.83,1146.17
900,0.00,1289.88,32.25,60.12,1289.88
1000,3.40,1452.10,32.25,47.90,1452.10
2000,0.00,2967.70,32.25,32.30,2967.70
3000,2.72,4355.44,34.50,144.56,4355.44
4000,0.00,5802.80,34.50,197.20,5802.80
5000,-0.94,7239.56,34.50,260.44,7239.56
6000,1.33,8816.72,34.50,183.28,8816.72
7000,0.00,10277.33,34.50,222.67,10277.33
8000,0.00,11754.90,36.75,245.10,11754.90
9000,0.00,13275.69,36.75,224.31,13275.69
10000,2.02,14917.32,36.75,82.68,14917.32
