episode,epReward,cumReward,cumRegret,empRegret,perf
10,-1.68,-2.18,3.64,4.79,-2.18
20,1.82,3.55,8.46,1.68,3.55
30,0.62,5.67,10.57,2.17,5.67
40,-1.62,1.67,12.49,8.78,1.67
50,0.98,1.74,14.08,11.32,1.74
60,-0.53,3.04,16.92,12.63,3.04
70,2.13,1.99,20.11,16.30,1.99
80,0.07,-4.88,22.00,25.78,-4.88
90,0.87,-7.55,23.18,31.06,-7.55
100,3.04,6.44,24.69,19.68,6.44
200,-2.56,9.93,34.93,42.31,9.93
300,0.58,-11.01,43.74,89.37,-11.01
400,0.77,3.64,49.01,100.84,3.64
500,0.51,0.84,54.41,129.76,0.84
600,-1.72,19.61,58.33,137.11,19.61
700,-2.31,26.71,61.96,156.13,26.71
800,3.10,24.94,63.66,184.02,24.94
900,-4.19,52.12,64.68,182.96,52.12
1000,0.55,76.43,65.89,184.77,76.43
2000,1.71,412.46,78.55,109.93,412.46
3000,-1.37,731.22,82.79,52.36,731.22
4000,1.42,981.96,84.15,62.82,981.96
5000,0.80,1328.72,84.50,-22.75,1328.72
6000,-2.55,1519.93,85.52,47.24,1519.93
7000,-1.34,1770.48,86.20,57.88,1770.48
8000,2.25,2064.37,88.24,25.19,2064.37
9000,1.30,2359.96,88.24,-9.21,2359.96
10000,-3.30,2654.42,88.24,-42.47,2654.42
