episode,epReward,cumReward,cumRegret,empRegret,perf
10,0.00,0.80,7.88,14.20,0.80
20,0.00,-2.96,17.63,32.96,-2.96
30,-3.52,-6.06,28.50,51.06,-6.06
40,0.00,-0.34,34.13,60.34,-0.34
50,4.53,19.10,36.38,55.90,19.10
60,0.00,36.26,36.38,53.74,36.26
70,0.96,42.44,37.88,62.56,42.44
80,-1.47,44.89,37.88,75.11,44.89
90,-2.05,65.32,37.88,69.68,65.32
100,-1.23,79.89,37.88,70.11,79.89
200,0.00,258.87,40.13,41.13,258.87
300,0.00,408.04,40.13,41.96,408.04
400,-0.19,534.89,40.13,65.11,534.89
500,0.00,701.98,40.13,48.02,701.98
600,0.00,875.82,40.13,24.18,875.82
700,-1.09,1010.00,40.13,40.00,1010.00
800,0.00,1162.46,40.13,37.54,1162.46
900,2.43,1315.20,42.38,34.80,1315.20
1000,1.74,1462.59,42.38,37.41,1462.59
2000,0.00,2909.91,44.63,90.09,2909.91
3000,0.00,4424.50,44.63,75.50,4424.50
4000,3.90,5999.96,44.63,0.04,5999.96
5000,-1.21,7501.33,44.63,-1.33,7501.33
6000,1.28,9028.18,44.63,-28.18,9028.18
7000,0.00,10634.37,44.63,-134.37,10634.37
8000,3.21,12184.28,44.63,-184.28,12184.28
9000,3.48,13666.19,44.63,-166.19,13666.19
10000,3.27,15235.36,44.63,-235.36,15235.36
