episode,epReward,cumReward,cumRegret,empRegret,perf
10,3.49,3.77,17.63,11.23,3.77
20,1.27,14.95,26.63,15.05,14.95
30,-0.40,10.13,32.63,34.87,10.13
40,3.11,22.44,40.13,37.56,22.44
50,3.79,48.51,40.13,26.49,48.51
60,0.85,61.95,40.13,28.05,61.95
70,-1.02,69.13,40.13,35.87,69.13
80,3.10,99.09,40.13,20.91,99.09
90,3.09,110.39,40.13,24.61,110.39
100,0.00,128.68,40.13,21.32,128.68
200,0.28,295.70,40.13,4.30,295.70
300,3.17,470.57,40.13,-20.57,470.57
400,2.26,637.83,42.38,-37.83,637.83
500,3.99,763.79,42.38,-13.79,763.79
600,-0.15,919.41,42.38,-19.41,919.41
700,1.35,1110.29,44.63,-60.29,1110.29
800,0.80,1261.90,44.63,-61.90,1261.90
900,0.17,1421.69,44.63,-71.69,1421.69
1000,2.36,1530.77,44.63,-30.77,1530.77
2000,0.52,2991.02,46.88,8.98,2991.02
3000,1.63,4488.26,46.88,11.74,4488.26
4000,0.14,5996.14,46.88,3.86,5996.14
5000,0.00,7567.24,46.88,-67.24,7567.24
6000,1.48,8980.48,46.88,19.52,8980.48
7000,0.00,10489.22,46.88,10.78,10489.22
8000,2.72,11970.23,46.88,29.77,11970.23
9000,4.01,13476.32,46.88,23.68,13476.32
10000,0.00,14991.78,46.88,8.22,14991.78
