episode,epReward,cumReward,cumRegret,empRegret,perf
10,0.00,-1.69,6.75,16.69,-1.69
20,0.18,7.85,20.25,22.15,7.85
30,-0.12,21.23,24.00,23.77,21.23
40,3.94,35.08,24.00,24.92,35.08
50,-0.34,41.47,24.00,33.53,41.47
60,0.00,53.88,24.00,36.12,53.88
70,3.04,80.51,24.00,24.49,80.51
80,0.00,87.67,24.00,32.33,87.67
90,0.00,97.48,24.00,37.52,97.48
100,4.02,119.13,24.00,30.87,119.13
200,-3.77,263.50,27.75,36.50,263.50
300,0.00,378.99,27.75,71.01,378.99
400,1.73,529.46,30.00,70.54,529.46
500,-0.17,685.05,30.00,64.95,685.05
600,-0.43,819.23,30.00,80.77,819.23
700,0.00,950.66,30.00,99.34,950.66
800,2.56,1080.61,30.00,119.39,1080.61
900,4.21,1237.37,30.00,112.63,1237.37
1000,0.00,1383.04,30.00,116.96,1383.04
2000,0.00,2839.48,34.50,160.52,2839.48
3000,3.76,4377.32,34.50,122.68,4377.32
4000,0.00,5915.16,34.50,84.84,5915.16
5000,-0.97,7400.15,34.50,99.85,7400.15
6000,4.51,8944.00,34.50,56.00,8944.00
7000,3.09,10421.52,34.50,78.48,10421.52
8000,0.61,11953.63,34.50,46.37,11953.63
9000,3.49,13425.15,34.50,74.85,13425.15
10000,3.90,15078.21,34.50,-78.21,15078.21
