episode,epReward,cumReward,cumRegret,empRegret,perf
10,3.92,29.23,9.90,8.63,29.23
20,4.87,68.32,10.64,7.40,68.32
30,6.38,105.91,11.38,7.68,105.91
40,9.23,154.12,12.12,-2.66,154.12
50,3.07,189.26,12.12,0.06,189.26
60,2.17,221.53,12.86,5.65,221.53
70,4.26,268.94,12.86,-3.89,268.94
80,4.25,313.64,12.86,-10.73,313.64
90,2.96,343.82,12.86,-3.05,343.82
100,4.55,385.05,12.86,-6.41,385.05
200,5.72,789.45,18.43,-32.17,789.45
300,4.72,1185.85,20.65,-49.92,1185.85
400,2.84,1550.28,20.65,-35.72,1550.28
500,3.64,1912.63,25.09,-19.42,1912.63
600,6.36,2280.70,30.26,-8.86,2280.70
700,4.06,2675.30,30.26,-24.81,2675.30
800,7.09,3058.82,30.26,-29.69,3058.82
900,5.48,3402.28,30.26,5.49,3402.28
1000,6.24,3810.34,31.00,-23.94,3810.34
2000,1.02,7625.06,32.48,-52.24,7625.06
3000,5.44,11412.41,33.22,-53.18,11412.41
4000,9.21,15122.22,33.96,23.41,15122.22
5000,2.29,18980.08,33.96,-48.04,18980.08
6000,6.29,22812.19,37.23,-93.73,22812.19
7000,4.72,26537.61,37.97,-32.74,26537.61
8000,5.21,30386.23,38.71,-94.96,30386.23
9000,3.14,34171.30,39.45,-93.62,34171.30
10000,3.70,37855.68,39.45,8.41,37855.68
