episode,epReward,cumReward,cumRegret,empRegret,perf
10,4.63,0.89,13.97,25.65,0.89
20,1.45,26.02,16.21,27.04,26.02
30,2.77,60.31,16.21,19.28,60.31
40,2.85,79.67,16.21,26.46,79.67
50,0.88,98.39,16.21,34.27,98.39
60,0.97,127.56,16.21,31.63,127.56
70,3.63,160.95,16.21,24.77,160.95
80,3.51,193.56,16.21,18.70,193.56
90,2.91,206.43,16.21,32.35,206.43
100,5.61,236.88,16.21,28.43,236.88
200,2.94,497.32,16.21,33.31,497.32
300,6.64,783.96,16.21,11.98,783.96
400,4.77,1037.77,16.21,23.49,1037.77
500,5.05,1325.25,16.21,1.33,1325.25
600,4.45,1604.91,16.21,-13.02,1604.91
700,0.23,1851.42,16.21,5.79,1851.42
800,3.23,2109.97,16.21,12.55,2109.97
900,4.44,2368.40,16.21,19.44,2368.40
1000,1.28,2611.22,16.21,41.93,2611.22
2000,3.47,5264.42,16.21,41.88,5264.42
3000,3.42,7998.50,16.21,-39.04,7998.50
4000,1.71,10771.79,16.21,-159.19,10771.79
5000,0.98,13492.75,16.21,-226.99,13492.75
6000,2.31,16141.91,16.21,-223.00,16141.91
7000,4.08,18858.64,16.21,-286.58,18858.64
8000,6.48,21541.96,16.21,-316.75,21541.96
9000,5.04,24222.01,16.21,-343.65,24222.01
10000,3.47,26818.02,16.21,-286.51,26818.02
