episode,epReward,cumReward,cumRegret,empRegret,perf
10,-0.82,30.11,5.75,3.86,30.11
20,3.52,64.56,5.75,3.39,64.56
30,2.04,86.50,5.75,15.43,86.50
40,2.54,108.05,5.75,27.85,108.05
50,3.03,145.68,5.75,24.20,145.68
60,7.08,183.10,5.75,20.75,183.10
70,1.82,215.55,5.75,22.28,215.55
80,4.59,249.49,5.75,22.31,249.49
90,0.49,281.96,5.75,23.82,281.96
100,2.28,316.22,5.75,23.53,316.22
200,4.08,667.31,5.75,12.20,667.31
300,1.38,1004.59,7.97,14.67,1004.59
400,0.95,1362.15,7.97,-3.13,1362.15
500,6.76,1690.05,11.44,8.72,1690.05
600,3.34,1997.18,11.44,41.34,1997.18
700,4.48,2346.90,11.44,31.38,2346.90
800,5.00,2689.07,11.44,28.95,2689.07
900,0.27,3018.73,11.44,39.05,3018.73
1000,1.78,3341.95,11.44,55.59,3341.95
2000,3.63,6678.12,12.75,116.95,6678.12
3000,5.31,10010.32,14.97,182.28,10010.32
4000,7.66,13500.45,14.97,89.68,13500.45
5000,2.14,16904.13,14.97,83.53,16904.13
6000,1.74,20346.71,16.27,38.49,20346.71
7000,6.41,23855.80,16.27,-73.06,23855.80
8000,-0.36,27158.26,16.27,22.01,27158.26
9000,5.15,30606.47,16.27,-28.67,30606.47
10000,3.65,34002.10,16.27,-26.76,34002.10
