episode,epReward,cumReward,cumRegret,empRegret,perf
10,2.36,-0.25,4.61,7.83,-0.25
20,0.19,8.38,6.82,6.77,8.38
30,3.20,23.24,6.82,-0.51,23.24
40,-2.13,36.41,6.82,-6.11,36.41
50,0.48,31.42,6.82,6.46,31.42
60,0.93,33.64,6.82,11.81,33.64
70,0.89,33.49,6.82,19.54,33.49
80,2.72,40.73,6.82,19.87,40.73
90,-0.68,44.12,6.82,24.06,44.12
100,-0.78,52.86,6.82,22.89,52.86
200,2.96,141.38,11.37,10.13,141.38
300,1.37,206.20,13.59,21.06,206.20
400,2.41,264.69,13.59,38.32,264.69
500,-0.72,338.36,13.59,40.40,338.36
600,1.39,404.36,13.59,50.16,404.36
700,0.17,471.30,13.59,58.97,471.30
800,0.22,546.58,13.59,59.44,546.58
900,-0.08,601.37,13.59,80.41,601.37
1000,1.32,694.82,13.59,62.71,694.82
2000,2.85,1417.23,13.59,97.83,1417.23
3000,0.55,2188.22,13.59,84.36,2188.22
4000,-3.61,2992.03,23.22,38.08,2992.03
5000,0.68,3873.67,25.43,-86.03,3873.67
6000,1.89,4593.59,27.64,-48.42,4593.59
7000,1.26,5420.48,27.64,-117.78,5420.48
8000,1.16,6187.46,27.64,-127.23,6187.46
9000,-1.00,6935.34,27.64,-117.58,6935.34
10000,-2.09,7747.13,27.64,-171.84,7747.13
