episode,epReward,cumReward,cumRegret,empRegret,perf
10,0.00,-0.70,21.00,15.70,-0.70
20,2.96,13.39,29.25,16.61,13.39
30,2.20,31.53,30.75,13.47,31.53
40,1.64,41.58,30.75,18.42,41.58
50,-0.41,50.26,33.75,24.74,50.26
60,0.56,73.35,33.75,16.65,73.35
70,3.34,81.31,33.75,23.69,81.31
80,4.78,94.39,33.75,25.61,94.39
90,2.08,116.23,33.75,18.77,116.23
100,0.00,129.02,33.75,20.98,129.02
200,-0.60,299.97,33.75,0.03,299.97
300,-1.05,459.53,33.75,-9.53,459.53
400,5.59,646.33,33.75,-46.33,646.33
500,0.33,796.88,33.75,-46.88,796.88
600,4.73,949.01,33.75,-49.01,949.01
700,1.60,1084.05,33.75,-34.05,1084.05
800,4.33,1228.39,33.75,-28.39,1228.39
900,-1.96,1344.90,33.75,5.10,1344.90
1000,1.02,1492.99,33.75,7.01,1492.99
2000,1.20,2950.90,36.00,49.10,2950.90
3000,-0.93,4472.34,36.00,27.66,4472.34
4000,0.85,6015.07,36.00,-15.07,6015.07
5000,0.12,7441.66,36.00,58.34,7441.66
6000,-1.60,9050.28,36.00,-50.28,9050.28
7000,-1.66,10583.42,36.00,-83.42,10583.42
8000,2.79,12080.76,36.00,-80.76,12080.76
9000,1.31,13531.45,36.00,-31.45,13531.45
10000,0.72,14892.31,36.00,107.69,14892.31
