episode,epReward,cumReward,cumRegret,empRegret,perf
10,0.07,-30.24,3.81,7.37,-30.24
20,-0.00,-53.32,4.78,7.57,-53.32
30,-4.13,-66.66,5.81,-1.96,-66.66
40,-0.76,-86.95,6.46,-4.54,-86.95
50,-0.90,-114.91,9.43,0.54,-114.91
60,-4.82,-139.96,10.40,2.71,-139.96
70,-0.54,-158.49,11.03,-1.62,-158.49
80,-0.21,-188.53,11.77,5.53,-188.53
90,-0.36,-205.79,12.52,-0.08,-205.79
100,-1.73,-229.75,13.28,1.01,-229.75
200,1.27,-463.33,18.88,5.84,-463.33
300,-2.07,-691.50,25.81,5.27,-691.50
400,-2.73,-891.15,34.18,-23.82,-891.15
500,-2.38,-1135.87,42.58,-7.84,-1135.87
600,-0.10,-1375.30,49.17,2.85,-1375.30
700,-4.57,-1604.30,56.31,3.11,-1604.30
800,0.51,-1821.50,61.33,-8.43,-1821.50
900,-1.35,-2068.75,66.18,10.08,-2068.75
1000,-0.75,-2302.83,71.44,15.42,-2302.83
2000,0.68,-4620.98,124.08,46.15,-4620.98
3000,-2.28,-6889.35,143.36,27.11,-6889.35
4000,-1.31,-9109.75,143.83,-39.91,-9109.75
5000,-3.75,-11434.17,144.03,-2.91,-11434.17
6000,-4.89,-13642.27,144.14,-82.23,-13642.27
7000,-3.76,-16040.18,145.02,28.27,-16040.18
8000,-3.26,-18289.46,145.47,-9.86,-18289.46
9000,-1.24,-20698.58,147.87,111.84,-20698.58
10000,-1.91,-23010.56,148.88,136.40,-23010.56
