episode,epReward,cumReward,cumRegret,empRegret,perf
10,0.00,-3.53,21.00,18.53,-3.53
20,0.00,-6.13,36.00,36.13,-6.13
30,0.00,2.24,40.50,42.76,2.24
40,4.05,17.88,43.50,42.12,17.88
50,2.73,34.34,45.00,40.66,34.34
60,3.11,48.81,45.00,41.19,48.81
70,0.00,60.28,45.00,44.72,60.28
80,4.68,77.83,45.00,42.17,77.83
90,-0.04,83.20,45.00,51.80,83.20
100,0.00,92.12,45.00,57.88,92.12
200,-1.39,275.98,46.50,24.02,275.98
300,3.22,488.77,46.50,-38.77,488.77
400,3.47,624.22,46.50,-24.22,624.22
500,0.00,753.26,46.50,-3.26,753.26
600,1.48,920.71,46.50,-20.71,920.71
700,2.18,1069.25,46.50,-19.25,1069.25
800,3.67,1220.95,46.50,-20.95,1220.95
900,0.00,1346.91,46.50,3.09,1346.91
1000,2.65,1507.62,46.50,-7.62,1507.62
2000,0.00,3056.40,46.50,-56.40,3056.40
3000,0.00,4555.43,46.50,-55.43,4555.43
4000,0.00,6013.69,46.50,-13.69,6013.69
5000,3.86,7549.69,46.50,-49.69,7549.69
6000,3.36,9092.19,46.50,-92.19,9092.19
7000,4.56,10578.44,46.50,-78.44,10578.44
8000,4.85,12079.18,46.50,-79.18,12079.18
9000,0.00,13536.35,46.50,-36.35,13536.35
10000,2.04,15117.40,46.50,-117.40,15117.40
