episode,epReward,cumReward,cumRegret,empRegret,perf
10,0.00,6.22,5.65,5.70,6.22
20,1.39,22.81,6.27,1.04,22.81
30,1.90,32.21,6.88,3.56,32.21
40,-2.90,34.84,7.29,12.85,34.84
50,2.89,43.32,7.70,16.30,43.32
60,4.06,56.84,11.37,14.69,56.84
70,0.99,62.02,12.09,21.44,62.02
80,3.22,71.69,12.61,23.69,71.69
90,1.09,78.61,13.12,28.70,78.61
100,2.90,84.64,16.95,34.59,84.64
200,4.43,217.84,19.62,20.62,217.84
300,4.12,319.76,24.34,37.92,319.76
400,2.96,464.27,34.12,12.63,464.27
500,-0.39,602.11,40.07,-5.98,602.11
600,-1.34,715.56,46.63,-0.20,715.56
700,1.80,814.33,52.68,20.26,814.33
800,0.31,925.83,58.02,27.98,925.83
900,2.30,1030.67,64.07,42.37,1030.67
1000,-1.15,1154.25,70.22,38.02,1154.25
2000,1.40,2349.78,123.84,34.74,2349.78
3000,0.14,3443.87,163.23,132.92,3443.87
4000,3.10,4604.29,190.31,164.77,4604.29
5000,-0.61,5805.73,206.28,155.59,5805.73
6000,-0.11,6968.12,207.93,185.47,6968.12
7000,3.78,8159.99,208.75,185.86,8159.99
8000,4.76,9352.76,209.36,185.35,9352.76
9000,1.52,10617.19,209.57,113.18,10617.19
10000,0.02,11847.40,209.57,75.24,11847.40
