episode,epReward,cumReward,cumRegret,empRegret,perf
10,0.04,-10.10,6.99,15.60,-10.10
20,-0.05,-5.47,7.76,16.47,-5.47
30,-0.78,-0.35,7.76,16.86,-0.35
40,-0.26,-4.81,8.94,26.82,-4.81
50,0.17,-4.38,8.94,31.89,-4.38
60,1.44,-3.96,9.71,36.97,-3.96
70,-1.79,-4.61,9.71,43.12,-4.61
80,-1.37,-10.93,9.71,54.94,-10.93
90,-1.47,0.76,9.71,48.76,0.76
100,1.18,14.33,9.71,40.69,14.33
200,2.68,67.35,10.89,42.68,67.35
300,3.57,136.65,10.89,28.40,136.65
400,0.75,189.89,10.89,30.17,189.89
500,1.70,246.06,12.07,29.01,246.06
600,0.57,302.08,12.07,28.01,302.08
700,1.01,358.51,13.81,26.60,358.51
800,-1.61,407.31,13.81,32.81,407.31
900,-1.05,479.83,15.55,15.31,479.83
1000,1.00,524.20,16.73,25.95,524.20
2000,0.55,1198.83,17.91,-98.52,1198.83
3000,1.39,1691.57,22.63,-41.11,1691.57
4000,-0.77,2208.53,24.58,-7.92,2208.53
5000,-0.13,2769.97,24.58,-19.20,2769.97
6000,2.92,3272.53,24.58,28.40,3272.53
7000,1.23,3795.12,27.77,55.95,3795.12
8000,-0.01,4487.96,27.77,-86.73,4487.96
9000,1.21,4984.97,28.95,-33.59,4984.97
10000,0.34,5568.22,28.95,-66.69,5568.22
