episode,epReward,cumReward,cumRegret,empRegret,perf
10,3.08,2.24,12.75,12.76,2.24
20,-0.99,7.36,27.00,22.64,7.36
30,3.16,10.92,32.25,34.08,10.92
40,0.32,19.63,39.00,40.37,19.63
50,2.38,32.18,39.00,42.82,32.18
60,3.62,46.66,39.00,43.34,46.66
70,0.00,50.97,39.00,54.03,50.97
80,3.99,76.40,39.00,43.60,76.40
90,2.06,87.67,39.00,47.33,87.67
100,-3.26,91.39,39.00,58.61,91.39
200,4.29,230.66,41.25,69.34,230.66
300,2.42,420.89,41.25,29.11,420.89
400,3.93,564.52,41.25,35.48,564.52
500,-0.33,683.37,41.25,66.63,683.37
600,3.44,785.33,41.25,114.67,785.33
700,3.25,933.54,41.25,116.46,933.54
800,5.22,1070.90,41.25,129.10,1070.90
900,0.00,1260.38,41.25,89.62,1260.38
1000,3.65,1434.97,41.25,65.03,1434.97
2000,3.04,3022.50,41.25,-22.50,3022.50
3000,2.52,4584.60,41.25,-84.60,4584.60
4000,3.93,6079.54,41.25,-79.54,6079.54
5000,0.00,7552.51,41.25,-52.51,7552.51
6000,2.59,9009.47,41.25,-9.47,9009.47
7000,0.00,10414.07,44.63,85.93,10414.07
8000,0.00,11954.73,44.63,45.27,11954.73
9000,4.33,13432.31,44.63,67.69,13432.31
10000,2.93,14814.17,44.63,185.83,14814.17
