episode,epReward,cumReward,cumRegret,empRegret,perf
10,0.00,0.88,7.50,14.12,0.88
20,0.00,7.12,12.00,22.88,7.12
30,2.68,25.27,15.75,19.73,25.27
40,3.01,32.32,18.00,27.68,32.32
50,5.08,53.24,18.00,21.76,53.24
60,0.00,63.11,20.25,26.89,63.11
70,1.04,74.13,20.25,30.87,74.13
80,-0.60,87.07,21.75,32.93,87.07
90,1.23,94.13,21.75,40.87,94.13
100,4.16,115.12,21.75,34.88,115.12
200,0.00,245.54,21.75,54.46,245.54
300,0.00,405.65,21.75,44.35,405.65
400,0.00,557.28,21.75,42.72,557.28
500,0.60,702.71,21.75,47.29,702.71
600,0.00,843.61,21.75,56.39,843.61
700,1.87,985.25,21.75,64.75,985.25
800,-0.67,1133.14,21.75,66.86,1133.14
900,0.00,1238.85,21.75,111.15,1238.85
1000,0.84,1354.34,21.75,145.66,1354.34
2000,2.60,2890.57,21.75,109.43,2890.57
3000,1.63,4376.67,21.75,123.33,4376.67
4000,3.81,6018.90,21.75,-18.90,6018.90
5000,0.00,7423.01,25.13,76.99,7423.01
6000,-0.18,8948.58,27.38,51.42,8948.58
7000,0.00,10438.93,27.38,61.07,10438.93
8000,-0.11,12016.27,27.38,-16.27,12016.27
9000,2.42,13486.83,27.38,13.17,13486.83
10000,0.00,14984.97,27.38,15.03,14984.97
