episode,epReward,cumReward,cumRegret,empRegret,perf
10,2.04,-0.44,10.43,10.32,-0.44
20,2.58,8.13,12.70,11.63,8.13
30,1.13,16.83,14.26,12.81,16.83
40,1.19,16.75,15.82,22.77,16.75
50,0.42,26.64,18.72,22.76,26.64
60,-0.66,33.85,21.41,25.43,33.85
70,-4.08,33.19,22.97,35.97,33.19
80,-4.09,29.69,26.09,49.35,29.69
90,1.87,37.79,30.33,51.13,37.79
100,-2.05,45.80,30.33,53.01,45.80
200,-0.62,169.89,33.37,27.71,169.89
300,-1.74,276.41,34.89,20.00,276.41
400,0.26,384.31,37.06,10.90,384.31
500,3.78,465.90,41.19,28.11,465.90
600,-0.61,556.94,44.01,35.88,556.94
700,1.66,662.70,47.05,28.91,662.70
800,-1.06,760.81,49.01,29.60,760.81
900,-1.24,831.92,50.53,57.30,831.92
1000,1.37,915.70,52.48,72.32,915.70
2000,0.21,2037.78,68.55,-61.74,2037.78
3000,0.16,2999.32,75.07,-35.26,2999.32
4000,1.23,4092.78,80.93,-140.69,4092.78
5000,-0.12,5026.56,84.19,-86.45,5026.56
6000,1.70,5931.07,87.88,-2.93,5931.07
7000,0.35,6970.49,90.05,-54.33,6970.49
8000,-1.68,8007.34,90.70,-103.16,8007.34
9000,1.58,9042.20,91.57,-150.00,9042.20
10000,-0.58,10001.04,95.62,-120.81,10001.04
