episode,epReward,cumReward,cumRegret,empRegret,perf
10,0.73,17.38,10.89,1.40,17.38
20,-0.53,24.89,23.00,12.67,24.89
30,-0.21,36.05,35.10,20.29,36.05
40,2.76,51.80,47.09,23.32,51.80
50,2.58,69.07,59.19,24.82,69.07
60,-0.77,77.66,71.30,35.02,77.66
70,1.49,91.31,83.40,40.14,91.31
80,2.80,94.51,95.02,55.73,94.51
90,1.78,109.12,107.12,59.89,109.12
100,0.59,105.44,119.30,82.36,105.44
200,1.60,256.49,162.90,119.10,256.49
300,1.05,447.25,173.30,116.13,447.25
400,1.10,631.06,184.92,120.12,631.06
500,2.07,842.41,189.90,96.56,842.41
600,-0.92,1022.25,190.72,104.51,1022.25
700,0.10,1230.59,190.84,83.97,1230.59
800,2.01,1410.18,190.95,92.16,1410.18
900,-0.95,1596.27,192.82,93.87,1596.27
1000,1.21,1752.92,194.07,125.01,1752.92
2000,4.17,3550.15,204.35,205.72,3550.15
3000,0.74,5479.12,207.35,154.69,5479.12
4000,0.76,7345.53,208.49,166.22,7345.53
5000,-0.19,9318.84,209.22,70.85,9318.84
6000,1.25,11132.41,209.94,135.21,11132.41
7000,3.20,13048.27,209.94,97.29,13048.27
8000,3.27,14906.73,211.80,116.76,14906.73
9000,2.66,16795.17,212.53,106.26,16795.17
10000,4.89,18619.94,212.53,159.42,18619.94
