episode,epReward,cumReward,cumRegret,empRegret,perf
10,0.00,-1.04,15.38,16.04,-1.04
20,3.71,7.96,28.88,22.04,7.96
30,0.00,24.39,28.88,20.61,24.39
40,0.96,42.78,31.13,17.22,42.78
50,0.00,56.96,32.63,18.04,56.96
60,4.68,68.15,32.63,21.85,68.15
70,0.00,82.30,32.63,22.70,82.30
80,4.08,98.21,32.63,21.79,98.21
90,0.00,114.41,32.63,20.59,114.41
100,-0.02,130.02,32.63,19.98,130.02
200,0.05,291.46,32.63,8.54,291.46
300,1.88,440.96,32.63,9.04,440.96
400,-2.35,580.55,32.63,19.45,580.55
500,0.00,738.12,32.63,11.88,738.12
600,0.00,892.90,32.63,7.10,892.90
700,0.00,1032.93,32.63,17.07,1032.93
800,0.00,1201.39,32.63,-1.39,1201.39
900,0.00,1354.90,32.63,-4.90,1354.90
1000,2.42,1529.74,32.63,-29.74,1529.74
2000,0.00,3051.60,32.63,-51.60,3051.60
3000,1.85,4423.71,34.88,76.29,4423.71
4000,1.82,5976.97,34.88,23.03,5976.97
5000,4.40,7469.59,34.88,30.41,7469.59
6000,1.99,8954.79,34.88,45.21,8954.79
7000,3.02,10440.94,34.88,59.06,10440.94
8000,0.62,11924.03,34.88,75.97,11924.03
9000,1.71,13466.67,34.88,33.33,13466.67
10000,-1.07,14930.32,34.88,69.68,14930.32
