episode,epReward,cumReward,cumRegret,empRegret,perf
10,0.00,4.11,7.50,10.89,4.11
20,0.00,11.94,9.00,18.06,11.94
30,3.92,25.01,12.75,19.99,25.01
40,2.18,38.58,15.00,21.42,38.58
50,0.00,44.02,15.00,30.98,44.02
60,0.00,55.42,15.00,34.58,55.42
70,1.83,64.98,15.00,40.02,64.98
80,0.00,83.62,15.00,36.38,83.62
90,0.00,106.30,15.00,28.70,106.30
100,0.00,120.94,16.50,29.06,120.94
200,0.00,273.31,16.50,26.69,273.31
300,2.21,428.96,16.50,21.04,428.96
400,3.26,580.38,16.50,19.62,580.38
500,3.51,762.74,16.50,-12.74,762.74
600,0.00,931.22,16.50,-31.22,931.22
700,4.80,1074.56,16.50,-24.56,1074.56
800,0.00,1232.31,16.50,-32.31,1232.31
900,0.00,1378.42,16.50,-28.42,1378.42
1000,2.94,1533.26,16.50,-33.26,1533.26
2000,0.00,2930.66,18.75,69.34,2930.66
3000,0.00,4491.96,22.13,8.04,4491.96
4000,3.19,5988.17,22.13,11.83,5988.17
5000,4.32,7451.89,22.13,48.11,7451.89
6000,0.08,8798.65,22.13,201.35,8798.65
7000,0.00,10327.24,22.13,172.76,10327.24
8000,3.37,11682.58,22.13,317.42,11682.58
9000,2.59,13193.19,22.13,306.81,13193.19
10000,3.20,14741.84,22.13,258.16,14741.84
