episode,epReward,cumReward,cumRegret,empRegret,perf
10,0.00,3.60,6.75,11.40,3.60
20,2.95,16.19,12.00,13.81,16.19
30,0.00,25.65,14.25,19.35,25.65
40,2.49,32.55,14.25,27.45,32.55
50,-0.22,51.30,14.25,23.70,51.30
60,4.64,79.38,14.25,10.62,79.38
70,2.70,90.81,14.25,14.19,90.81
80,0.00,102.68,14.25,17.32,102.68
90,0.00,119.04,14.25,15.96,119.04
100,0.00,126.22,14.25,23.78,126.22
200,0.00,278.41,14.25,21.59,278.41
300,3.36,415.89,16.50,34.11,415.89
400,1.57,599.06,18.75,0.94,599.06
500,2.54,745.10,18.75,4.90,745.10
600,3.42,879.40,22.13,20.60,879.40
700,0.00,1037.80,22.13,12.20,1037.80
800,4.33,1196.83,22.13,3.17,1196.83
900,-0.21,1313.27,22.13,36.73,1313.27
1000,1.65,1458.04,22.13,41.96,1458.04
2000,0.00,2950.25,22.13,49.75,2950.25
3000,3.27,4422.50,24.38,77.50,4422.50
4000,4.53,6028.47,24.38,-28.47,6028.47
5000,0.00,7517.13,24.38,-17.13,7517.13
6000,4.94,8992.89,24.38,7.11,8992.89
7000,0.00,10506.09,24.38,-6.09,10506.09
8000,0.00,11988.26,24.38,11.74,11988.26
9000,2.10,13562.63,24.38,-62.63,13562.63
10000,2.97,15071.95,24.38,-71.95,15071.95
