episode,epReward,cumReward,cumRegret,empRegret,perf
10,-0.62,-26.64,12.95,15.57,-26.64
20,0.52,-41.49,18.75,19.35,-41.49
30,-1.27,-60.40,18.75,27.19,-60.40
40,0.63,-71.05,18.75,26.77,-71.05
50,-2.87,-82.12,18.75,26.78,-82.12
60,-0.92,-83.26,18.75,16.84,-83.26
70,0.66,-95.53,21.43,18.04,-95.53
80,-2.11,-101.81,21.43,13.25,-101.81
90,-0.47,-122.02,21.43,22.39,-122.02
100,-2.65,-142.41,21.43,31.71,-142.41
200,-1.29,-212.85,22.03,-8.55,-212.85
300,-1.18,-320.34,23.43,-11.75,-320.34
400,-5.64,-449.61,28.04,6.81,-449.61
500,1.16,-543.35,29.04,-10.14,-543.35
600,0.98,-636.56,30.04,-27.63,-636.56
700,1.46,-736.30,30.44,-38.60,-736.30
800,-3.16,-906.18,31.04,20.59,-906.18
900,-0.68,-1024.76,31.64,28.47,-1024.76
1000,0.79,-1157.44,31.84,50.45,-1157.44
2000,-3.68,-2311.70,46.14,97.72,-2311.70
3000,-5.73,-3498.99,50.75,178.01,-3498.99
4000,-0.04,-4596.09,55.55,168.13,-4596.09
5000,-0.59,-5736.43,82.01,201.48,-5736.43
6000,0.02,-6760.61,103.85,118.67,-6760.61
7000,-0.43,-7871.24,112.67,122.31,-7871.24
8000,-1.72,-9097.92,119.89,241.99,-9097.92
9000,-1.05,-10285.45,124.50,322.54,-10285.45
10000,-0.68,-11414.13,130.71,344.22,-11414.13
