episode,epReward,cumReward,cumRegret,empRegret,perf
10,0.00,0.13,11.63,14.87,0.13
20,0.00,2.08,19.88,27.92,2.08
30,0.00,22.30,19.88,22.70,22.30
40,0.00,34.62,23.63,25.38,34.62
50,-0.13,40.84,27.38,34.16,40.84
60,-0.80,54.91,28.88,35.09,54.91
70,0.00,58.31,30.38,46.69,58.31
80,0.00,62.55,30.38,57.45,62.55
90,4.04,75.23,30.38,59.77,75.23
100,3.78,94.15,30.38,55.85,94.15
200,4.95,229.47,31.88,70.53,229.47
300,-0.70,381.58,31.88,68.42,381.58
400,5.28,564.32,31.88,35.68,564.32
500,-0.66,726.50,31.88,23.50,726.50
600,2.65,904.99,31.88,-4.99,904.99
700,4.47,1072.26,31.88,-22.26,1072.26
800,3.30,1221.32,31.88,-21.32,1221.32
900,0.00,1365.12,31.88,-15.12,1365.12
1000,0.36,1522.64,31.88,-22.64,1522.64
2000,0.00,2964.11,31.88,35.89,2964.11
3000,3.46,4464.60,31.88,35.40,4464.60
4000,4.18,5976.09,31.88,23.91,5976.09
5000,0.00,7408.06,31.88,91.94,7408.06
6000,-0.10,8986.75,31.88,13.25,8986.75
7000,2.86,10481.21,31.88,18.79,10481.21
8000,3.83,11952.90,31.88,47.10,11952.90
9000,3.36,13527.79,31.88,-27.79,13527.79
10000,0.00,14951.30,31.88,48.70,14951.30
