episode,epReward,cumReward,cumRegret,empRegret,perf
10,1.86,16.28,2.95,2.17,16.28
20,2.55,42.15,5.60,-5.23,42.15
30,-0.19,54.59,5.60,0.78,54.59
40,2.42,73.73,6.58,0.10,73.73
50,0.75,88.01,7.56,4.28,88.01
60,1.36,102.89,7.59,7.86,102.89
70,-1.29,112.00,8.57,17.20,112.00
80,0.99,133.99,8.86,13.67,133.99
90,0.95,159.02,8.89,7.09,159.02
100,2.84,172.37,8.89,12.20,172.37
200,3.41,371.41,12.09,-2.25,371.41
300,-0.62,565.69,18.45,-11.96,565.69
400,1.22,774.13,21.50,-35.82,774.13
500,1.40,952.76,24.33,-29.88,952.76
600,1.23,1117.62,26.40,-10.16,1117.62
700,3.21,1327.20,28.25,-35.16,1327.20
800,3.23,1492.19,29.79,-15.58,1492.19
900,3.58,1667.57,31.44,-6.38,1667.57
1000,1.87,1857.73,34.77,-11.96,1857.73
2000,1.13,3599.42,49.32,92.12,3599.42
3000,-1.47,5391.55,58.57,145.76,5391.55
4000,1.66,7289.12,65.00,93.95,7289.12
5000,1.33,9025.47,72.43,203.36,9025.47
6000,2.77,10841.53,78.53,233.07,10841.53
7000,0.18,12633.47,88.90,286.90,12633.47
8000,2.08,14584.55,97.14,181.58,14584.55
9000,3.79,16390.61,100.92,221.29,16390.61
10000,3.27,18221.70,105.71,235.97,18221.70
