episode,epReward,cumReward,cumRegret,empRegret,perf
10,0.00,-1.94,10.50,16.94,-1.94
20,0.00,11.69,15.38,18.31,11.69
30,1.41,19.59,15.38,25.41,19.59
40,3.68,30.51,17.63,29.49,30.51
50,0.00,42.93,17.63,32.07,42.93
60,0.30,57.73,17.63,32.27,57.73
70,2.50,73.16,19.88,31.84,73.16
80,4.37,91.23,19.88,28.77,91.23
90,0.00,102.17,19.88,32.83,102.17
100,3.19,119.68,19.88,30.32,119.68
200,0.00,244.53,21.38,55.47,244.53
300,4.19,402.70,22.88,47.30,402.70
400,2.90,548.38,22.88,51.62,548.38
500,3.34,691.23,25.13,58.77,691.23
600,1.24,840.57,25.13,59.43,840.57
700,2.13,953.73,25.13,96.27,953.73
800,0.70,1124.74,25.13,75.26,1124.74
900,2.63,1257.57,25.13,92.43,1257.57
1000,0.00,1398.25,25.13,101.75,1398.25
2000,2.24,2912.77,29.63,87.23,2912.77
3000,4.98,4418.39,29.63,81.61,4418.39
4000,3.21,5921.45,29.63,78.55,5921.45
5000,3.06,7427.87,29.63,72.13,7427.87
6000,5.38,9054.27,29.63,-54.27,9054.27
7000,-0.14,10480.60,29.63,19.40,10480.60
8000,3.59,12012.88,29.63,-12.88,12012.88
9000,3.35,13531.50,29.63,-31.50,13531.50
10000,3.57,14922.87,29.63,77.13,14922.87
