episode,epReward,cumReward,cumRegret,empRegret,perf
10,0.00,-1.92,12.00,16.92,-1.92
20,-0.00,0.95,27.75,29.05,0.95
30,4.65,14.37,37.88,30.63,14.37
40,4.51,29.36,40.13,30.64,29.36
50,-1.22,48.31,41.63,26.69,48.31
60,-1.55,58.03,43.13,31.97,58.03
70,0.00,74.61,43.13,30.39,74.61
80,0.00,93.28,43.13,26.72,93.28
90,3.82,112.39,43.13,22.61,112.39
100,3.07,121.62,43.13,28.38,121.62
200,0.00,267.18,43.13,32.82,267.18
300,4.27,431.02,43.13,18.98,431.02
400,0.00,580.67,43.13,19.33,580.67
500,0.49,739.25,43.13,10.75,739.25
600,0.00,904.03,43.13,-4.03,904.03
700,-0.49,1090.28,43.13,-40.28,1090.28
800,4.07,1252.85,43.13,-52.85,1252.85
900,0.51,1409.94,43.13,-59.94,1409.94
1000,-1.10,1576.90,43.13,-76.90,1576.90
2000,0.00,3041.95,43.13,-41.95,3041.95
3000,0.00,4448.80,43.13,51.20,4448.80
4000,4.61,5867.98,43.13,132.02,5867.98
5000,-2.60,7372.98,43.13,127.02,7372.98
6000,1.12,8942.71,43.13,57.29,8942.71
7000,4.69,10401.62,43.13,98.38,10401.62
8000,0.00,11903.48,43.13,96.52,11903.48
9000,0.00,13457.82,43.13,42.18,13457.82
10000,-0.54,14905.42,45.38,94.58,14905.42
