episode,epReward,cumReward,cumRegret,empRegret,perf
10,2.11,1.99,18.38,13.01,1.99
20,0.00,14.78,19.88,15.22,14.78
30,3.01,24.36,23.63,20.64,24.36
40,3.21,35.69,25.88,24.31,35.69
50,4.16,49.25,27.38,25.75,49.25
60,0.00,50.60,28.88,39.40,50.60
70,3.82,60.07,30.38,44.93,60.07
80,-0.20,68.92,32.63,51.08,68.92
90,0.00,76.34,32.63,58.66,76.34
100,1.72,86.80,32.63,63.20,86.80
200,0.00,220.55,32.63,79.45,220.55
300,2.41,377.14,34.88,72.86,377.14
400,-1.19,542.00,34.88,58.00,542.00
500,0.00,697.53,34.88,52.47,697.53
600,0.00,846.22,34.88,53.78,846.22
700,0.43,1016.59,34.88,33.41,1016.59
800,3.18,1174.36,34.88,25.64,1174.36
900,0.10,1302.72,34.88,47.28,1302.72
1000,0.37,1473.06,34.88,26.94,1473.06
2000,2.50,3005.03,37.13,-5.03,3005.03
3000,0.37,4530.72,37.13,-30.72,4530.72
4000,0.37,6090.13,37.13,-90.13,6090.13
5000,0.54,7613.02,37.13,-113.02,7613.02
6000,1.07,9127.66,37.13,-127.66,9127.66
7000,0.69,10583.07,39.38,-83.07,10583.07
8000,1.57,12122.90,39.38,-122.90,12122.90
9000,1.69,13570.06,39.38,-70.06,13570.06
10000,2.27,15171.82,39.38,-171.82,15171.82
