episode,epReward,cumReward,cumRegret,empRegret,perf
10,2.04,-9.43,7.56,13.20,-9.43
20,-0.33,-7.44,9.11,14.97,-7.44
30,-2.46,-9.62,12.44,20.92,-9.62
40,1.56,-3.43,13.22,18.50,-3.43
50,2.54,0.87,13.22,17.97,0.87
60,1.15,1.43,13.99,21.18,1.43
70,-0.49,11.51,13.99,14.87,11.51
80,4.00,21.99,13.99,8.16,21.99
90,0.94,31.22,13.99,2.69,31.22
100,1.67,41.68,13.99,-3.99,41.68
200,5.34,95.27,13.99,-19.90,95.27
300,0.20,148.58,13.99,-35.54,148.58
400,-1.86,184.20,17.11,-33.48,184.20
500,-0.84,201.53,17.11,-13.12,201.53
600,-0.14,225.93,17.88,0.16,225.93
700,0.10,246.05,19.42,17.72,246.05
800,0.55,291.42,20.20,10.04,291.42
900,-1.50,365.27,20.20,-26.13,365.27
1000,-0.05,430.05,20.20,-53.23,430.05
2000,1.90,657.64,31.51,96.00,657.64
3000,-0.80,1063.56,35.60,66.90,1063.56
4000,3.02,1523.24,35.60,-15.96,1523.24
5000,2.86,1965.65,35.60,-81.55,1965.65
6000,-2.95,2340.06,35.60,-79.14,2340.06
7000,0.41,2688.52,35.60,-50.78,2688.52
8000,-0.20,3030.88,35.60,-16.32,3030.88
9000,2.67,3327.25,35.60,64.14,3327.25
10000,2.27,3787.97,35.60,-19.76,3787.97
