episode,epReward,cumReward,cumRegret,empRegret,perf
10,0.00,-2.63,7.50,17.63,-2.63
20,5.00,9.41,15.00,20.59,9.41
30,0.00,21.67,18.00,23.33,21.67
40,4.43,34.57,18.00,25.43,34.57
50,-1.01,55.69,18.00,19.31,55.69
60,2.70,72.12,18.00,17.88,72.12
70,3.21,96.92,18.00,8.08,96.92
80,4.48,102.56,18.00,17.44,102.56
90,1.56,126.82,18.00,8.18,126.82
100,1.90,133.41,18.00,16.59,133.41
200,4.53,258.45,20.25,41.55,258.45
300,0.00,369.68,22.50,80.32,369.68
400,0.00,508.77,22.50,91.23,508.77
500,1.62,674.02,22.50,75.98,674.02
600,3.83,813.08,22.50,86.92,813.08
700,0.00,955.29,22.50,94.71,955.29
800,2.90,1105.16,22.50,94.84,1105.16
900,0.00,1234.98,22.50,115.02,1234.98
1000,2.92,1380.04,22.50,119.96,1380.04
2000,4.32,2953.25,22.50,46.75,2953.25
3000,0.00,4448.51,22.50,51.49,4448.51
4000,3.56,6025.04,22.50,-25.04,6025.04
5000,0.00,7561.69,22.50,-61.69,7561.69
6000,0.50,9055.32,22.50,-55.32,9055.32
7000,1.72,10453.83,25.88,46.17,10453.83
8000,-1.47,11965.85,28.13,34.15,11965.85
9000,3.45,13505.60,28.13,-5.60,13505.60
10000,0.00,14978.45,30.38,21.55,14978.45
