episode,epReward,cumReward,cumRegret,empRegret,perf
10,0.00,8.90,7.13,6.10,8.90
20,0.00,18.48,8.63,11.52,18.48
30,0.00,33.75,8.63,11.25,33.75
40,0.00,47.07,13.13,12.93,47.07
50,0.00,56.30,16.88,18.70,56.30
60,1.18,62.57,19.13,27.43,62.57
70,-0.20,84.13,19.13,20.87,84.13
80,-0.63,90.21,19.13,29.79,90.21
90,0.00,96.90,19.13,38.10,96.90
100,2.92,111.83,21.38,38.17,111.83
200,-2.01,257.40,21.38,42.60,257.40
300,-1.90,400.75,21.38,49.25,400.75
400,0.00,545.78,21.38,54.22,545.78
500,-0.16,707.74,21.38,42.26,707.74
600,4.10,840.58,21.38,59.42,840.58
700,4.17,1021.63,23.63,28.37,1021.63
800,-1.98,1187.60,23.63,12.40,1187.60
900,0.00,1331.65,23.63,18.35,1331.65
1000,2.41,1487.38,23.63,12.62,1487.38
2000,1.24,3046.74,23.63,-46.74,3046.74
3000,-0.81,4477.07,23.63,22.93,4477.07
4000,0.00,5954.05,23.63,45.95,5954.05
5000,0.00,7472.68,25.88,27.32,7472.68
6000,4.64,8985.43,25.88,14.57,8985.43
7000,0.00,10458.96,25.88,41.04,10458.96
8000,3.10,11953.59,25.88,46.41,11953.59
9000,0.00,13444.95,25.88,55.05,13444.95
10000,0.00,14865.17,25.88,134.83,14865.17
