episode,epReward,cumReward,cumRegret,empRegret,perf
10,-0.50,0.95,12.00,14.05,0.95
20,0.00,0.23,23.63,29.77,0.23
30,2.74,15.80,23.63,29.20,15.80
40,0.00,34.19,23.63,25.81,34.19
50,2.79,50.44,25.13,24.56,50.44
60,-0.16,64.09,25.13,25.91,64.09
70,3.20,91.87,25.13,13.13,91.87
80,3.70,111.09,25.13,8.91,111.09
90,3.95,135.42,25.13,-0.42,135.42
100,3.36,160.47,26.63,-10.47,160.47
200,4.04,263.80,31.13,36.20,263.80
300,4.11,394.27,31.13,55.73,394.27
400,3.43,549.77,33.38,50.23,549.77
500,0.00,695.70,33.38,54.30,695.70
600,4.08,832.78,33.38,67.22,832.78
700,3.02,989.23,33.38,60.77,989.23
800,-0.31,1102.47,33.38,97.53,1102.47
900,3.77,1236.47,33.38,113.53,1236.47
1000,0.00,1355.16,33.38,144.84,1355.16
2000,0.00,2711.30,33.38,288.70,2711.30
3000,0.00,4315.39,33.38,184.61,4315.39
4000,0.00,5863.76,35.63,136.24,5863.76
5000,2.99,7271.35,35.63,228.65,7271.35
6000,3.61,8766.91,35.63,233.09,8766.91
7000,-0.64,10288.57,35.63,211.43,10288.57
8000,3.99,11816.67,35.63,183.33,11816.67
9000,0.00,13342.77,35.63,157.23,13342.77
10000,0.00,14749.72,35.63,250.28,14749.72
