episode,epReward,cumReward,cumRegret,empRegret,perf
10,2.57,2.09,3.66,15.84,2.09
20,5.78,27.50,3.66,8.37,27.50
30,-0.31,36.33,5.21,17.47,36.33
40,4.07,58.82,5.21,12.92,58.82
50,-0.29,69.06,8.90,20.62,69.06
60,1.73,85.55,8.90,22.06,85.55
70,2.43,97.65,8.90,27.90,97.65
80,0.09,117.28,9.58,26.20,117.28
90,2.07,135.57,9.58,25.84,135.57
100,1.49,160.47,9.58,18.89,160.47
200,2.92,324.61,13.56,34.10,324.61
300,3.51,503.04,15.22,35.02,503.04
400,3.24,672.43,17.92,44.98,672.43
500,1.60,845.99,19.95,50.78,845.99
600,2.30,1025.12,21.97,51.00,1025.12
700,1.49,1195.29,24.98,60.18,1195.29
800,3.19,1414.05,25.65,20.77,1414.05
900,1.10,1612.56,25.65,1.61,1612.56
1000,-0.32,1779.44,26.63,14.09,1779.44
2000,2.90,3590.81,31.97,-3.75,3590.81
3000,2.95,5435.84,34.91,-55.24,5435.84
4000,-1.84,7293.04,35.58,-118.91,7293.04
5000,3.60,9045.01,35.58,-77.36,9045.01
6000,1.93,10867.93,35.58,-106.75,10867.93
7000,0.60,12662.29,36.56,-107.58,12662.29
8000,1.57,14451.34,39.94,-103.09,14451.34
9000,1.71,16182.89,39.94,-41.10,16182.89
10000,3.46,17973.62,41.29,-38.31,17973.62
