episode,epReward,cumReward,cumRegret,empRegret,perf
10,0.00,8.68,16.50,6.32,8.68
20,2.42,13.99,34.50,16.01,13.99
30,-2.13,14.64,45.75,30.36,14.64
40,-0.13,18.86,55.50,41.14,18.86
50,-1.09,21.36,67.50,53.64,21.36
60,-0.59,25.32,85.88,64.68,25.32
70,0.00,34.98,93.38,70.02,34.98
80,-0.32,37.68,95.63,82.32,37.68
90,0.22,60.91,95.63,74.09,60.91
100,4.44,75.24,95.63,74.76,75.24
200,1.68,178.17,95.63,121.83,178.17
300,0.00,322.34,95.63,127.66,322.34
400,-1.85,502.21,95.63,97.79,502.21
500,-1.05,653.59,95.63,96.41,653.59
600,-0.19,818.27,95.63,81.73,818.27
700,0.92,969.74,95.63,80.26,969.74
800,4.13,1119.50,95.63,80.50,1119.50
900,1.39,1244.09,95.63,105.91,1244.09
1000,-1.19,1404.57,95.63,95.43,1404.57
2000,0.00,2928.97,95.63,71.03,2928.97
3000,1.48,4445.16,95.63,54.84,4445.16
4000,0.59,5997.94,95.63,2.06,5997.94
5000,1.62,7530.95,95.63,-30.95,7530.95
6000,0.66,8969.75,95.63,30.25,8969.75
7000,0.00,10397.97,95.63,102.03,10397.97
8000,2.44,11863.29,95.63,136.71,11863.29
9000,0.00,13254.61,95.63,245.39,13254.61
10000,-0.30,14754.23,95.63,245.77,14754.23
