episode,epReward,cumReward,cumRegret,empRegret,perf
10,-0.38,0.65,15.00,14.35,0.65
20,4.09,14.21,24.00,15.79,14.21
30,0.00,17.30,24.00,27.70,17.30
40,0.00,24.79,27.75,35.21,24.79
50,0.00,26.45,29.25,48.55,26.45
60,0.00,33.05,29.25,56.95,33.05
70,0.00,42.53,34.13,62.47,42.53
80,0.00,59.86,34.13,60.14,59.86
90,3.75,84.83,34.13,50.17,84.83
100,0.00,100.37,34.13,49.63,100.37
200,0.00,203.34,34.13,96.66,203.34
300,0.50,370.32,34.13,79.68,370.32
400,0.00,514.37,34.13,85.63,514.37
500,0.59,662.30,34.13,87.70,662.30
600,0.00,817.31,34.13,82.69,817.31
700,3.40,1010.74,34.13,39.26,1010.74
800,-0.28,1144.55,34.13,55.45,1144.55
900,-1.08,1274.03,36.38,75.97,1274.03
1000,0.45,1389.72,36.38,110.28,1389.72
2000,0.00,2888.04,36.38,111.96,2888.04
3000,-0.55,4412.78,36.38,87.22,4412.78
4000,4.30,6009.48,36.38,-9.48,6009.48
5000,0.00,7475.80,36.38,24.20,7475.80
6000,-1.08,8909.80,36.38,90.20,8909.80
7000,0.00,10465.81,36.38,34.19,10465.81
8000,3.54,11942.36,36.38,57.64,11942.36
9000,0.57,13429.12,36.38,70.88,13429.12
10000,2.59,14808.28,36.38,191.72,14808.28
