episode,epReward,cumReward,cumRegret,empRegret,perf
10,2.99,22.61,2.78,-10.20,22.61
20,4.02,25.10,4.00,-0.28,25.10
30,1.87,40.81,4.72,-3.57,40.81
40,0.68,53.29,5.07,-3.64,53.29
50,1.08,63.20,6.01,-1.14,63.20
60,1.44,69.17,6.77,5.30,69.17
70,4.37,89.30,7.68,-2.42,89.30
80,3.50,100.31,8.30,-1.02,100.31
90,-1.04,101.45,8.93,10.26,101.45
100,2.98,110.20,9.52,13.92,110.20
200,-0.90,236.99,16.76,11.24,236.99
300,0.50,364.94,20.70,7.41,364.94
400,2.78,481.95,22.61,14.52,481.95
500,-1.75,604.05,24.99,16.54,604.05
600,0.95,730.94,27.49,13.76,730.94
700,-2.43,862.84,27.97,5.98,862.84
800,-1.01,1004.81,29.13,-11.88,1004.81
900,1.01,1121.08,30.61,-4.03,1121.08
1000,2.52,1235.63,31.29,5.53,1235.63
2000,-0.83,2399.91,41.58,82.43,2399.91
3000,-2.29,3657.43,44.27,66.07,3657.43
4000,1.12,4914.39,48.05,50.28,4914.39
5000,1.22,6164.06,48.76,41.78,6164.06
6000,0.50,7401.27,48.76,45.73,7401.27
7000,-0.16,8684.21,49.76,3.96,8684.21
8000,0.89,9990.91,50.76,-61.57,9990.91
9000,-1.67,11270.69,51.14,-100.18,11270.69
10000,1.36,12501.06,51.14,-89.39,12501.06
