episode,epReward,cumReward,cumRegret,empRegret,perf
10,2.54,35.65,4.04,3.75,35.65
20,3.30,75.74,5.97,3.08,75.74
30,5.18,127.60,8.15,-9.37,127.60
40,1.81,168.51,9.61,-10.87,168.51
50,7.70,218.38,10.73,-21.33,218.38
60,4.55,244.66,12.29,-8.20,244.66
70,6.49,279.71,12.65,-3.84,279.71
80,1.37,316.91,13.05,-1.63,316.91
90,5.84,359.96,13.05,-5.28,359.96
100,0.67,387.20,13.78,6.89,387.20
200,3.63,748.71,18.54,39.46,748.71
300,3.24,1153.34,21.08,28.93,1153.34
400,4.39,1547.91,23.40,28.45,1547.91
500,2.83,1936.84,23.79,33.61,1936.84
600,3.64,2310.20,23.79,54.34,2310.20
700,3.35,2728.02,23.79,30.61,2728.02
800,5.59,3112.40,24.19,40.32,3112.40
900,4.40,3480.33,24.39,66.48,3480.33
1000,2.23,3884.52,24.59,56.38,3884.52
2000,3.97,7803.12,24.98,78.68,7803.12
3000,3.43,11765.78,25.97,56.91,11765.78
4000,3.46,15718.11,29.47,45.48,15718.11
5000,6.04,19635.74,31.84,68.75,19635.74
6000,5.24,23550.75,33.00,94.64,23550.75
7000,3.95,27505.40,33.99,80.89,27505.40
8000,4.02,31395.24,34.58,131.95,31395.24
9000,4.01,35295.98,35.14,172.10,35295.98
10000,5.84,39248.89,35.14,160.09,39248.89
