episode,epReward,cumReward,cumRegret,empRegret,perf
10,0.80,10.00,12.00,5.00,10.00
20,-2.48,15.44,24.75,14.56,15.44
30,2.11,29.66,29.25,15.34,29.66
40,-0.50,40.88,30.75,19.12,40.88
50,0.00,49.52,33.00,25.48,49.52
60,0.36,68.86,33.00,21.14,68.86
70,3.26,81.27,33.00,23.73,81.27
80,0.27,93.37,33.00,26.63,93.37
90,-2.04,102.65,35.25,32.35,102.65
100,2.93,117.42,35.25,32.58,117.42
200,4.43,289.55,37.50,10.45,289.55
300,3.71,413.18,37.50,36.82,413.18
400,0.00,582.85,37.50,17.15,582.85
500,4.67,741.90,37.50,8.10,741.90
600,1.13,934.90,37.50,-34.90,934.90
700,-1.21,1102.00,37.50,-52.00,1102.00
800,3.11,1237.48,37.50,-37.48,1237.48
900,1.52,1409.52,37.50,-59.52,1409.52
1000,3.40,1569.89,37.50,-69.89,1569.89
2000,0.00,3088.57,37.50,-88.57,3088.57
3000,1.81,4576.72,37.50,-76.72,4576.72
4000,0.00,6091.02,37.50,-91.02,6091.02
5000,2.77,7602.57,37.50,-102.57,7602.57
6000,0.00,9149.67,40.88,-149.67,9149.67
7000,0.00,10604.67,40.88,-104.67,10604.67
8000,0.00,12147.08,40.88,-147.08,12147.08
9000,0.00,13721.16,40.88,-221.16,13721.16
10000,0.00,15343.82,40.88,-343.82,15343.82
