episode,epReward,cumReward,cumRegret,empRegret,perf
10,3.21,38.62,3.82,-7.33,38.62
20,3.88,67.62,5.56,-5.03,67.62
30,2.71,100.68,5.56,-6.80,100.68
40,5.94,129.73,5.56,-4.56,129.73
50,3.90,156.20,8.33,0.26,156.20
60,2.74,181.71,8.33,6.05,181.71
70,4.75,223.91,8.33,-4.86,223.91
80,3.29,263.74,8.33,-13.40,263.74
90,4.30,293.07,8.33,-11.43,293.07
100,2.29,323.28,8.33,-10.35,323.28
200,4.90,662.21,10.08,-36.35,662.21
300,4.24,962.03,20.26,-23.24,962.03
400,1.20,1251.43,21.14,0.29,1251.43
500,3.10,1572.32,21.14,-7.67,1572.32
600,0.76,1889.44,21.14,-11.86,1889.44
700,1.72,2171.59,22.01,18.92,2171.59
800,3.14,2468.37,22.89,35.07,2468.37
900,-0.56,2796.42,23.77,19.95,2796.42
1000,3.40,3092.59,23.77,36.72,3092.59
2000,5.20,6174.93,26.38,83.68,6174.93
3000,3.61,9285.61,26.38,102.30,9285.61
4000,2.94,12400.80,26.38,116.42,12400.80
5000,-1.43,15541.06,28.12,105.47,15541.06
6000,2.24,18664.21,29.87,111.62,18664.21
7000,3.77,21777.54,32.48,127.59,21777.54
8000,1.93,24953.36,32.48,81.07,24953.36
9000,1.63,27955.76,33.36,207.98,27955.76
10000,1.61,31184.59,33.36,108.46,31184.59
