episode,epReward,cumReward,cumRegret,empRegret,perf
10,0.00,8.64,9.75,6.36,8.64
20,0.00,21.86,11.25,8.14,21.86
30,3.62,30.82,11.25,14.18,30.82
40,3.37,53.72,12.75,6.28,53.72
50,4.02,61.74,12.75,13.26,61.74
60,0.00,69.97,12.75,20.03,69.97
70,3.70,85.79,12.75,19.21,85.79
80,0.00,101.68,14.25,18.32,101.68
90,4.05,116.59,14.25,18.41,116.59
100,1.94,131.93,16.50,18.07,131.93
200,3.59,331.85,16.50,-31.85,331.85
300,3.32,481.79,16.50,-31.79,481.79
400,-1.53,652.33,16.50,-52.33,652.33
500,1.77,813.89,16.50,-63.89,813.89
600,-0.84,963.97,16.50,-63.97,963.97
700,0.00,1132.93,16.50,-82.93,1132.93
800,1.23,1294.70,16.50,-94.70,1294.70
900,-1.39,1434.60,16.50,-84.60,1434.60
1000,1.77,1577.80,16.50,-77.80,1577.80
2000,0.96,3071.25,16.50,-71.25,3071.25
3000,-1.96,4408.91,16.50,91.09,4408.91
4000,-0.06,5981.98,18.75,18.02,5981.98
5000,3.53,7423.88,18.75,76.12,7423.88
6000,0.00,8934.96,18.75,65.04,8934.96
7000,3.35,10441.89,21.00,58.11,10441.89
8000,2.90,11922.08,21.00,77.92,11922.08
9000,0.00,13361.04,21.00,138.96,13361.04
10000,4.71,14913.32,24.38,86.68,14913.32
