episode,epReward,cumReward,cumRegret,empRegret,perf
10,0.36,10.24,9.00,4.76,10.24
20,2.80,17.98,13.50,12.02,17.98
30,3.45,29.27,15.00,15.73,29.27
40,1.91,38.79,17.25,21.21,38.79
50,0.00,43.50,17.25,31.50,43.50
60,1.48,55.47,17.25,34.53,55.47
70,1.06,68.12,17.25,36.88,68.12
80,2.81,86.99,17.25,33.01,86.99
90,4.04,106.09,17.25,28.91,106.09
100,-0.18,124.22,17.25,25.78,124.22
200,0.00,292.78,17.25,7.22,292.78
300,-0.26,426.49,19.50,23.51,426.49
400,2.64,561.96,19.50,38.04,561.96
500,3.96,711.92,19.50,38.08,711.92
600,3.62,893.11,19.50,6.89,893.11
700,2.92,1044.56,21.75,5.44,1044.56
800,0.11,1196.84,21.75,3.16,1196.84
900,3.96,1362.36,21.75,-12.36,1362.36
1000,0.00,1500.60,21.75,-0.60,1500.60
2000,0.00,3068.50,21.75,-68.50,3068.50
3000,0.00,4549.79,21.75,-49.79,4549.79
4000,0.00,5994.60,21.75,5.40,5994.60
5000,-2.22,7423.90,27.38,76.10,7423.90
6000,4.01,8882.62,27.38,117.38,8882.62
7000,3.32,10413.40,27.38,86.60,10413.40
8000,0.00,11830.15,27.38,169.85,11830.15
9000,4.32,13276.62,27.38,223.38,13276.62
10000,0.00,14778.75,27.38,221.25,14778.75
