episode,epReward,cumReward,cumRegret,empRegret,perf
10,0.00,-0.21,13.88,15.21,-0.21
20,0.00,14.43,19.13,15.57,14.43
30,2.33,27.68,20.63,17.32,27.68
40,2.49,40.44,22.13,19.56,40.44
50,-1.82,50.18,23.63,24.82,50.18
60,2.60,63.23,23.63,26.77,63.23
70,2.58,86.06,23.63,18.94,86.06
80,5.29,107.35,23.63,12.65,107.35
90,3.84,132.33,23.63,2.67,132.33
100,4.00,143.37,23.63,6.63,143.37
200,0.00,286.32,23.63,13.68,286.32
300,0.00,422.45,23.63,27.55,422.45
400,2.81,578.02,23.63,21.98,578.02
500,0.00,729.73,23.63,20.27,729.73
600,0.00,868.13,25.88,31.87,868.13
700,2.56,1036.61,25.88,13.39,1036.61
800,2.95,1148.44,25.88,51.56,1148.44
900,0.00,1283.04,25.88,66.96,1283.04
1000,0.00,1417.70,25.88,82.30,1417.70
2000,2.01,2936.78,28.13,63.22,2936.78
3000,2.59,4336.68,28.13,163.32,4336.68
4000,1.74,5956.12,28.13,43.88,5956.12
5000,2.84,7481.15,30.38,18.85,7481.15
6000,-2.04,9043.55,30.38,-43.55,9043.55
7000,3.48,10520.20,30.38,-20.20,10520.20
8000,5.17,11984.66,30.38,15.34,11984.66
9000,2.03,13551.61,30.38,-51.61,13551.61
10000,3.90,15035.56,30.38,-35.56,15035.56
