episode,epReward,cumReward,cumRegret,empRegret,perf
10,-0.30,-2.96,17.25,17.96,-2.96
20,-0.54,-1.11,29.25,31.11,-1.11
30,3.36,-0.06,46.13,45.06,-0.06
40,0.00,19.13,46.13,40.87,19.13
50,3.40,44.99,46.13,30.01,44.99
60,2.72,58.00,46.13,32.00,58.00
70,-0.49,64.91,46.13,40.09,64.91
80,0.00,80.08,46.13,39.92,80.08
90,2.58,90.36,46.13,44.64,90.36
100,5.68,111.49,46.13,38.51,111.49
200,3.54,256.44,46.13,43.56,256.44
300,1.37,418.19,46.13,31.81,418.19
400,0.00,574.15,46.13,25.85,574.15
500,-0.73,717.58,46.13,32.42,717.58
600,5.09,862.87,46.13,37.13,862.87
700,2.23,988.25,46.13,61.75,988.25
800,3.76,1120.62,46.13,79.38,1120.62
900,-1.09,1249.40,46.13,100.60,1249.40
1000,0.64,1386.54,46.13,113.46,1386.54
2000,3.35,2884.08,46.13,115.92,2884.08
3000,1.03,4364.35,46.13,135.65,4364.35
4000,4.16,5852.84,46.13,147.16,5852.84
5000,-1.41,7359.34,46.13,140.66,7359.34
6000,2.73,8905.85,46.13,94.15,8905.85
7000,0.00,10326.09,46.13,173.91,10326.09
8000,0.80,11854.88,46.13,145.12,11854.88
9000,-1.07,13297.67,46.13,202.33,13297.67
10000,-0.41,14823.75,46.13,176.25,14823.75
