episode,epReward,cumReward,cumRegret,empRegret,perf
10,0.00,-1.44,10.50,16.44,-1.44
20,-1.83,15.30,14.25,14.70,15.30
30,0.65,19.93,15.75,25.07,19.93
40,0.00,33.08,17.25,26.92,33.08
50,-0.22,39.17,20.25,35.83,39.17
60,0.00,45.53,20.25,44.47,45.53
70,5.42,68.46,20.25,36.54,68.46
80,4.23,88.73,20.25,31.27,88.73
90,4.14,101.42,20.25,33.58,101.42
100,0.00,112.48,20.25,37.52,112.48
200,0.00,273.19,22.50,26.81,273.19
300,4.07,467.36,22.50,-17.36,467.36
400,0.00,617.32,22.50,-17.32,617.32
500,3.98,800.38,22.50,-50.38,800.38
600,0.00,954.90,22.50,-54.90,954.90
700,3.58,1136.02,22.50,-86.02,1136.02
800,4.34,1294.97,22.50,-94.97,1294.97
900,4.15,1434.13,22.50,-84.13,1434.13
1000,0.00,1583.61,22.50,-83.61,1583.61
2000,-0.12,3019.53,22.50,-19.53,3019.53
3000,2.66,4525.16,22.50,-25.16,4525.16
4000,0.00,6007.42,22.50,-7.42,6007.42
5000,3.46,7367.48,25.88,132.52,7367.48
6000,3.16,8925.95,25.88,74.05,8925.95
7000,0.00,10416.82,25.88,83.18,10416.82
8000,0.00,11878.35,25.88,121.65,11878.35
9000,0.00,13447.84,25.88,52.16,13447.84
10000,2.64,14960.90,25.88,39.10,14960.90
