episode,epReward,cumReward,cumRegret,empRegret,perf
10,8.78,79.05,0.00,-3.48,79.05
20,6.69,151.76,0.00,-0.62,151.76
30,8.86,234.10,0.00,-7.40,234.10
40,6.74,303.38,0.00,-1.11,303.38
50,9.31,381.13,0.00,-3.29,381.13
60,6.55,460.83,0.00,-7.42,460.83
70,10.36,538.27,0.00,-9.29,538.27
80,9.42,608.86,0.00,-4.32,608.86
90,5.45,678.60,0.00,1.52,678.60
100,6.28,758.41,0.00,-2.73,758.41
200,6.91,1537.20,0.00,-25.83,1537.20
300,7.00,2305.64,0.00,-38.59,2305.64
400,7.37,3048.48,3.04,-25.75,3048.48
500,5.94,3796.18,3.04,-17.77,3796.18
600,10.05,4573.52,3.04,-39.43,4573.52
700,7.38,5321.81,3.04,-32.03,5321.81
800,6.47,6098.80,3.04,-53.34,6098.80
900,8.25,6827.34,3.04,-26.20,6827.34
1000,6.96,7583.81,3.04,-26.99,7583.81
2000,6.90,15011.75,6.08,101.89,15011.75
3000,7.03,22620.74,6.08,49.73,22620.74
4000,7.68,30214.25,6.08,13.03,30214.25
5000,7.47,37667.57,6.08,116.54,37667.57
6000,8.70,45199.94,6.08,140.99,45199.94
7000,4.98,52698.69,6.08,199.06,52698.69
8000,5.38,60175.84,6.08,278.73,60175.84
9000,6.05,67674.82,6.08,336.57,67674.82
10000,7.35,75198.82,6.08,369.39,75198.82
