episode,epReward,cumReward,cumRegret,empRegret,perf
10,0.00,-3.31,10.88,18.31,-3.31
20,0.00,4.32,16.88,25.68,4.32
30,5.34,22.13,18.38,22.87,22.13
40,0.00,23.07,19.88,36.93,23.07
50,2.46,33.13,24.38,41.87,33.13
60,0.00,46.62,24.38,43.38,46.62
70,0.00,52.43,24.38,52.57,52.43
80,3.65,67.25,24.38,52.75,67.25
90,2.40,74.52,24.38,60.48,74.52
100,0.00,90.29,24.38,59.71,90.29
200,3.32,216.50,26.63,83.50,216.50
300,0.00,361.34,26.63,88.66,361.34
400,4.38,505.17,26.63,94.83,505.17
500,2.72,636.21,26.63,113.79,636.21
600,3.28,797.09,28.88,102.91,797.09
700,4.46,970.41,28.88,79.59,970.41
800,4.52,1108.75,28.88,91.25,1108.75
900,4.96,1289.56,28.88,60.44,1289.56
1000,4.12,1438.49,28.88,61.51,1438.49
2000,2.35,2947.05,28.88,52.95,2947.05
3000,1.48,4435.75,28.88,64.25,4435.75
4000,1.69,5882.97,28.88,117.03,5882.97
5000,0.40,7373.16,28.88,126.84,7373.16
6000,0.00,8882.35,31.13,117.65,8882.35
7000,1.98,10357.95,31.13,142.05,10357.95
8000,1.92,11895.90,31.13,104.10,11895.90
9000,2.44,13317.81,31.13,182.19,13317.81
10000,0.00,14860.55,31.13,139.45,14860.55
