episode,epReward,cumReward,cumRegret,empRegret,perf
10,0.14,1.38,15.00,13.62,1.38
20,4.10,18.24,21.00,11.76,18.24
30,3.99,41.21,21.00,3.79,41.21
40,4.03,46.90,21.00,13.10,46.90
50,0.29,47.77,22.50,27.23,47.77
60,1.96,58.72,22.50,31.28,58.72
70,0.00,67.51,22.50,37.49,67.51
80,0.00,79.01,22.50,40.99,79.01
90,5.18,88.99,22.50,46.01,88.99
100,0.00,98.33,22.50,51.67,98.33
200,3.04,243.17,22.50,56.83,243.17
300,1.37,403.82,22.50,46.18,403.82
400,3.54,522.51,22.50,77.49,522.51
500,4.05,685.77,22.50,64.23,685.77
600,3.62,813.34,22.50,86.66,813.34
700,0.00,990.79,22.50,59.21,990.79
800,2.92,1166.14,22.50,33.86,1166.14
900,2.48,1328.82,22.50,21.18,1328.82
1000,0.00,1495.05,22.50,4.95,1495.05
2000,2.69,2915.56,24.75,84.44,2915.56
3000,0.68,4450.04,28.13,49.96,4450.04
4000,3.07,6030.45,28.13,-30.45,6030.45
5000,0.87,7595.80,28.13,-95.80,7595.80
6000,3.11,9098.38,28.13,-98.38,9098.38
7000,5.24,10603.84,28.13,-103.84,10603.84
8000,-1.80,12112.62,28.13,-112.62,12112.62
9000,-0.53,13561.28,28.13,-61.28,13561.28
10000,2.93,15053.61,28.13,-53.61,15053.61
