episode,epReward,cumReward,cumRegret,empRegret,perf
10,2.02,15.70,13.15,7.84,15.70
20,3.06,29.73,15.63,17.34,29.73
30,2.76,57.17,15.63,13.44,57.17
40,6.85,79.49,15.63,14.65,79.49
50,0.88,107.65,15.63,10.03,107.65
60,0.12,127.73,17.84,13.48,127.73
70,3.32,154.21,17.84,10.54,154.21
80,2.89,183.01,17.84,5.28,183.01
90,4.75,219.54,17.84,-7.72,219.54
100,1.05,242.04,17.84,-6.68,242.04
200,-0.68,452.42,17.84,18.30,452.42
300,3.97,656.42,17.84,49.66,656.42
400,3.41,877.61,17.84,63.82,877.61
500,2.05,1105.10,17.84,71.69,1105.10
600,0.31,1327.63,17.84,84.51,1327.63
700,0.85,1567.10,17.84,80.40,1567.10
800,4.14,1799.96,17.84,82.90,1799.96
900,-0.23,2045.87,19.31,72.35,2045.87
1000,2.97,2261.07,19.31,92.50,2261.07
2000,4.07,4558.08,21.79,149.07,4558.08
3000,4.87,6896.87,21.79,163.86,6896.87
4000,2.93,9235.01,21.79,179.30,9235.01
5000,1.03,11609.44,24.25,158.44,11609.44
6000,-0.22,13960.13,24.25,161.33,13960.13
7000,2.55,16329.63,24.25,145.40,16329.63
8000,6.13,18625.54,24.25,203.08,18625.54
9000,0.76,20971.97,24.25,210.22,20971.97
10000,2.70,23283.91,24.25,251.85,23283.91
