episode,epReward,cumReward,cumRegret,empRegret,perf
10,3.61,44.35,7.46,-6.94,44.35
20,1.26,69.44,7.46,5.39,69.44
30,1.01,98.81,7.46,13.43,98.81
40,4.12,139.95,7.46,9.70,139.95
50,3.92,175.16,7.46,11.90,175.16
60,4.21,217.49,7.46,6.99,217.49
70,2.56,250.75,7.46,11.14,250.75
80,4.48,289.03,7.46,10.27,289.03
90,1.28,327.05,11.02,9.67,327.05
100,4.19,361.29,11.02,12.84,361.29
200,5.03,740.39,15.46,7.87,740.39
300,4.48,1123.57,16.38,-1.19,1123.57
400,2.41,1491.12,16.38,5.39,1491.12
500,4.05,1900.84,16.38,-30.20,1900.84
600,6.74,2265.29,16.38,-20.52,2265.29
700,4.06,2627.42,16.38,-8.52,2627.42
800,7.56,2984.30,16.38,8.73,2984.30
900,1.67,3347.33,16.38,19.83,3347.33
1000,3.77,3716.41,16.38,24.88,3716.41
2000,0.22,7481.15,18.05,1.42,7481.15
3000,5.57,11142.05,18.97,81.81,11142.05
4000,2.76,14854.28,18.97,110.87,14854.28
5000,2.02,18688.86,18.97,17.59,18688.86
6000,3.44,22489.78,18.97,-42.05,22489.78
7000,6.50,26222.78,18.97,-33.76,26222.78
8000,3.74,30008.81,18.97,-78.51,30008.81
9000,7.47,33721.69,18.97,-50.09,33721.69
10000,1.85,37450.56,18.97,-37.68,37450.56
