episode,epReward,cumReward,cumRegret,empRegret,perf
10,0.00,-2.09,21.00,17.09,-2.09
20,0.00,-3.98,29.25,33.98,-3.98
30,0.00,11.30,29.25,33.70,11.30
40,0.00,19.25,29.25,40.75,19.25
50,0.00,42.43,29.25,32.57,42.43
60,3.79,65.26,30.75,24.74,65.26
70,3.32,77.22,30.75,27.78,77.22
80,0.00,92.27,32.25,27.73,92.27
90,3.20,112.97,32.25,22.03,112.97
100,0.00,121.05,32.25,28.95,121.05
200,1.71,273.59,32.25,26.41,273.59
300,0.00,413.77,32.25,36.23,413.77
400,0.00,534.81,32.25,65.19,534.81
500,4.16,658.58,32.25,91.42,658.58
600,0.00,753.78,32.25,146.22,753.78
700,4.40,933.87,32.25,116.13,933.87
800,0.00,1073.61,32.25,126.39,1073.61
900,0.00,1208.89,32.25,141.11,1208.89
1000,0.00,1360.14,32.25,139.86,1360.14
2000,3.73,2780.20,32.25,219.80,2780.20
3000,0.00,4211.85,32.25,288.15,4211.85
4000,3.64,5707.16,32.25,292.84,5707.16
5000,3.02,7182.29,32.25,317.71,7182.29
6000,2.75,8622.85,32.25,377.15,8622.85
7000,0.00,10130.20,32.25,369.80,10130.20
8000,4.18,11594.04,32.25,405.96,11594.04
9000,3.04,13052.39,32.25,447.61,13052.39
10000,2.75,14388.27,32.25,611.73,14388.27
