episode,epReward,cumReward,cumRegret,empRegret,perf
10,0.00,8.65,9.00,6.35,8.65
20,2.77,23.65,9.00,6.35,23.65
30,3.26,28.43,12.00,16.57,28.43
40,0.00,34.73,14.25,25.27,34.73
50,6.13,55.43,14.25,19.57,55.43
60,3.04,67.73,14.25,22.27,67.73
70,3.12,82.48,15.75,22.52,82.48
80,2.47,101.48,15.75,18.52,101.48
90,0.38,118.57,15.75,16.43,118.57
100,5.43,139.21,15.75,10.79,139.21
200,-0.06,286.73,15.75,13.27,286.73
300,4.01,452.67,15.75,-2.67,452.67
400,0.00,604.81,15.75,-4.81,604.81
500,0.00,746.23,18.00,3.77,746.23
600,1.40,922.48,18.00,-22.48,922.48
700,0.00,1067.30,18.00,-17.30,1067.30
800,3.43,1207.68,18.00,-7.68,1207.68
900,0.00,1353.87,18.00,-3.87,1353.87
1000,3.09,1476.23,18.00,23.77,1476.23
2000,0.00,2966.54,22.50,33.46,2966.54
3000,3.41,4493.16,22.50,6.84,4493.16
4000,-1.29,6024.21,22.50,-24.21,6024.21
5000,-1.77,7591.14,22.50,-91.14,7591.14
6000,0.00,9038.69,22.50,-38.69,9038.69
7000,2.46,10556.01,22.50,-56.01,10556.01
8000,4.67,12040.59,22.50,-40.59,12040.59
9000,0.00,13505.44,25.88,-5.44,13505.44
10000,4.56,14978.01,25.88,21.99,14978.01
