episode,epReward,cumReward,cumRegret,empRegret,perf
10,-0.31,0.34,3.23,-7.46,0.34
20,-3.77,-12.59,4.92,-1.65,-12.59
30,-0.42,-23.20,8.39,1.84,-23.20
40,-1.39,-29.13,10.38,0.66,-29.13
50,-1.82,-36.19,12.12,0.59,-36.19
60,-1.05,-52.96,12.64,10.25,-52.96
70,-1.89,-49.45,13.10,-0.38,-49.45
80,-0.38,-53.11,13.45,-3.84,-53.11
90,1.58,-56.77,13.67,-7.30,-56.77
100,-1.27,-60.27,13.85,-10.91,-60.27
200,-1.49,-124.83,15.53,-17.55,-124.83
300,-1.83,-213.04,20.17,-0.53,-213.04
400,0.53,-296.32,24.87,11.57,-296.32
500,1.06,-390.42,26.90,34.48,-390.42
600,1.76,-472.37,28.67,45.24,-472.37
700,-0.14,-567.87,30.43,69.55,-567.87
800,-0.42,-606.28,32.37,36.77,-606.28
900,-1.98,-683.83,32.69,43.13,-683.83
1000,-1.89,-735.30,33.93,23.41,-735.30
2000,-5.35,-1387.74,41.06,-36.03,-1387.74
3000,-0.33,-2089.42,41.77,-46.23,-2089.42
4000,-0.77,-2734.05,43.40,-113.49,-2734.05
5000,-2.22,-3477.57,43.99,-81.85,-3477.57
6000,-1.42,-4148.76,45.91,-122.55,-4148.76
7000,-2.13,-4882.31,47.11,-100.89,-4882.31
8000,-2.70,-5533.68,50.45,-161.40,-5533.68
9000,-0.63,-6225.26,52.68,-181.71,-6225.26
10000,3.92,-6976.06,54.02,-142.79,-6976.06
