episode,epReward,cumReward,cumRegret,empRegret,perf
10,6.51,32.02,8.85,13.08,32.02
20,5.75,70.04,8.85,20.14,70.04
30,1.97,119.10,8.85,16.18,119.10
40,3.35,162.22,8.85,18.15,162.22
50,6.15,204.34,8.85,21.12,204.34
60,7.22,246.18,8.85,24.38,246.18
70,4.71,302.91,8.85,12.74,302.91
80,3.76,342.32,8.85,18.42,342.32
90,4.31,387.60,8.85,18.23,387.60
100,7.81,440.72,8.85,10.21,440.72
200,4.41,894.63,8.85,7.23,894.63
300,5.14,1345.06,8.85,7.72,1345.06
400,0.96,1837.40,8.85,-33.70,1837.40
500,3.82,2263.72,10.05,-9.09,2263.72
600,5.99,2739.93,10.87,-34.37,2739.93
700,4.35,3196.72,12.61,-40.23,3196.72
800,3.31,3656.31,13.44,-48.89,3656.31
900,4.39,4114.80,15.82,-56.46,4114.80
1000,0.54,4559.41,15.82,-50.14,4559.41
2000,2.44,9034.78,24.79,-16.24,9034.78
3000,5.69,13645.06,27.26,-117.26,13645.06
4000,3.63,18147.92,29.00,-110.84,18147.92
5000,4.83,22677.35,30.65,-131.00,22677.35
6000,3.94,27218.65,31.47,-163.04,27218.65
7000,7.41,31664.58,33.12,-99.70,31664.58
8000,3.24,36170.19,33.94,-96.03,36170.19
9000,3.24,40590.42,34.76,-7.01,40590.42
10000,4.44,45149.59,34.76,-56.90,45149.59
