episode,epReward,cumReward,cumRegret,empRegret,perf
10,0.00,0.45,9.00,14.55,0.45
20,3.56,20.71,15.75,9.29,20.71
30,2.69,42.91,15.75,2.09,42.91
40,3.21,56.80,18.75,3.20,56.80
50,0.00,71.92,23.25,3.08,71.92
60,2.75,84.93,23.25,5.07,84.93
70,4.72,99.57,24.75,5.43,99.57
80,1.42,119.54,24.75,0.46,119.54
90,0.00,135.94,24.75,-0.94,135.94
100,-1.00,144.32,24.75,5.68,144.32
200,0.00,320.52,27.00,-20.52,320.52
300,0.00,497.50,27.00,-47.50,497.50
400,-0.20,620.83,27.00,-20.83,620.83
500,2.91,751.64,27.00,-1.64,751.64
600,-1.07,864.88,29.25,35.12,864.88
700,0.00,1002.59,29.25,47.41,1002.59
800,0.00,1151.25,29.25,48.75,1151.25
900,1.15,1325.51,29.25,24.49,1325.51
1000,0.00,1454.86,29.25,45.14,1454.86
2000,0.00,2990.59,29.25,9.41,2990.59
3000,4.56,4484.67,32.63,15.33,4484.67
4000,0.00,6007.48,32.63,-7.48,6007.48
5000,0.00,7507.34,34.88,-7.34,7507.34
6000,0.00,8989.49,34.88,10.51,8989.49
7000,0.00,10410.58,34.88,89.42,10410.58
8000,3.52,11949.46,34.88,50.54,11949.46
9000,0.00,13495.46,34.88,4.54,13495.46
10000,2.79,15014.28,34.88,-14.28,15014.28
