episode,epReward,cumReward,cumRegret,empRegret,perf
10,0.87,1.77,16.13,13.23,1.77
20,0.15,20.10,22.88,9.90,20.10
30,-3.31,38.94,22.88,6.06,38.94
40,-0.92,47.94,22.88,12.06,47.94
50,-1.38,64.58,22.88,10.42,64.58
60,0.00,88.89,22.88,1.11,88.89
70,4.17,104.86,24.38,0.14,104.86
80,3.41,121.02,24.38,-1.02,121.02
90,-0.60,137.40,24.38,-2.40,137.40
100,3.25,139.56,24.38,10.44,139.56
200,-0.27,315.03,24.38,-15.03,315.03
300,-0.34,499.19,24.38,-49.19,499.19
400,0.00,660.06,24.38,-60.06,660.06
500,0.00,816.39,24.38,-66.39,816.39
600,4.34,930.68,24.38,-30.68,930.68
700,0.00,1080.04,24.38,-30.04,1080.04
800,3.90,1222.29,24.38,-22.29,1222.29
900,0.64,1353.02,24.38,-3.02,1353.02
1000,-0.34,1483.17,24.38,16.83,1483.17
2000,2.38,2863.47,31.13,136.53,2863.47
3000,3.74,4365.82,31.13,134.18,4365.82
4000,0.00,5818.68,31.13,181.32,5818.68
5000,2.72,7325.05,31.13,174.95,7325.05
6000,-0.24,8748.90,31.13,251.10,8748.90
7000,4.55,10374.03,31.13,125.97,10374.03
8000,2.38,11843.63,31.13,156.37,11843.63
9000,0.00,13399.95,31.13,100.05,13399.95
10000,-0.25,14921.79,31.13,78.21,14921.79
