episode,epReward,cumReward,cumRegret,empRegret,perf
10,0.00,4.84,14.63,10.16,4.84
20,0.00,13.03,23.63,16.97,13.03
30,0.22,18.99,25.13,26.01,18.99
40,2.17,28.21,25.13,31.79,28.21
50,3.90,52.37,25.13,22.63,52.37
60,0.00,77.00,25.13,13.00,77.00
70,-0.23,90.94,25.13,14.06,90.94
80,4.42,110.68,25.13,9.32,110.68
90,-3.90,120.10,25.13,14.90,120.10
100,-0.34,140.13,25.13,9.87,140.13
200,1.90,280.65,25.13,19.35,280.65
300,4.91,411.63,25.13,38.37,411.63
400,2.00,549.15,25.13,50.85,549.15
500,2.77,676.20,27.38,73.80,676.20
600,0.00,790.91,27.38,109.09,790.91
700,3.05,950.93,27.38,99.07,950.93
800,-0.69,1094.07,27.38,105.93,1094.07
900,2.47,1266.94,27.38,83.06,1266.94
1000,0.00,1442.44,27.38,57.56,1442.44
2000,2.22,2973.80,31.88,26.20,2973.80
3000,0.00,4479.30,31.88,20.70,4479.30
4000,0.00,5981.82,31.88,18.18,5981.82
5000,3.96,7588.76,31.88,-88.76,7588.76
6000,3.32,9158.45,34.13,-158.45,9158.45
7000,0.00,10725.71,34.13,-225.71,10725.71
8000,2.45,12219.56,34.13,-219.56,12219.56
9000,3.35,13738.40,34.13,-238.40,13738.40
10000,3.32,15271.02,34.13,-271.02,15271.02
