episode,epReward,cumReward,cumRegret,empRegret,perf
10,-0.68,21.03,2.25,-2.60,21.03
20,-0.65,26.36,6.95,10.51,26.36
30,5.68,45.15,8.23,10.16,45.15
40,-1.92,63.33,9.19,10.41,63.33
50,1.68,94.92,10.48,-2.75,94.92
60,2.05,114.16,11.44,-3.55,114.16
70,5.01,133.53,11.76,-4.48,133.53
80,3.65,154.11,12.08,-6.63,154.11
90,1.41,180.09,12.08,-14.18,180.09
100,2.91,204.11,12.08,-19.76,204.11
200,1.63,413.17,14.96,-44.48,413.17
300,0.22,584.62,19.43,-31.58,584.62
400,1.68,776.84,22.62,-39.46,776.84
500,0.95,958.88,25.50,-37.16,958.88
600,1.47,1160.41,29.64,-54.34,1160.41
700,2.01,1330.14,30.60,-39.73,1330.14
800,1.12,1526.73,30.92,-51.97,1526.73
900,1.21,1705.24,30.92,-46.13,1705.24
1000,3.10,1883.67,30.92,-40.22,1883.67
2000,0.51,3727.13,32.83,-40.22,3727.13
3000,3.81,5539.45,34.43,-9.09,5539.45
4000,3.84,7423.70,36.98,-49.88,7423.70
5000,-1.72,9190.64,39.84,26.62,9190.64
6000,4.17,11060.27,40.16,0.45,11060.27
7000,-2.08,12950.54,40.48,-46.37,12950.54
8000,2.73,14782.44,41.44,-34.81,14782.44
9000,5.68,16653.83,41.44,-62.75,16653.83
10000,4.90,18472.47,41.44,-37.94,18472.47
