episode,epReward,cumReward,cumRegret,empRegret,perf
10,0.00,0.14,17.25,14.86,0.14
20,0.00,9.80,27.75,20.20,9.80
30,-0.65,18.92,29.25,26.08,18.92
40,3.90,34.40,29.25,25.60,34.40
50,0.00,54.56,29.25,20.44,54.56
60,4.57,67.47,29.25,22.53,67.47
70,2.29,91.70,29.25,13.30,91.70
80,0.00,100.77,29.25,19.23,100.77
90,-0.74,104.29,29.25,30.71,104.29
100,0.00,124.46,29.25,25.54,124.46
200,1.81,254.63,29.25,45.37,254.63
300,-0.63,405.78,29.25,44.22,405.78
400,0.00,551.68,29.25,48.32,551.68
500,0.00,706.63,29.25,43.37,706.63
600,2.93,879.91,29.25,20.09,879.91
700,0.00,1024.81,29.25,25.19,1024.81
800,3.68,1174.36,29.25,25.64,1174.36
900,0.00,1353.27,29.25,-3.27,1353.27
1000,5.49,1534.77,29.25,-34.77,1534.77
2000,0.00,3049.08,31.50,-49.08,3049.08
3000,0.00,4468.89,31.50,31.11,4468.89
4000,0.00,5964.75,31.50,35.25,5964.75
5000,0.00,7577.17,31.50,-77.17,7577.17
6000,0.00,9069.85,33.75,-69.85,9069.85
7000,-0.23,10663.81,33.75,-163.81,10663.81
8000,3.14,12018.00,33.75,-18.00,12018.00
9000,3.33,13469.41,36.00,30.59,13469.41
10000,0.89,14982.06,36.00,17.94,14982.06
