episode,epReward,cumReward,cumRegret,empRegret,perf
10,-5.06,-30.13,11.96,11.54,-30.13
20,2.60,-40.85,19.55,3.67,-40.85
30,0.89,-63.37,22.74,7.60,-63.37
40,0.19,-77.37,23.71,3.00,-77.37
50,-3.08,-99.67,24.04,6.72,-99.67
60,-1.79,-129.37,24.52,17.82,-129.37
70,-2.53,-151.09,26.46,20.95,-151.09
80,-2.45,-173.56,27.11,24.83,-173.56
90,-2.41,-198.89,27.28,31.57,-198.89
100,0.15,-218.57,27.44,32.65,-218.57
200,-3.65,-423.19,34.09,51.37,-423.19
300,-5.37,-616.92,38.28,59.18,-616.92
400,-3.77,-796.96,38.44,53.31,-796.96
500,-1.53,-983.11,38.44,53.55,-983.11
600,-6.11,-1188.98,39.09,73.50,-1188.98
700,-3.06,-1366.80,39.09,65.41,-1366.80
800,1.01,-1533.21,39.99,45.91,-1533.21
900,-0.02,-1709.47,40.16,36.25,-1709.47
1000,1.26,-1884.62,40.16,25.49,-1884.62
2000,-3.92,-3651.55,43.66,-66.71,-3651.55
3000,-0.56,-5504.17,43.66,-73.22,-5504.17
4000,-1.90,-7428.24,44.30,-8.27,-7428.24
5000,-4.14,-9330.49,49.98,34.85,-9330.49
6000,-1.56,-11342.47,61.10,187.70,-11342.47
7000,-2.86,-13288.74,84.21,274.84,-13288.74
8000,-2.59,-15064.72,98.41,191.69,-15064.72
9000,-2.82,-16989.73,106.03,257.58,-16989.73
10000,0.21,-18902.88,114.07,311.59,-18902.88
