episode,epReward,cumReward,cumRegret,empRegret,perf
10,0.00,1.10,9.00,13.90,1.10
20,0.00,-4.21,19.50,34.21,-4.21
30,3.89,19.50,19.50,25.50,19.50
40,2.37,37.88,21.00,22.12,37.88
50,0.00,57.18,21.00,17.82,57.18
60,0.00,76.63,21.00,13.37,76.63
70,0.00,85.10,21.00,19.90,85.10
80,0.00,93.75,21.00,26.25,93.75
90,0.00,100.50,21.00,34.50,100.50
100,2.23,116.85,21.00,33.15,116.85
200,0.00,261.87,21.00,38.13,261.87
300,0.00,424.14,21.00,25.86,424.14
400,4.10,590.46,21.00,9.54,590.46
500,1.66,770.14,21.00,-20.14,770.14
600,0.00,925.67,21.00,-25.67,925.67
700,0.00,1071.76,21.00,-21.76,1071.76
800,5.02,1179.51,21.00,20.49,1179.51
900,0.18,1343.54,21.00,6.46,1343.54
1000,2.19,1453.75,21.00,46.25,1453.75
2000,3.99,3006.22,21.00,-6.22,3006.22
3000,0.00,4491.15,21.00,8.85,4491.15
4000,0.46,5993.81,21.00,6.19,5993.81
5000,3.06,7428.08,21.00,71.92,7428.08
6000,0.00,8940.56,21.00,59.44,8940.56
7000,3.78,10375.77,21.00,124.23,10375.77
8000,-0.33,11895.61,21.00,104.39,11895.61
9000,3.41,13381.67,21.00,118.33,13381.67
10000,0.00,14849.97,21.00,150.03,14849.97
