episode,epReward,cumReward,cumRegret,empRegret,perf
10,0.00,3.41,7.50,11.59,3.41
20,0.00,16.44,15.75,13.56,16.44
30,3.80,30.00,17.25,15.00,30.00
40,0.00,37.21,20.25,22.79,37.21
50,3.79,56.04,20.25,18.96,56.04
60,0.46,70.53,20.25,19.47,70.53
70,0.00,77.42,21.75,27.58,77.42
80,0.00,84.32,21.75,35.68,84.32
90,4.59,99.21,21.75,35.79,99.21
100,0.04,108.09,23.25,41.91,108.09
200,2.02,264.53,23.25,35.47,264.53
300,-0.52,402.32,23.25,47.68,402.32
400,1.72,520.13,23.25,79.87,520.13
500,0.00,661.92,23.25,88.08,661.92
600,0.00,832.24,23.25,67.76,832.24
700,0.00,995.26,23.25,54.74,995.26
800,2.93,1181.34,23.25,18.66,1181.34
900,0.00,1309.58,23.25,40.42,1309.58
1000,0.00,1462.53,23.25,37.47,1462.53
2000,-3.05,3098.83,25.50,-98.83,3098.83
3000,3.10,4613.40,25.50,-113.40,4613.40
4000,3.17,6061.30,25.50,-61.30,6061.30
5000,2.97,7559.31,25.50,-59.31,7559.31
6000,4.51,9155.14,25.50,-155.14,9155.14
7000,1.52,10631.73,25.50,-131.73,10631.73
8000,1.45,12079.97,25.50,-79.97,12079.97
9000,0.00,13584.07,25.50,-84.07,13584.07
10000,-0.12,15094.31,25.50,-94.31,15094.31
