episode,epReward,cumReward,cumRegret,empRegret,perf
10,0.00,-1.23,12.00,16.23,-1.23
20,0.00,-2.91,24.38,32.91,-2.91
30,2.80,2.30,31.13,42.70,2.30
40,0.30,1.68,45.00,58.32,1.68
50,4.84,9.11,48.00,65.89,9.11
60,4.10,28.09,48.00,61.91,28.09
70,0.00,42.92,48.00,62.08,42.92
80,3.97,56.90,48.00,63.10,56.90
90,0.00,71.35,48.00,63.65,71.35
100,0.00,80.41,48.00,69.59,80.41
200,0.48,215.44,48.00,84.56,215.44
300,0.00,344.29,48.00,105.71,344.29
400,4.60,478.17,48.00,121.83,478.17
500,0.00,650.85,48.00,99.15,650.85
600,0.00,788.90,48.00,111.10,788.90
700,0.00,923.57,48.00,126.43,923.57
800,0.00,1081.06,48.00,118.94,1081.06
900,0.00,1223.10,48.00,126.90,1223.10
1000,2.83,1374.31,48.00,125.69,1374.31
2000,0.00,2833.99,48.00,166.01,2833.99
3000,-0.62,4399.14,48.00,100.86,4399.14
4000,0.00,5871.28,48.00,128.72,5871.28
5000,3.10,7308.40,48.00,191.60,7308.40
6000,0.00,8740.63,48.00,259.37,8740.63
7000,0.00,10226.94,48.00,273.06,10226.94
8000,3.24,11699.05,48.00,300.95,11699.05
9000,0.00,13149.37,48.00,350.63,13149.37
10000,0.00,14724.00,48.00,276.00,14724.00
