episode,epReward,cumReward,cumRegret,empRegret,perf
10,2.81,-1.00,5.82,6.67,-1.00
20,0.04,5.53,11.59,5.80,5.53
30,-5.02,-1.62,17.71,18.62,-1.62
40,0.26,-1.93,22.99,24.59,-1.93
50,0.88,-4.01,28.61,32.33,-4.01
60,1.42,-12.08,32.81,46.07,-12.08
70,2.15,-8.43,36.44,48.09,-8.43
80,2.55,-7.10,38.61,52.43,-7.10
90,-1.78,-11.11,44.08,62.10,-11.11
100,0.40,-3.32,46.98,59.97,-3.32
200,1.00,37.42,50.08,75.89,37.42
300,1.24,56.30,50.08,113.67,56.30
400,0.55,119.59,50.08,107.03,119.59
500,-2.03,163.59,50.08,119.68,163.59
600,-2.50,199.91,50.27,140.02,199.91
700,4.08,258.90,50.46,137.69,258.90
800,-0.74,291.06,50.84,162.19,291.06
900,-0.55,361.91,51.60,147.99,361.91
1000,1.00,394.18,53.32,172.37,394.18
2000,3.00,892.67,94.85,240.45,892.67
3000,0.60,1430.59,107.05,269.08,1430.59
4000,1.74,1996.03,110.48,270.20,1996.03
5000,0.07,2582.73,111.05,250.05,2582.73
6000,-0.44,3162.12,111.43,237.21,3162.12
7000,2.98,3723.60,112.38,242.29,3723.60
8000,1.35,4125.90,112.95,406.55,4125.90
9000,-0.21,4688.63,113.71,410.38,4688.63
10000,0.84,5287.47,114.67,378.09,5287.47
