episode,epReward,cumReward,cumRegret,empRegret,perf
10,1.93,-10.03,4.65,-3.60,-10.03
20,-2.07,-41.03,9.44,13.77,-41.03
30,-2.32,-57.82,12.53,16.92,-57.82
40,0.60,-77.61,15.65,23.07,-77.61
50,0.47,-93.66,16.48,25.49,-93.66
60,-4.13,-106.80,18.33,24.99,-106.80
70,0.93,-113.56,19.15,18.12,-113.56
80,-0.34,-129.92,19.15,20.84,-129.92
90,-1.80,-139.22,19.57,16.51,-139.22
100,-2.55,-159.92,21.65,23.58,-159.92
200,-2.56,-305.91,29.79,33.23,-305.91
300,-2.60,-445.07,31.92,36.04,-445.07
400,1.37,-616.14,33.19,70.77,-616.14
500,0.01,-763.23,34.06,81.52,-763.23
600,0.54,-925.97,34.94,107.92,-925.97
700,-1.29,-1082.48,34.94,128.09,-1082.48
800,0.34,-1180.38,35.81,89.64,-1180.38
900,-1.17,-1339.21,36.68,112.13,-1339.21
1000,-0.91,-1451.02,36.89,87.60,-1451.02
2000,-0.56,-2853.52,38.84,126.68,-2853.52
3000,-1.65,-4224.51,38.84,134.26,-4224.51
4000,-1.80,-5574.23,42.73,120.56,-5574.23
5000,-5.12,-6906.98,45.74,89.89,-6906.98
6000,-0.05,-8236.41,45.74,55.90,-8236.41
7000,-1.57,-9576.92,45.74,32.99,-9576.92
8000,-0.22,-10901.55,45.74,-5.80,-10901.55
9000,-0.08,-12357.49,48.27,86.72,-12357.49
10000,-1.45,-13767.37,48.27,133.18,-13767.37
