episode,epReward,cumReward,cumRegret,empRegret,perf
10,0.97,34.90,7.97,12.41,34.90
20,7.61,82.24,10.04,12.39,82.24
30,5.88,128.01,10.04,13.92,128.01
40,7.04,174.33,10.04,14.92,174.33
50,0.98,216.37,10.04,20.19,216.37
60,3.62,261.55,10.04,22.33,261.55
70,4.64,310.27,10.04,20.92,310.27
80,3.30,348.12,10.04,30.38,348.12
90,8.77,403.78,10.04,22.03,403.78
100,4.04,456.29,10.25,16.83,456.29
200,8.86,964.23,10.25,-17.99,964.23
300,3.13,1446.76,10.29,-27.39,1446.76
400,0.64,1902.34,10.90,-9.85,1902.34
500,6.67,2365.33,15.15,0.28,2365.33
600,6.92,2831.65,15.71,7.08,2831.65
700,2.40,3308.33,16.03,3.52,3308.33
800,5.82,3786.14,16.06,-1.17,3786.14
900,2.43,4250.17,16.10,7.93,4250.17
1000,4.73,4743.99,16.10,-12.78,4743.99
2000,4.96,9435.47,17.06,26.96,9435.47
3000,1.77,14132.73,18.61,60.92,14132.73
4000,-0.60,18829.15,20.49,95.70,18829.15
5000,4.65,23657.31,23.82,-1.24,23657.31
6000,7.06,28538.66,28.84,-151.37,28538.66
7000,4.89,33196.23,32.85,-77.73,33196.23
8000,6.90,37935.24,35.20,-85.53,37935.24
9000,6.31,42605.83,38.68,-24.90,42605.83
10000,7.01,47257.15,40.68,54.99,47257.15
