episode,epReward,cumReward,cumRegret,empRegret,perf
10,-0.74,17.12,5.55,5.31,17.12
20,-0.43,33.72,7.07,11.14,33.72
30,0.42,56.12,7.07,11.17,56.12
40,1.38,72.50,7.93,17.22,72.50
50,4.06,100.64,7.93,11.51,100.64
60,0.22,112.04,10.66,22.55,112.04
70,-0.40,134.04,10.66,22.98,134.04
80,2.88,150.82,10.66,28.63,150.82
90,0.52,169.73,10.66,32.16,169.73
100,-1.23,193.16,10.66,31.16,193.16
200,1.59,427.11,16.04,21.52,427.11
300,2.02,646.82,16.04,26.13,646.82
400,0.48,859.70,17.57,37.56,859.70
500,3.62,1106.76,17.57,14.81,1106.76
600,2.68,1345.01,17.57,0.88,1345.01
700,3.88,1610.36,17.57,-40.16,1610.36
800,5.00,1858.96,17.57,-64.44,1858.96
900,3.70,2056.55,17.57,-37.72,2056.55
1000,2.80,2278.33,17.57,-35.19,2278.33
2000,1.81,4557.54,17.57,-71.25,4557.54
3000,-0.39,6728.56,18.83,0.87,6728.56
4000,4.23,8916.27,19.47,56.30,8916.27
5000,5.17,11063.16,19.47,152.55,11063.16
6000,2.00,13230.76,19.47,228.10,13230.76
7000,2.74,15363.14,19.47,338.86,15363.14
8000,1.65,17613.84,20.96,331.30,17613.84
9000,2.38,19837.05,20.96,351.23,19837.05
10000,2.21,22030.20,23.49,401.23,22030.20
