episode,epReward,cumReward,cumRegret,empRegret,perf
10,5.06,51.17,5.79,2.90,51.17
20,7.72,101.51,5.79,6.63,101.51
30,2.95,148.99,5.79,13.22,148.99
40,9.01,208.26,5.79,8.03,208.26
50,6.35,267.99,5.79,2.36,267.99
60,5.70,319.48,5.79,4.95,319.48
70,5.40,363.31,5.79,15.19,363.31
80,4.85,414.17,5.79,18.40,414.17
90,5.70,466.71,5.79,19.93,466.71
100,4.46,510.93,5.79,29.77,510.93
200,5.83,1049.65,5.79,31.77,1049.65
300,5.39,1569.80,5.79,52.32,1569.80
400,2.98,2099.11,5.79,63.72,2099.11
500,5.62,2628.01,5.79,75.53,2628.01
600,3.27,3138.34,5.79,105.90,3138.34
700,7.61,3684.74,5.79,100.21,3684.74
800,4.74,4216.51,5.79,109.15,4216.51
900,7.80,4772.37,5.79,93.99,4772.37
1000,4.05,5307.79,5.79,99.29,5307.79
2000,6.62,10638.63,5.79,175.52,10638.63
3000,4.81,16064.17,5.79,157.05,16064.17
4000,6.64,21401.25,5.79,227.04,21401.25
5000,3.58,26772.16,5.79,263.21,26772.16
6000,6.35,32217.90,5.79,224.54,32217.90
7000,4.32,37614.15,5.79,235.37,37614.15
8000,5.25,43131.68,5.79,124.91,43131.68
9000,3.28,48571.52,5.79,92.14,48571.52
10000,5.69,53899.90,5.79,170.83,53899.90
