episode,epReward,cumReward,cumRegret,empRegret,perf
10,6.33,24.90,18.85,13.77,24.90
20,4.91,58.42,30.08,18.92,58.42
30,1.59,97.48,37.59,18.52,97.48
40,4.40,143.13,38.99,11.54,143.13
50,7.10,185.25,38.99,8.09,185.25
60,0.21,228.05,40.49,3.95,228.05
70,5.88,268.78,40.60,1.89,268.78
80,4.75,304.51,40.70,4.83,304.51
90,4.55,344.06,40.70,3.95,344.06
100,5.03,379.14,40.70,7.54,379.14
200,6.12,774.84,40.70,-1.49,774.84
300,5.63,1126.29,41.77,33.74,1126.29
400,0.86,1465.06,42.51,81.65,1465.06
500,5.39,1819.51,47.48,113.88,1819.51
600,3.79,2210.54,49.82,109.52,2210.54
700,-0.47,2592.88,51.20,113.86,2592.88
800,3.60,3000.89,54.81,92.53,3000.89
900,2.00,3385.45,57.24,94.64,3385.45
1000,4.84,3763.65,59.89,103.12,3763.65
2000,2.84,7711.45,65.27,22.09,7711.45
3000,5.34,11640.79,66.00,-40.48,11640.79
4000,1.20,15475.40,66.95,-8.32,15475.40
5000,4.78,19317.24,68.85,16.61,19317.24
6000,8.78,23168.49,69.27,32.12,23168.49
7000,0.08,27112.17,69.69,-44.78,27112.17
8000,1.65,30953.47,70.12,-19.31,30953.47
9000,3.35,34866.88,70.64,-65.95,34866.88
10000,0.35,38804.89,70.64,-137.19,38804.89
