episode,epReward,cumReward,cumRegret,empRegret,perf
10,-0.81,3.67,6.66,11.42,3.67
20,-0.15,21.11,10.22,9.06,21.11
30,0.80,30.00,10.22,15.26,30.00
40,-0.76,32.95,11.96,27.40,32.95
50,3.15,57.88,13.71,17.55,57.88
60,2.60,69.82,13.71,20.70,69.82
70,1.59,80.50,13.71,25.11,80.50
80,1.44,90.20,15.46,30.50,90.20
90,0.61,103.85,15.46,31.94,103.85
100,3.72,117.68,15.46,33.20,117.68
200,2.91,242.75,18.33,59.00,242.75
300,-0.99,374.86,20.21,77.77,374.86
400,1.09,521.57,21.96,81.93,521.57
500,-0.46,684.29,21.96,70.09,684.29
600,2.83,831.32,23.47,73.93,831.32
700,2.06,984.65,23.47,71.48,984.65
800,2.87,1146.29,23.47,60.71,1146.29
900,3.82,1316.54,23.47,41.34,1316.54
1000,4.45,1477.85,23.47,30.91,1477.85
2000,-1.01,3126.91,24.20,-109.41,3126.91
3000,2.67,4606.31,24.57,-80.05,4606.31
4000,2.80,6135.84,24.57,-100.83,6135.84
5000,1.23,7668.58,27.83,-124.81,7668.58
6000,-3.40,9105.20,27.83,-52.68,9105.20
7000,1.85,10656.72,27.83,-95.44,10656.72
8000,-0.83,12237.79,27.83,-167.76,12237.79
9000,2.40,13720.75,27.83,-141.97,13720.75
10000,3.78,15168.94,28.20,-81.40,15168.94
