episode,epReward,cumReward,cumRegret,empRegret,perf
10,-0.02,-9.11,5.58,-10.62,-9.11
20,-0.87,-32.05,12.65,-7.41,-32.05
30,0.82,-55.75,18.10,-3.44,-55.75
40,-3.75,-89.98,24.69,11.06,-89.98
50,-1.89,-127.40,30.36,28.75,-127.40
60,-1.29,-135.38,32.62,16.99,-135.38
70,-4.86,-158.02,33.83,19.90,-158.02
80,-2.13,-181.68,34.69,23.82,-181.68
90,-5.34,-219.62,36.06,42.03,-219.62
100,2.08,-238.34,38.15,41.03,-238.34
200,-1.32,-419.39,54.83,24.75,-419.39
300,-1.81,-600.02,56.76,8.07,-600.02
400,-1.84,-784.19,60.15,-5.07,-784.19
500,1.24,-951.95,61.60,-34.62,-951.95
600,0.04,-1138.29,62.08,-45.61,-1138.29
700,-4.63,-1347.95,62.41,-33.26,-1347.95
800,-4.94,-1554.97,63.94,-23.55,-1554.97
900,-1.32,-1786.22,64.42,10.37,-1786.22
1000,-1.60,-1974.04,68.22,0.88,-1974.04
2000,-6.12,-3925.06,72.74,-21.26,-3925.06
3000,-4.87,-5939.93,74.64,20.45,-5939.93
4000,2.14,-7930.84,74.64,38.20,-7930.84
5000,-3.89,-9819.49,74.80,-46.31,-9819.49
6000,-1.68,-11846.34,74.80,7.39,-11846.34
7000,-0.56,-13644.30,74.80,-167.81,-13644.30
8000,-3.17,-15559.05,75.13,-226.22,-15559.05
9000,-1.84,-17480.02,75.13,-278.41,-17480.02
10000,-4.49,-19344.71,75.13,-386.88,-19344.71
