episode,epReward,cumReward,cumRegret,empRegret,perf
10,1.25,9.33,5.38,17.82,9.33
20,3.27,23.02,9.14,31.29,23.02
30,5.54,45.06,10.07,36.40,45.06
40,1.79,64.72,10.99,43.90,64.72
50,-0.87,85.20,11.82,50.58,85.20
60,1.11,107.57,12.23,55.36,107.57
70,2.33,137.39,12.64,52.70,137.39
80,1.77,159.86,14.85,57.39,159.86
90,1.48,176.74,15.94,67.66,176.74
100,2.28,204.23,15.94,67.32,204.23
200,1.28,444.21,15.94,98.90,444.21
300,2.54,704.56,16.83,110.10,704.56
400,0.99,989.02,17.71,97.20,989.02
500,-0.16,1265.29,17.71,92.49,1265.29
600,4.92,1535.46,17.71,93.87,1535.46
700,1.63,1793.97,17.71,106.91,1793.97
800,2.02,2070.81,17.71,101.63,2070.81
900,4.58,2339.46,17.71,104.54,2339.46
1000,5.05,2611.68,17.71,103.87,2611.68
2000,5.48,5352.45,17.71,78.65,5352.45
3000,2.15,8098.76,17.71,47.89,8098.76
4000,3.37,10717.55,17.71,144.65,10717.55
5000,2.38,13410.51,17.71,167.24,13410.51
6000,0.65,16204.55,17.71,88.75,16204.55
7000,0.14,18981.43,17.71,27.42,18981.43
8000,0.34,21615.30,17.71,109.09,21615.30
9000,0.33,24225.49,17.71,214.46,24225.49
10000,1.61,26902.83,17.71,252.67,26902.83
