episode,epReward,cumReward,cumRegret,empRegret,perf
10,0.00,5.43,6.00,9.57,5.43
20,0.00,19.53,12.00,10.47,19.53
30,2.24,30.69,12.00,14.31,30.69
40,3.93,49.73,12.00,10.27,49.73
50,0.00,60.37,12.00,14.63,60.37
60,0.00,75.23,12.00,14.77,75.23
70,0.00,77.86,13.50,27.14,77.86
80,0.00,89.10,13.50,30.90,89.10
90,3.20,98.55,13.50,36.45,98.55
100,3.76,114.40,13.50,35.60,114.40
200,0.00,281.93,13.50,18.07,281.93
300,0.00,411.80,13.50,38.20,411.80
400,0.00,563.60,15.00,36.40,563.60
500,0.00,702.56,15.00,47.44,702.56
600,0.00,842.32,17.25,57.68,842.32
700,0.00,991.50,17.25,58.50,991.50
800,1.90,1148.40,17.25,51.60,1148.40
900,0.00,1307.74,17.25,42.26,1307.74
1000,3.59,1455.15,17.25,44.85,1455.15
2000,0.00,2876.33,17.25,123.67,2876.33
3000,0.00,4337.36,17.25,162.64,4337.36
4000,0.00,5715.63,19.50,284.37,5715.63
5000,3.08,7342.74,19.50,157.26,7342.74
6000,0.00,8874.88,19.50,125.12,8874.88
7000,2.48,10336.01,21.75,163.99,10336.01
8000,2.53,11741.53,24.00,258.47,11741.53
9000,-0.23,13301.78,24.00,198.22,13301.78
10000,0.44,14859.72,24.00,140.28,14859.72
