episode,epReward,cumReward,cumRegret,empRegret,perf
10,1.92,-21.38,11.28,8.40,-21.38
20,0.05,-30.01,11.75,4.05,-30.01
30,-0.82,-45.67,12.97,6.73,-45.67
40,0.79,-63.52,16.43,11.60,-63.52
50,1.06,-76.22,16.67,11.32,-76.22
60,1.09,-93.22,17.38,15.34,-93.22
70,-0.90,-99.90,17.85,9.03,-99.90
80,-2.61,-120.33,18.33,16.49,-120.33
90,0.86,-138.11,18.81,21.28,-138.11
100,-2.66,-155.54,19.06,25.74,-155.54
200,-1.77,-277.75,23.37,18.15,-277.75
300,-0.37,-410.49,27.58,21.09,-410.49
400,-3.00,-538.52,27.82,19.31,-538.52
500,-0.64,-653.28,27.82,4.28,-653.28
600,-1.61,-758.91,28.06,-19.90,-758.91
700,-3.10,-889.17,31.08,-19.43,-889.17
800,-3.03,-1014.67,31.08,-23.74,-1014.67
900,-0.62,-1124.44,31.08,-43.77,-1124.44
1000,-3.35,-1276.81,31.08,-21.20,-1276.81
2000,-1.85,-2530.12,31.08,-65.90,-2530.12
3000,-0.62,-3894.85,31.08,0.82,-3894.85
4000,-0.42,-5209.93,37.86,17.89,-5209.93
5000,-1.19,-6539.42,37.86,49.37,-6539.42
6000,-0.06,-7941.04,37.86,152.97,-7941.04
7000,3.67,-9150.78,37.86,64.71,-9150.78
8000,-1.35,-10417.32,37.86,33.24,-10417.32
9000,-3.42,-11672.77,37.86,-9.32,-11672.77
10000,1.84,-13013.55,37.86,33.45,-13013.55
