episode,epReward,cumReward,cumRegret,empRegret,perf
10,3.49,4.47,3.75,10.53,4.47
20,0.00,5.96,9.75,24.04,5.96
30,0.00,15.15,11.25,29.85,15.15
40,0.00,20.16,14.25,39.84,20.16
50,3.19,33.66,15.75,41.34,33.66
60,3.38,54.10,18.00,35.90,54.10
70,0.00,63.49,20.25,41.51,63.49
80,0.00,69.30,22.50,50.70,69.30
90,4.26,95.32,22.50,39.68,95.32
100,3.57,120.81,22.50,29.19,120.81
200,0.00,266.87,22.50,33.13,266.87
300,0.00,425.53,22.50,24.47,425.53
400,4.12,564.83,22.50,35.17,564.83
500,0.00,734.41,22.50,15.59,734.41
600,0.00,899.82,22.50,0.18,899.82
700,0.00,1057.40,22.50,-7.40,1057.40
800,3.72,1226.56,22.50,-26.56,1226.56
900,4.21,1397.47,22.50,-47.47,1397.47
1000,2.87,1555.57,22.50,-55.57,1555.57
2000,0.94,3199.12,22.50,-199.12,3199.12
3000,0.00,4703.92,22.50,-203.92,4703.92
4000,2.84,6247.37,22.50,-247.37,6247.37
5000,0.00,7727.57,25.88,-227.57,7727.57
6000,4.39,9169.71,25.88,-169.71,9169.71
7000,2.10,10615.99,25.88,-115.99,10615.99
8000,2.76,12070.78,25.88,-70.78,12070.78
9000,3.78,13548.34,25.88,-48.34,13548.34
10000,4.35,15102.89,25.88,-102.89,15102.89
