episode,epReward,cumReward,cumRegret,empRegret,perf
10,-1.20,-7.07,6.65,7.33,-7.07
20,0.91,-10.25,11.46,10.79,-10.25
30,1.58,-16.51,13.13,17.31,-16.51
40,-4.03,-17.60,13.13,18.66,-17.60
50,-1.45,-23.68,14.81,25.01,-23.68
60,-0.19,-25.98,14.81,27.58,-25.98
70,1.51,-24.07,16.13,25.93,-24.07
80,0.02,-35.12,17.81,37.24,-35.12
90,5.45,-33.17,18.41,35.56,-33.17
100,1.57,-33.33,20.09,35.98,-33.33
200,-2.32,-37.39,30.98,42.70,-37.39
300,0.24,-55.47,42.59,63.44,-55.47
400,0.12,-67.35,43.01,77.97,-67.35
500,2.22,-66.10,43.27,79.38,-66.10
600,1.34,-51.67,44.29,67.60,-51.67
700,-0.67,-45.32,44.71,63.91,-45.32
800,-1.69,-19.92,44.93,41.17,-19.92
900,-1.26,-22.69,45.00,46.59,-22.69
1000,2.42,-51.65,45.36,78.20,-51.65
2000,1.62,5.34,45.82,47.78,5.34
3000,-0.27,116.82,46.08,-37.15,116.82
4000,0.99,96.71,47.53,9.51,96.71
5000,1.02,25.00,47.61,107.78,25.00
6000,-1.18,220.94,47.76,-61.61,220.94
7000,-2.30,179.70,47.81,6.19,179.70
8000,-3.19,115.07,47.94,97.38,115.07
9000,0.72,121.46,48.26,117.54,121.46
10000,2.38,103.54,48.57,162.01,103.54
