episode,epReward,cumReward,cumRegret,empRegret,perf
10,4.65,35.91,2.37,1.99,35.91
20,2.74,70.99,2.37,4.80,70.99
30,4.56,109.87,2.37,3.82,109.87
40,0.88,149.80,2.37,1.78,149.80
50,2.02,186.43,2.37,3.05,186.43
60,4.87,222.29,2.37,5.09,222.29
70,5.13,267.12,2.37,-1.84,267.12
80,2.82,302.82,2.37,0.34,302.82
90,4.01,336.29,2.37,4.77,336.29
100,4.93,370.27,2.37,8.69,370.27
200,0.28,746.44,2.37,11.49,746.44
300,5.32,1150.37,2.37,-13.49,1150.37
400,3.41,1540.85,2.37,-25.01,1540.85
500,1.96,1907.84,4.09,-13.03,1907.84
600,6.63,2282.36,4.09,-8.59,2282.36
700,1.35,2667.87,4.09,-15.14,2667.87
800,3.22,3055.76,4.09,-24.08,3055.76
900,2.62,3431.26,4.09,-20.61,3431.26
1000,2.50,3784.39,4.09,5.22,3784.39
2000,2.66,7657.66,9.25,-78.44,7657.66
3000,5.18,11458.98,10.97,-90.14,11458.98
4000,1.63,15319.53,10.97,-161.09,15319.53
5000,1.43,19055.49,10.97,-107.43,19055.49
6000,0.28,22900.09,10.97,-162.42,22900.09
7000,3.68,26626.45,12.69,-99.18,26626.45
8000,1.68,30387.93,14.41,-71.04,30387.93
9000,5.95,34183.69,17.85,-77.20,34183.69
10000,4.91,37993.60,17.85,-97.49,37993.60
