episode,epReward,cumReward,cumRegret,empRegret,perf
10,0.67,3.74,2.44,2.33,3.74
20,0.04,11.11,4.60,1.03,11.11
30,2.85,19.04,9.90,-0.82,19.04
40,-0.78,30.65,9.90,-6.36,30.65
50,-1.01,39.81,12.34,-9.45,39.81
60,0.75,37.64,16.66,-1.20,37.64
70,1.04,53.26,16.66,-10.75,53.26
80,0.25,52.20,16.66,-3.62,52.20
90,-0.50,60.75,18.81,-6.10,60.75
100,0.44,60.48,18.81,0.25,60.48
200,-2.57,94.43,20.97,27.02,94.43
300,2.57,132.33,20.97,49.85,132.33
400,3.53,200.92,23.12,41.98,200.92
500,4.51,301.54,23.12,2.08,301.54
600,1.22,396.05,23.12,-31.70,396.05
700,-1.32,441.03,25.57,-15.96,441.03
800,1.60,529.34,25.57,-43.54,529.34
900,0.92,606.37,25.57,-59.84,606.37
1000,-1.28,654.29,25.57,-47.04,654.29
2000,2.55,1246.03,25.57,-31.54,1246.03
3000,3.37,1830.03,25.57,-8.28,1830.03
4000,-0.61,2396.04,27.72,32.95,2396.04
5000,0.26,2983.96,27.72,52.28,2983.96
6000,0.93,3440.76,27.72,202.72,3440.76
7000,2.58,4052.71,27.72,198.02,4052.71
8000,1.08,4725.28,27.72,132.70,4725.28
9000,-0.04,5329.87,27.72,135.36,5329.87
10000,-2.35,5907.57,27.72,164.90,5907.57
