episode,epReward,cumReward,cumRegret,empRegret,perf
10,1.60,0.52,6.34,-1.33,0.52
20,-1.30,-0.57,9.43,-1.06,-0.57
30,0.71,-12.98,12.10,10.53,-12.98
40,-1.01,-13.52,12.10,10.26,-13.52
50,2.91,-11.27,12.92,7.20,-11.27
60,-0.49,-17.25,13.58,12.37,-17.25
70,-0.01,-25.51,14.99,19.81,-25.51
80,-3.81,-34.73,17.37,28.22,-34.73
90,1.10,-29.48,20.09,22.16,-29.48
100,0.96,-23.61,20.67,15.47,-23.61
200,0.77,-46.19,24.37,29.92,-46.19
300,0.46,-61.24,26.56,36.82,-61.24
400,1.26,-109.54,31.18,76.99,-109.54
500,0.38,-148.44,31.44,107.75,-148.44
600,-0.16,-189.47,31.70,140.64,-189.47
700,-2.46,-176.11,31.79,119.14,-176.11
800,-4.24,-192.32,32.21,127.21,-192.32
900,3.63,-184.68,32.54,111.43,-184.68
1000,-1.11,-175.27,33.06,93.89,-175.27
2000,1.82,-316.97,37.13,154.20,-316.97
3000,1.28,-395.85,38.12,151.69,-395.85
4000,1.74,-480.98,39.43,155.43,-480.98
5000,-2.49,-521.78,39.60,114.85,-521.78
6000,-1.79,-631.16,39.77,142.83,-631.16
7000,-0.03,-750.60,40.43,180.88,-750.60
8000,0.98,-846.14,40.68,195.04,-846.14
9000,0.24,-915.78,40.92,183.29,-915.78
10000,-1.91,-934.79,40.92,120.91,-934.79
