episode,epReward,cumReward,cumRegret,empRegret,perf
10,0.49,19.49,10.40,9.90,19.49
20,2.46,39.75,17.00,19.03,39.75
30,3.67,67.33,17.94,20.83,67.33
40,2.01,95.42,18.61,22.13,95.42
50,1.20,119.99,18.61,26.96,119.99
60,0.32,143.98,18.61,32.36,143.98
70,2.64,166.17,19.29,39.56,166.17
80,3.81,199.99,21.70,35.12,199.99
90,5.13,229.33,21.70,35.17,229.33
100,2.77,258.60,21.70,35.29,258.60
200,2.83,536.12,23.73,51.67,536.12
300,6.43,837.92,24.40,43.75,837.92
400,5.39,1137.33,24.40,38.23,1137.33
500,2.82,1419.02,25.08,50.43,1419.02
600,1.10,1708.56,27.11,54.79,1708.56
700,1.63,2032.33,30.19,24.90,2032.33
800,1.84,2309.96,30.87,41.17,2309.96
900,-1.25,2627.22,30.87,17.80,2627.22
1000,1.83,2951.66,31.55,-12.76,2951.66
2000,2.49,5838.03,33.95,39.78,5838.03
3000,1.86,8726.66,34.63,90.06,8726.66
4000,1.84,11658.37,35.98,97.25,11658.37
5000,5.07,14615.89,38.02,78.63,14615.89
6000,1.43,17604.58,39.74,28.85,17604.58
7000,2.12,20604.14,39.74,-31.80,20604.14
8000,0.69,23610.38,40.42,-99.14,23610.38
9000,3.20,26630.45,42.71,-180.30,26630.45
10000,4.94,29539.13,46.60,-150.08,29539.13
