episode,epReward,cumReward,cumRegret,empRegret,perf
10,-0.81,1.40,11.25,13.60,1.40
20,0.16,8.28,17.25,21.72,8.28
30,3.55,19.01,18.75,25.99,19.01
40,2.25,33.84,20.25,26.16,33.84
50,0.00,41.73,21.75,33.27,41.73
60,1.21,51.03,21.75,38.97,51.03
70,3.82,60.38,21.75,44.62,60.38
80,4.64,78.89,21.75,41.11,78.89
90,4.09,89.60,21.75,45.40,89.60
100,-0.99,107.82,21.75,42.18,107.82
200,1.76,232.96,28.50,67.04,232.96
300,2.94,366.38,28.50,83.62,366.38
400,0.00,488.74,28.50,111.26,488.74
500,1.29,652.32,28.50,97.68,652.32
600,2.80,786.28,28.50,113.72,786.28
700,0.00,937.32,28.50,112.68,937.32
800,0.01,1072.69,28.50,127.31,1072.69
900,0.00,1203.66,28.50,146.34,1203.66
1000,0.00,1369.14,28.50,130.86,1369.14
2000,0.00,2747.06,28.50,252.94,2747.06
3000,0.00,4173.31,30.75,326.69,4173.31
4000,2.21,5654.47,30.75,345.53,5654.47
5000,2.50,7182.62,33.00,317.38,7182.62
6000,3.55,8725.72,33.00,274.28,8725.72
7000,0.00,10314.45,35.25,185.55,10314.45
8000,2.98,11812.87,35.25,187.13,11812.87
9000,0.00,13426.81,35.25,73.19,13426.81
10000,0.00,14945.54,35.25,54.46,14945.54
