episode,epReward,cumReward,cumRegret,empRegret,perf
10,3.33,57.78,0.00,5.08,57.78
20,6.38,122.91,0.00,2.81,122.91
30,6.60,192.05,0.00,-3.47,192.05
40,2.87,250.45,0.00,0.98,250.45
50,1.95,296.42,13.93,17.87,296.42
60,6.81,357.40,13.93,19.74,357.40
70,9.26,423.98,13.93,16.02,423.98
80,4.17,489.85,13.93,13.01,489.85
90,6.61,547.05,13.93,18.67,547.05
100,6.23,617.58,13.93,10.99,617.58
200,7.22,1252.08,13.93,5.07,1252.08
300,7.69,1911.15,13.93,-25.43,1911.15
400,8.28,2527.35,13.93,-13.06,2527.35
500,4.71,3128.49,13.93,14.38,3128.49
600,5.91,3777.60,13.93,-6.17,3777.60
700,3.89,4403.71,13.93,-3.70,4403.71
800,7.15,5075.02,13.93,-46.44,5075.02
900,6.71,5718.67,13.93,-61.51,5718.67
1000,5.92,6363.62,13.93,-77.89,6363.62
2000,8.36,12677.80,13.93,-106.35,12677.80
3000,8.07,18992.24,13.93,-135.07,18992.24
4000,4.55,25247.23,13.93,-104.34,25247.23
5000,4.07,31596.36,13.93,-167.74,31596.36
6000,3.79,37910.22,13.93,-195.87,37910.22
7000,4.33,44227.35,13.93,-227.28,44227.35
8000,6.23,50418.37,13.93,-132.57,50418.37
9000,5.60,56718.99,13.93,-147.47,56718.99
10000,5.77,62961.41,13.93,-104.16,62961.41
