episode,epReward,cumReward,cumRegret,empRegret,perf
10,0.00,7.35,5.25,7.65,7.35
20,1.95,18.22,10.50,11.78,18.22
30,1.98,25.68,13.50,19.32,25.68
40,4.54,50.31,15.75,9.69,50.31
50,1.23,59.75,18.00,15.25,59.75
60,2.68,72.10,18.00,17.90,72.10
70,5.29,100.90,18.00,4.10,100.90
80,0.00,113.98,18.00,6.02,113.98
90,0.00,126.89,18.00,8.11,126.89
100,0.00,146.69,18.00,3.31,146.69
200,0.00,288.33,20.25,11.67,288.33
300,0.00,427.44,20.25,22.56,427.44
400,2.88,605.39,20.25,-5.39,605.39
500,1.88,743.82,20.25,6.18,743.82
600,3.30,889.42,20.25,10.58,889.42
700,1.68,1014.71,20.25,35.29,1014.71
800,0.00,1164.70,20.25,35.30,1164.70
900,-1.08,1295.69,20.25,54.31,1295.69
1000,1.80,1430.98,25.88,69.02,1430.98
2000,2.48,2894.14,25.88,105.86,2894.14
3000,0.00,4364.24,25.88,135.76,4364.24
4000,2.66,5883.46,25.88,116.54,5883.46
5000,0.50,7387.85,25.88,112.15,7387.85
6000,1.75,8875.06,25.88,124.94,8875.06
7000,3.29,10388.33,25.88,111.67,10388.33
8000,3.66,11809.29,25.88,190.71,11809.29
9000,0.00,13336.49,25.88,163.51,13336.49
10000,0.00,14714.62,25.88,285.38,14714.62
