episode,epReward,cumReward,cumRegret,empRegret,perf
10,6.42,45.44,12.67,5.07,45.44
20,5.31,97.13,18.02,3.89,97.13
30,1.34,140.10,20.74,11.43,140.10
40,6.18,181.01,20.74,21.03,181.01
50,5.45,226.45,20.74,26.11,226.45
60,4.56,282.97,20.74,20.09,282.97
70,4.45,336.09,21.96,17.49,336.09
80,5.26,390.93,21.96,13.15,390.93
90,2.18,433.72,21.96,20.87,433.72
100,0.42,479.87,21.96,25.24,479.87
200,6.59,969.22,21.96,40.99,969.22
300,6.41,1451.67,23.48,63.65,1451.67
400,3.17,1967.59,23.48,52.84,1967.59
500,2.27,2461.98,23.48,63.55,2461.98
600,6.15,2971.16,23.48,59.48,2971.16
700,5.26,3470.41,23.48,65.33,3470.41
800,7.10,3984.71,23.48,56.14,3984.71
900,5.32,4481.03,24.97,64.93,4481.03
1000,5.68,4971.63,24.97,79.44,4971.63
2000,9.80,10078.47,24.97,23.65,10078.47
3000,7.33,15125.06,26.20,28.13,15125.06
4000,2.81,20136.13,28.65,68.11,20136.13
5000,3.68,25199.82,28.65,55.49,25199.82
6000,6.75,30253.95,29.88,52.42,30253.95
7000,2.05,35373.69,31.36,-16.26,35373.69
8000,6.19,40490.61,31.36,-82.12,40490.61
9000,4.20,45532.59,32.85,-73.04,45532.59
10000,1.08,50654.95,32.85,-144.34,50654.95
