episode,epReward,cumReward,cumRegret,empRegret,perf
10,1.53,3.73,11.25,11.27,3.73
20,0.00,23.20,12.75,6.80,23.20
30,-0.61,39.61,14.25,5.39,39.61
40,3.79,57.94,16.50,2.06,57.94
50,6.98,78.42,16.50,-3.42,78.42
60,0.00,91.15,16.50,-1.15,91.15
70,2.37,95.49,18.00,9.51,95.49
80,0.04,110.83,21.00,9.17,110.83
90,4.88,118.72,21.00,16.28,118.72
100,3.45,140.48,21.00,9.52,140.48
200,4.48,312.97,21.00,-12.97,312.97
300,1.03,481.23,21.00,-31.23,481.23
400,0.00,641.16,21.00,-41.16,641.16
500,2.50,793.39,21.00,-43.39,793.39
600,0.79,956.24,21.00,-56.24,956.24
700,1.62,1096.30,21.00,-46.30,1096.30
800,0.00,1222.59,21.00,-22.59,1222.59
900,-1.88,1363.66,21.00,-13.66,1363.66
1000,0.00,1486.46,21.00,13.54,1486.46
2000,0.23,2878.76,23.25,121.24,2878.76
3000,3.34,4380.01,25.50,119.99,4380.01
4000,0.00,5878.85,27.75,121.15,5878.85
5000,-0.86,7445.04,27.75,54.96,7445.04
6000,-0.64,8891.42,27.75,108.58,8891.42
7000,2.89,10412.12,27.75,87.88,10412.12
8000,0.00,11876.08,27.75,123.92,11876.08
9000,0.00,13267.74,30.00,232.26,13267.74
10000,0.00,14771.35,30.00,228.65,14771.35
