episode,epReward,cumReward,cumRegret,empRegret,perf
10,0.00,0.00,13.88,15.00,0.00
20,0.00,10.50,19.88,19.50,10.50
30,3.99,30.93,19.88,14.07,30.93
40,0.00,32.20,19.88,27.80,32.20
50,2.14,50.05,21.38,24.95,50.05
60,3.78,69.34,21.38,20.66,69.34
70,1.28,85.89,21.38,19.11,85.89
80,-0.15,97.07,21.38,22.93,97.07
90,0.00,105.59,21.38,29.41,105.59
100,2.83,116.71,21.38,33.29,116.71
200,0.00,232.65,23.63,67.35,232.65
300,0.00,381.37,23.63,68.63,381.37
400,0.00,543.59,25.88,56.41,543.59
500,0.00,712.54,25.88,37.46,712.54
600,3.87,871.20,28.13,28.80,871.20
700,4.72,1002.29,28.13,47.71,1002.29
800,3.51,1152.63,28.13,47.37,1152.63
900,3.64,1292.61,28.13,57.39,1292.61
1000,4.07,1481.63,28.13,18.37,1481.63
2000,-1.71,3013.12,28.13,-13.12,3013.12
3000,2.77,4483.42,28.13,16.58,4483.42
4000,2.98,5975.73,28.13,24.27,5975.73
5000,3.44,7501.70,28.13,-1.70,7501.70
6000,0.36,8955.16,28.13,44.84,8955.16
7000,-0.73,10366.97,28.13,133.03,10366.97
8000,0.00,11851.85,28.13,148.15,11851.85
9000,1.19,13325.68,28.13,174.32,13325.68
10000,2.79,14929.28,28.13,70.72,14929.28
