episode,epReward,cumReward,cumRegret,empRegret,perf
10,2.45,7.40,13.84,15.59,7.40
20,1.05,33.87,19.69,12.11,33.87
30,3.09,54.94,22.65,14.03,54.94
40,2.17,85.51,24.11,6.45,85.51
50,3.75,103.34,25.73,11.60,103.34
60,2.61,128.37,28.37,9.56,128.37
70,0.12,143.58,29.66,17.34,143.58
80,-1.73,168.77,31.29,15.14,168.77
90,0.44,200.70,32.10,6.20,200.70
100,1.60,216.17,33.07,13.72,216.17
200,-1.03,404.73,48.70,55.05,404.73
300,1.31,627.87,58.27,61.79,627.87
400,5.24,842.98,65.73,76.56,842.98
500,1.40,1082.97,71.24,66.46,1082.97
600,3.85,1313.36,74.81,65.95,1313.36
700,1.24,1547.43,76.92,61.77,1547.43
800,4.72,1774.64,77.73,64.45,1774.64
900,2.22,1972.60,78.87,96.37,1972.60
1000,-2.89,2189.13,80.49,109.73,2189.13
2000,1.03,4565.84,93.30,31.88,4565.84
3000,0.19,6928.25,99.30,-31.67,6928.25
4000,5.09,9276.72,102.06,-81.28,9276.72
5000,2.74,11598.54,103.20,-104.24,11598.54
6000,3.30,13839.87,104.49,-46.71,13839.87
7000,2.64,16141.93,106.12,-49.91,16141.93
8000,4.50,18453.17,108.06,-62.29,18453.17
9000,2.58,20722.96,110.54,-33.22,20722.96
10000,5.70,23093.37,112.97,-104.77,23093.37
