episode,epReward,cumReward,cumRegret,empRegret,perf
10,0.50,2.38,11.63,12.62,2.38
20,-2.77,0.56,19.13,29.44,0.56
30,0.00,-3.71,31.88,48.71,-3.71
40,-2.07,3.74,35.63,56.26,3.74
50,4.56,27.93,37.88,47.07,27.93
60,0.00,47.09,37.88,42.91,47.09
70,0.00,57.44,37.88,47.56,57.44
80,1.57,68.77,37.88,51.23,68.77
90,1.00,83.50,37.88,51.50,83.50
100,0.24,102.49,37.88,47.51,102.49
200,0.00,235.14,40.13,64.86,235.14
300,0.00,388.11,40.13,61.89,388.11
400,3.23,563.15,40.13,36.85,563.15
500,0.00,698.12,40.13,51.88,698.12
600,2.76,854.21,40.13,45.79,854.21
700,-0.42,1007.64,40.13,42.36,1007.64
800,0.00,1157.29,40.13,42.71,1157.29
900,3.40,1306.23,42.38,43.77,1306.23
1000,2.81,1460.16,42.38,39.84,1460.16
2000,0.00,2950.74,44.63,49.26,2950.74
3000,0.00,4429.83,44.63,70.17,4429.83
4000,0.32,5958.98,44.63,41.02,5958.98
5000,4.01,7489.45,44.63,10.55,7489.45
6000,4.71,8879.32,44.63,120.68,8879.32
7000,3.30,10420.65,46.88,79.35,10420.65
8000,1.26,11917.50,46.88,82.50,11917.50
9000,1.83,13473.16,46.88,26.84,13473.16
10000,3.12,15013.16,46.88,-13.16,15013.16
