episode,epReward,cumReward,cumRegret,empRegret,perf
10,1.53,-19.03,13.63,18.10,-19.03
20,-2.67,-18.10,17.69,16.25,-18.10
30,1.24,-11.98,17.69,9.21,-11.98
40,-0.47,-7.27,17.69,3.58,-7.27
50,1.83,-9.00,17.69,4.39,-9.00
60,0.43,-4.02,17.69,-1.52,-4.02
70,1.03,-5.05,17.69,-1.41,-5.05
80,-2.43,-1.19,17.69,-6.20,-1.19
90,-0.05,-0.53,17.69,-7.78,-0.53
100,-0.69,-0.04,17.69,-9.19,-0.04
200,0.07,2.77,19.22,-21.25,2.77
300,-1.26,10.72,20.74,-38.43,10.72
400,3.34,17.63,20.74,-54.58,17.63
500,-2.04,-8.81,20.74,-37.37,-8.81
600,-1.48,1.19,20.74,-56.62,1.19
700,-0.45,-20.20,20.74,-44.45,-20.20
800,1.89,-20.65,20.74,-53.25,-20.65
900,0.88,-28.98,20.74,-54.15,-28.98
1000,0.22,-63.53,20.74,-28.84,-63.53
2000,-1.42,-124.66,25.50,-60.07,-124.66
3000,-2.77,-250.29,27.22,-26.81,-250.29
4000,0.64,-322.22,31.98,-47.26,-322.22
5000,-1.13,-415.70,38.08,-46.15,-415.70
6000,1.16,-471.03,38.08,-83.18,-471.03
7000,-2.39,-502.03,39.60,-144.56,-502.03
8000,0.45,-630.72,39.60,-108.23,-630.72
9000,-2.19,-724.37,39.60,-106.95,-724.37
10000,-0.01,-807.70,39.60,-115.99,-807.70
