episode,epReward,cumReward,cumRegret,empRegret,perf
10,-2.13,4.62,16.50,10.38,4.62
20,0.00,10.41,26.25,19.59,10.41
30,0.00,13.93,30.75,31.07,13.93
40,3.56,27.38,30.75,32.62,27.38
50,4.17,46.23,30.75,28.77,46.23
60,3.91,66.77,30.75,23.23,66.77
70,4.99,82.33,30.75,22.67,82.33
80,1.73,109.90,30.75,10.10,109.90
90,2.12,123.85,30.75,11.15,123.85
100,5.25,154.43,30.75,-4.43,154.43
200,0.00,287.28,32.25,12.72,287.28
300,0.00,430.72,32.25,19.28,430.72
400,2.47,569.32,32.25,30.68,569.32
500,-1.21,745.93,32.25,4.07,745.93
600,1.08,886.68,32.25,13.32,886.68
700,0.00,1022.08,32.25,27.92,1022.08
800,5.14,1190.56,32.25,9.44,1190.56
900,0.00,1322.00,32.25,28.00,1322.00
1000,-2.45,1469.88,32.25,30.12,1469.88
2000,1.16,2911.98,37.88,88.02,2911.98
3000,3.34,4388.35,37.88,111.65,4388.35
4000,-0.79,5879.34,37.88,120.66,5879.34
5000,3.88,7408.79,37.88,91.21,7408.79
6000,3.53,9010.35,37.88,-10.35,9010.35
7000,-0.43,10632.30,40.13,-132.30,10632.30
8000,0.00,12173.93,40.13,-173.93,12173.93
9000,-0.92,13750.75,40.13,-250.75,13750.75
10000,-0.73,15194.30,40.13,-194.30,15194.30
