episode,epReward,cumReward,cumRegret,empRegret,perf
10,0.69,9.12,5.50,8.13,9.12
20,0.47,21.39,5.50,13.10,21.39
30,0.63,31.27,9.37,20.45,31.27
40,0.85,37.83,9.37,31.14,37.83
50,2.91,54.77,9.37,31.44,54.77
60,-0.24,74.27,9.37,29.19,74.27
70,0.72,84.37,9.37,36.33,84.37
80,-0.40,100.92,12.11,37.02,100.92
90,3.38,118.03,14.86,37.15,118.03
100,1.56,139.08,14.86,33.35,139.08
200,-0.36,302.32,14.86,42.53,302.32
300,0.25,447.60,14.86,69.67,447.60
400,2.37,587.72,14.86,101.97,587.72
500,0.11,737.19,14.86,124.93,737.19
600,2.47,926.02,14.86,108.53,926.02
700,-1.06,1087.60,14.86,119.37,1087.60
800,-1.59,1271.32,14.86,108.07,1271.32
900,1.80,1449.83,14.86,101.99,1449.83
1000,-0.29,1636.20,14.86,88.05,1636.20
2000,1.41,3365.54,14.86,82.95,3365.54
3000,0.68,5078.17,17.61,94.57,5078.17
4000,-0.32,6776.33,20.36,120.64,6776.33
5000,-1.61,8542.78,20.36,78.44,8542.78
6000,3.70,10268.92,20.36,76.54,10268.92
7000,0.61,11989.26,20.36,80.45,11989.26
8000,1.15,13657.81,20.36,136.15,13657.81
9000,-0.31,15315.94,20.36,202.25,15315.94
10000,1.46,17115.83,20.36,126.61,17115.83
