episode,epReward,cumReward,cumRegret,empRegret,perf
10,0.00,-0.92,13.50,15.92,-0.92
20,-1.59,11.96,16.50,18.04,11.96
30,0.00,21.84,19.50,23.16,21.84
40,3.98,37.86,27.00,22.14,37.86
50,0.00,41.57,28.50,33.43,41.57
60,4.19,56.10,28.50,33.90,56.10
70,1.95,69.98,32.25,35.02,69.98
80,0.00,83.29,32.25,36.71,83.29
90,0.00,103.13,32.25,31.87,103.13
100,0.00,104.30,33.75,45.70,104.30
200,0.44,253.41,38.63,46.59,253.41
300,0.35,390.00,38.63,60.00,390.00
400,3.59,510.89,38.63,89.11,510.89
500,-0.27,631.72,38.63,118.28,631.72
600,-1.04,781.28,38.63,118.72,781.28
700,1.76,963.74,38.63,86.26,963.74
800,1.18,1107.21,38.63,92.79,1107.21
900,5.58,1266.95,38.63,83.05,1266.95
1000,0.29,1409.51,38.63,90.49,1409.51
2000,-1.52,2898.61,38.63,101.39,2898.61
3000,3.30,4353.64,40.88,146.36,4353.64
4000,2.48,5873.53,40.88,126.47,5873.53
5000,0.76,7359.32,40.88,140.68,7359.32
6000,2.18,8859.40,40.88,140.60,8859.40
7000,5.08,10316.23,40.88,183.77,10316.23
8000,-0.05,11821.41,40.88,178.59,11821.41
9000,0.00,13345.18,40.88,154.82,13345.18
10000,4.64,14828.83,40.88,171.17,14828.83
