episode,epReward,cumReward,cumRegret,empRegret,perf
10,-0.58,-5.49,12.75,20.49,-5.49
20,0.00,-4.07,24.00,34.07,-4.07
30,0.00,3.75,30.38,41.25,3.75
40,0.29,13.06,30.38,46.94,13.06
50,4.66,27.80,30.38,47.20,27.80
60,2.27,52.40,32.63,37.60,52.40
70,3.66,67.22,32.63,37.78,67.22
80,0.00,86.86,32.63,33.14,86.86
90,4.17,97.01,32.63,37.99,97.01
100,4.71,114.96,32.63,35.04,114.96
200,0.38,255.07,32.63,44.93,255.07
300,-1.07,380.84,32.63,69.16,380.84
400,2.75,520.28,32.63,79.72,520.28
500,0.00,674.12,32.63,75.88,674.12
600,0.00,786.25,32.63,113.75,786.25
700,4.35,928.55,34.88,121.45,928.55
800,0.00,1056.81,34.88,143.19,1056.81
900,4.03,1213.72,34.88,136.28,1213.72
1000,0.00,1380.03,34.88,119.97,1380.03
2000,0.00,2959.16,34.88,40.84,2959.16
3000,0.00,4440.81,34.88,59.19,4440.81
4000,0.00,5954.58,34.88,45.42,5954.58
5000,0.00,7459.08,34.88,40.92,7459.08
6000,3.41,8995.34,34.88,4.66,8995.34
7000,-0.10,10461.46,37.13,38.54,10461.46
8000,2.53,11897.98,37.13,102.02,11897.98
9000,0.00,13393.28,37.13,106.72,13393.28
10000,0.52,14911.92,37.13,88.08,14911.92
