episode,epReward,cumReward,cumRegret,empRegret,perf
10,0.12,-10.40,13.29,10.38,-10.40
20,2.94,-11.39,20.27,11.35,-11.39
30,1.55,-19.52,22.69,19.45,-19.52
40,-1.74,-33.38,25.41,33.29,-33.38
50,0.65,-40.53,28.13,40.42,-40.53
60,-4.20,-44.08,29.91,43.95,-44.08
70,4.51,-40.17,31.12,40.01,-40.17
80,0.49,-42.12,31.73,41.94,-42.12
90,-2.65,-44.64,32.34,44.43,-44.64
100,-3.25,-39.82,34.45,39.60,-39.82
200,6.30,-22.93,36.86,22.47,-22.93
300,-1.26,-63.86,39.37,63.18,-63.86
400,0.46,-68.81,41.18,67.90,-68.81
500,-1.09,-66.26,41.78,65.12,-66.26
600,0.62,-61.83,41.78,60.46,-61.83
700,-1.14,-91.14,41.78,89.54,-91.14
800,-0.31,-116.58,41.78,114.76,-116.58
900,-1.30,-118.87,41.78,116.83,-118.87
1000,0.66,-136.80,41.78,134.52,-136.80
2000,-2.70,-182.28,43.30,177.73,-182.28
3000,-0.09,-165.17,43.91,158.34,-165.17
4000,0.01,24.27,45.42,-33.37,24.27
5000,-0.16,5.39,46.33,-16.76,5.39
6000,-1.59,42.14,46.33,-55.79,42.14
7000,-1.60,130.04,48.54,-145.97,130.04
8000,-0.15,63.95,48.85,-82.15,63.95
9000,4.25,53.97,49.15,-74.44,53.97
10000,-2.48,76.28,49.76,-99.04,76.28
