episode,epReward,cumReward,cumRegret,empRegret,perf
10,-1.27,6.55,16.13,8.45,6.55
20,0.50,4.46,33.38,25.54,4.46
30,3.41,17.03,40.88,27.97,17.03
40,0.00,16.11,43.13,43.89,16.11
50,1.88,37.80,43.13,37.20,37.80
60,3.82,41.84,43.13,48.16,41.84
70,4.41,59.89,43.13,45.11,59.89
80,3.84,82.49,43.13,37.51,82.49
90,0.00,82.80,43.13,52.20,82.80
100,-2.27,91.64,43.13,58.36,91.64
200,2.80,244.84,45.38,55.16,244.84
300,2.21,381.51,45.38,68.49,381.51
400,4.54,519.97,45.38,80.03,519.97
500,3.99,668.16,45.38,81.84,668.16
600,-0.86,860.28,45.38,39.72,860.28
700,1.61,1024.84,45.38,25.16,1024.84
800,1.26,1184.68,45.38,15.32,1184.68
900,1.31,1304.80,45.38,45.20,1304.80
1000,3.10,1425.12,47.63,74.88,1425.12
2000,3.49,2827.75,47.63,172.25,2827.75
3000,5.11,4385.23,47.63,114.77,4385.23
4000,3.67,5894.10,47.63,105.90,5894.10
5000,3.35,7310.67,49.88,189.33,7310.67
6000,0.00,8841.00,49.88,159.00,8841.00
7000,4.59,10413.06,49.88,86.94,10413.06
8000,0.00,12025.54,49.88,-25.54,12025.54
9000,4.13,13526.07,49.88,-26.07,13526.07
10000,3.29,14941.39,49.88,58.61,14941.39
