episode,epReward,cumReward,cumRegret,empRegret,perf
10,0.00,1.72,11.63,13.28,1.72
20,0.00,-1.67,23.63,31.67,-1.67
30,-2.79,3.47,26.63,41.53,3.47
40,0.33,8.60,35.63,51.40,8.60
50,2.98,22.29,35.63,52.71,22.29
60,3.46,41.27,35.63,48.73,41.27
70,1.58,52.54,35.63,52.46,52.54
80,2.48,64.30,37.88,55.70,64.30
90,4.04,83.87,37.88,51.13,83.87
100,2.40,104.45,37.88,45.55,104.45
200,1.66,245.40,37.88,54.60,245.40
300,0.00,409.91,37.88,40.09,409.91
400,-1.23,573.58,37.88,26.42,573.58
500,2.17,739.58,37.88,10.42,739.58
600,0.74,886.40,37.88,13.60,886.40
700,3.05,1020.40,37.88,29.60,1020.40
800,-1.17,1178.23,37.88,21.77,1178.23
900,3.49,1335.09,37.88,14.91,1335.09
1000,3.20,1470.60,40.13,29.40,1470.60
2000,3.65,2968.24,40.13,31.76,2968.24
3000,-0.55,4479.38,40.13,20.62,4479.38
4000,4.23,5957.67,40.13,42.33,5957.67
5000,0.00,7536.49,40.13,-36.49,7536.49
6000,0.00,9118.07,40.13,-118.07,9118.07
7000,-0.66,10508.37,40.13,-8.37,10508.37
8000,5.08,12011.03,40.13,-11.03,12011.03
9000,-0.44,13569.63,40.13,-69.63,13569.63
10000,0.11,15138.56,40.13,-138.56,15138.56
