episode,epReward,cumReward,cumRegret,empRegret,perf
10,0.88,-25.46,11.95,25.16,-25.46
20,-1.06,-31.50,14.98,30.90,-31.50
30,2.62,-37.46,16.16,36.56,-37.46
40,0.19,-35.70,16.16,34.50,-35.70
50,0.67,-31.26,16.16,29.76,-31.26
60,-0.33,-27.17,17.35,25.37,-27.17
70,-1.45,-35.57,17.35,33.47,-35.57
80,-2.16,-35.95,18.54,33.56,-35.95
90,1.01,-40.86,18.54,38.17,-40.86
100,-1.04,-44.19,18.54,41.20,-44.19
200,-1.33,-53.75,19.72,47.76,-53.75
300,-0.89,-34.13,19.72,25.15,-34.13
400,-0.49,-37.95,19.72,25.98,-37.95
500,-0.74,-58.62,19.72,43.65,-58.62
600,3.07,-47.31,19.72,29.34,-47.31
700,1.34,-55.35,19.72,34.38,-55.35
800,-2.93,-45.28,19.72,21.33,-45.28
900,1.65,-62.21,19.72,35.26,-62.21
1000,-3.66,-49.27,21.56,19.32,-49.27
2000,0.38,-41.72,23.40,-18.17,-41.72
3000,-0.98,-60.72,26.43,-29.13,-60.72
4000,0.78,-14.77,30.10,-105.03,-14.77
5000,1.35,-64.74,32.47,-85.00,-64.74
6000,0.62,-134.68,34.31,-45.01,-134.68
7000,-0.03,-156.93,39.06,-52.70,-156.93
8000,-1.41,-230.88,39.06,-8.70,-230.88
9000,-0.22,-381.19,39.06,111.66,-381.19
10000,0.13,-476.20,39.06,176.72,-476.20
