episode,epReward,cumReward,cumRegret,empRegret,perf
10,3.56,3.24,5.79,0.24,3.24
20,-1.74,5.32,7.05,1.64,5.32
30,1.20,9.52,8.75,0.92,9.52
40,3.15,13.52,9.12,0.40,13.52
50,-2.76,23.32,9.12,-5.92,23.32
60,1.26,20.82,10.75,0.06,20.82
70,0.12,25.53,11.19,-1.17,25.53
80,1.73,32.35,11.57,-4.51,32.35
90,1.54,35.23,11.94,-3.90,35.23
100,3.08,43.45,11.94,-8.65,43.45
200,1.01,96.15,13.26,-26.54,96.15
300,-0.22,124.09,15.91,-19.67,124.09
400,0.63,146.15,20.38,-6.93,146.15
500,2.96,205.98,20.82,-31.96,205.98
600,-3.03,213.21,22.96,-4.38,213.21
700,-1.15,245.79,24.28,-2.15,245.79
800,0.09,263.72,24.72,14.72,263.72
900,1.04,287.21,24.72,26.04,287.21
1000,2.63,300.84,25.54,47.21,300.84
2000,0.27,661.67,33.52,34.43,661.67
3000,0.22,992.45,39.44,51.69,992.45
4000,1.88,1346.87,45.81,45.33,1346.87
5000,-1.28,1748.73,47.90,-8.48,1748.73
6000,2.37,2042.86,48.27,45.43,2042.86
7000,-2.16,2397.76,49.08,38.58,2397.76
8000,-0.15,2806.59,50.71,-22.20,2806.59
9000,-2.05,3212.22,51.96,-79.79,3212.22
10000,0.45,3630.78,51.96,-150.29,3630.78
