episode,epReward,cumReward,cumRegret,empRegret,perf
10,1.21,20.04,6.75,-5.04,20.04
20,-0.80,29.46,10.50,0.54,29.46
30,-0.72,34.54,10.50,10.46,34.54
40,-1.33,46.59,13.88,13.41,46.59
50,1.03,63.54,15.38,11.46,63.54
60,-1.46,80.95,15.38,9.05,80.95
70,0.00,88.66,16.88,16.34,88.66
80,-1.60,93.82,16.88,26.18,93.82
90,0.00,107.89,16.88,27.11,107.89
100,-0.26,116.52,16.88,33.48,116.52
200,3.59,248.26,19.13,51.74,248.26
300,3.18,412.10,21.38,37.90,412.10
400,3.74,553.77,21.38,46.23,553.77
500,0.00,725.66,21.38,24.34,725.66
600,0.23,866.74,21.38,33.26,866.74
700,0.00,987.97,21.38,62.03,987.97
800,4.02,1144.33,21.38,55.67,1144.33
900,4.33,1285.56,23.63,64.44,1285.56
1000,5.27,1428.92,25.88,71.08,1428.92
2000,1.64,3035.07,28.13,-35.07,3035.07
3000,-0.87,4629.97,28.13,-129.97,4629.97
4000,1.21,6051.19,28.13,-51.19,6051.19
5000,0.00,7637.23,28.13,-137.23,7637.23
6000,0.29,9096.17,28.13,-96.17,9096.17
7000,-1.21,10513.63,28.13,-13.63,10513.63
8000,5.61,12025.72,28.13,-25.72,12025.72
9000,0.00,13477.26,28.13,22.74,13477.26
10000,2.72,14970.51,28.13,29.49,14970.51
