episode,epReward,cumReward,cumRegret,empRegret,perf
10,2.51,4.04,3.75,10.96,4.04
20,0.00,23.41,5.25,6.59,23.41
30,0.00,41.73,6.75,3.27,41.73
40,-0.72,51.13,10.50,8.87,51.13
50,4.01,54.64,10.50,20.36,54.64
60,3.52,70.57,10.50,19.43,70.57
70,0.00,81.74,12.00,23.26,81.74
80,2.41,92.21,12.00,27.79,92.21
90,3.37,111.20,12.00,23.80,111.20
100,0.00,131.81,12.00,18.19,131.81
200,4.03,281.87,14.25,18.13,281.87
300,0.00,407.47,18.75,42.53,407.47
400,1.29,564.44,18.75,35.56,564.44
500,0.00,699.50,18.75,50.50,699.50
600,2.47,831.21,18.75,68.79,831.21
700,4.76,951.84,18.75,98.16,951.84
800,3.29,1108.01,18.75,91.99,1108.01
900,5.23,1241.37,18.75,108.63,1241.37
1000,0.00,1355.47,18.75,144.53,1355.47
2000,3.40,2844.37,18.75,155.63,2844.37
3000,3.24,4401.05,18.75,98.95,4401.05
4000,0.00,5901.07,18.75,98.93,5901.07
5000,1.37,7342.51,22.13,157.49,7342.51
6000,2.84,8798.39,22.13,201.61,8798.39
7000,0.00,10377.50,22.13,122.50,10377.50
8000,2.77,11869.66,24.38,130.34,11869.66
9000,0.18,13423.76,24.38,76.24,13423.76
10000,-1.13,14854.36,24.38,145.64,14854.36
