episode,epReward,cumReward,cumRegret,empRegret,perf
10,3.14,14.91,10.54,20.97,14.91
20,4.33,51.63,10.54,20.12,51.63
30,4.54,90.82,10.54,16.80,90.82
40,4.08,124.69,10.54,18.80,124.69
50,2.97,150.33,10.54,29.05,150.33
60,3.60,189.58,10.54,25.67,189.58
70,7.28,224.87,10.54,26.25,224.87
80,1.30,256.76,10.54,30.23,256.76
90,2.55,293.67,10.54,29.20,293.67
100,2.62,326.42,10.54,32.32,326.42
200,4.64,703.97,13.30,13.52,703.97
300,0.97,1032.05,17.37,44.18,1032.05
400,3.03,1387.70,17.96,47.27,1387.70
500,1.09,1715.48,18.55,78.24,1715.48
600,2.60,2071.83,19.14,80.63,2071.83
700,2.81,2407.99,21.69,103.20,2407.99
800,3.73,2756.70,21.69,113.24,2756.70
900,2.16,3131.18,21.69,97.51,3131.18
1000,2.95,3517.58,21.69,69.85,3517.58
2000,6.54,7117.35,24.64,57.50,7117.35
3000,5.82,10754.66,28.17,7.62,10754.66
4000,5.27,14317.60,28.17,32.10,14317.60
5000,3.00,17931.85,28.17,5.28,17931.85
6000,3.16,21515.65,29.35,8.90,21515.65
7000,2.39,25073.76,29.35,38.22,25073.76
8000,5.51,28654.51,29.93,44.90,28654.51
9000,2.47,32191.14,31.11,95.69,32191.14
10000,4.35,35770.41,31.70,103.85,35770.41
