episode,epReward,cumReward,cumRegret,empRegret,perf
10,1.55,-12.94,9.03,7.34,-12.94
20,1.44,-17.71,9.03,6.52,-17.71
30,0.04,-13.30,9.03,-3.49,-13.30
40,0.59,-11.53,9.03,-10.85,-11.53
50,0.13,-14.88,11.04,-13.10,-14.88
60,2.10,-14.06,11.04,-19.51,-14.06
70,0.41,-11.06,11.04,-28.11,-11.06
80,1.78,-5.87,11.04,-38.90,-5.87
90,-1.20,-15.93,11.04,-34.43,-15.93
100,-1.14,-27.18,11.04,-28.78,-27.18
200,-2.30,-81.38,14.92,-30.53,-81.38
300,-1.73,-139.83,19.92,-28.04,-139.83
400,-2.28,-225.62,22.83,1.80,-225.62
500,-1.25,-314.19,25.75,34.41,-314.19
600,-1.73,-362.52,28.70,26.78,-362.52
700,-3.39,-403.13,30.72,11.44,-403.13
800,-5.09,-503.20,30.72,55.55,-503.20
900,-0.91,-548.98,31.68,45.37,-548.98
1000,-1.74,-622.52,31.68,62.96,-622.52
2000,-0.33,-1239.69,32.64,120.56,-1239.69
3000,1.12,-1817.77,33.60,139.07,-1817.77
4000,-2.72,-2282.83,34.54,44.57,-2282.83
5000,-2.53,-2770.97,36.55,-26.85,-2770.97
6000,-0.41,-3243.24,36.55,-114.15,-3243.24
7000,-0.19,-3818.09,36.55,-98.87,-3818.09
8000,-3.07,-4379.37,36.55,-97.15,-4379.37
9000,0.51,-4895.20,36.55,-140.89,-4895.20
10000,-1.50,-5498.58,36.55,-97.07,-5498.58
