episode,epReward,cumReward,cumRegret,empRegret,perf
10,0.00,-0.60,16.13,15.60,-0.60
20,2.50,0.15,29.63,29.85,0.15
30,-0.24,8.38,39.38,36.62,8.38
40,0.00,28.37,40.88,31.63,28.37
50,0.59,51.14,40.88,23.86,51.14
60,0.58,56.41,40.88,33.59,56.41
70,0.00,67.36,40.88,37.64,67.36
80,1.09,86.71,40.88,33.29,86.71
90,0.94,102.92,40.88,32.08,102.92
100,3.70,120.62,40.88,29.38,120.62
200,1.62,275.56,40.88,24.44,275.56
300,-0.49,434.25,40.88,15.75,434.25
400,-1.81,567.95,40.88,32.05,567.95
500,-0.47,678.08,40.88,71.92,678.08
600,0.00,835.52,40.88,64.48,835.52
700,0.00,992.15,40.88,57.85,992.15
800,4.16,1147.93,40.88,52.07,1147.93
900,4.67,1271.70,40.88,78.30,1271.70
1000,-1.37,1408.95,40.88,91.05,1408.95
2000,2.95,2922.39,43.13,77.61,2922.39
3000,0.00,4389.47,43.13,110.53,4389.47
4000,1.26,5891.79,43.13,108.21,5891.79
5000,0.70,7349.20,43.13,150.80,7349.20
6000,0.21,8755.88,43.13,244.12,8755.88
7000,0.31,10303.94,45.38,196.06,10303.94
8000,3.02,11793.52,45.38,206.48,11793.52
9000,4.31,13229.30,45.38,270.70,13229.30
10000,3.79,14797.87,45.38,202.13,14797.87
