episode,epReward,cumReward,cumRegret,empRegret,perf
10,-0.77,-1.59,11.25,16.59,-1.59
20,5.27,14.92,16.50,15.08,14.92
30,3.29,26.39,20.25,18.61,26.39
40,0.19,39.15,20.25,20.85,39.15
50,3.54,53.96,22.50,21.04,53.96
60,-0.35,77.40,22.50,12.60,77.40
70,0.73,83.84,22.50,21.16,83.84
80,0.00,103.88,22.50,16.12,103.88
90,2.00,122.28,22.50,12.72,122.28
100,0.00,118.25,22.50,31.75,118.25
200,3.04,300.98,22.50,-0.98,300.98
300,2.91,439.58,22.50,10.42,439.58
400,2.68,605.30,22.50,-5.30,605.30
500,0.00,720.51,22.50,29.49,720.51
600,0.00,826.73,22.50,73.27,826.73
700,1.18,986.85,22.50,63.15,986.85
800,-0.74,1123.65,22.50,76.35,1123.65
900,1.55,1288.83,22.50,61.17,1288.83
1000,3.45,1461.65,22.50,38.35,1461.65
2000,0.00,2908.20,22.50,91.80,2908.20
3000,0.00,4421.29,25.88,78.71,4421.29
4000,4.43,5891.04,28.13,108.96,5891.04
5000,4.65,7459.16,28.13,40.84,7459.16
6000,2.61,8944.18,28.13,55.82,8944.18
7000,1.15,10382.74,28.13,117.26,10382.74
8000,0.00,11886.99,28.13,113.01,11886.99
9000,0.00,13408.01,28.13,91.99,13408.01
10000,0.00,14852.14,28.13,147.86,14852.14
