episode,epReward,cumReward,cumRegret,empRegret,perf
10,-1.32,-15.58,3.90,9.82,-15.58
20,0.20,-19.12,3.99,7.60,-19.12
30,0.41,-17.98,3.99,0.71,-17.98
40,-1.35,-24.49,4.09,1.46,-24.49
50,-3.53,-32.76,4.09,3.97,-32.76
60,1.21,-40.77,4.18,6.23,-40.77
70,-1.08,-42.69,4.18,2.39,-42.69
80,-0.07,-55.83,4.28,9.78,-55.83
90,-1.29,-68.83,4.47,17.02,-68.83
100,-0.11,-76.85,4.66,19.28,-76.85
200,-2.30,-158.95,6.56,43.81,-158.95
300,-4.28,-217.28,11.39,44.56,-217.28
400,0.06,-254.54,18.99,24.25,-254.54
500,-2.17,-307.10,26.41,19.25,-307.10
600,-1.42,-379.53,36.10,34.10,-379.53
700,0.84,-453.79,42.19,50.78,-453.79
800,0.82,-517.92,46.37,57.35,-517.92
900,-0.97,-589.56,49.50,71.42,-589.56
1000,-1.07,-647.17,51.22,71.46,-647.17
2000,-1.17,-1227.50,70.32,76.07,-1227.50
3000,2.67,-1788.71,86.00,61.56,-1788.71
4000,1.71,-2385.69,95.97,82.82,-2385.69
5000,-0.74,-2991.06,110.99,112.47,-2991.06
6000,-0.74,-3473.57,120.02,19.26,-3473.57
7000,-0.65,-4079.74,133.70,49.72,-4079.74
8000,-1.98,-4735.30,150.24,129.56,-4735.30
9000,-0.48,-5335.96,161.36,154.50,-5335.96
10000,-3.39,-5872.01,171.82,114.83,-5872.01
