episode,epReward,cumReward,cumRegret,empRegret,perf
10,0.78,-0.67,5.27,10.17,-0.67
20,-0.25,19.68,7.14,-0.67,19.68
30,-4.34,16.54,10.41,11.97,16.54
40,-0.32,23.73,12.28,14.27,23.73
50,-2.44,22.20,13.95,25.31,22.20
60,-0.74,32.26,15.82,24.74,32.26
70,1.73,40.76,17.68,25.75,40.76
80,-1.09,45.38,19.48,30.62,45.38
90,0.29,48.75,21.34,36.76,48.75
100,0.64,60.35,23.21,34.66,60.35
200,0.46,148.19,30.03,41.82,148.19
300,3.25,219.48,32.54,65.54,219.48
400,-2.16,320.20,34.07,59.83,320.20
500,1.05,399.67,35.30,75.36,399.67
600,0.86,469.09,35.92,100.95,469.09
700,-2.12,575.00,35.92,90.05,575.00
800,0.52,662.29,36.22,97.77,662.29
900,-0.25,750.95,36.53,104.12,750.95
1000,-0.13,869.34,37.14,80.74,869.34
2000,1.62,1774.95,43.59,125.19,1774.95
3000,2.94,2752.26,45.12,97.96,2752.26
4000,1.68,3750.38,49.05,49.91,3750.38
5000,2.01,4688.92,49.35,61.44,4688.92
6000,2.84,5725.46,49.35,-25.02,5725.46
7000,0.10,6704.53,51.06,-54.02,6704.53
8000,0.55,7647.43,51.37,-46.85,7647.43
9000,3.33,8536.94,51.68,13.72,8536.94
10000,0.89,9558.05,52.29,-57.32,9558.05
