episode,epReward,cumReward,cumRegret,empRegret,perf
10,0.73,1.90,2.46,0.07,1.90
20,-1.72,-0.72,4.56,4.65,-0.72
30,-0.58,-5.65,6.37,11.54,-5.65
40,0.41,-5.05,8.77,12.90,-5.05
50,0.14,-2.68,12.65,12.49,-2.68
60,0.99,-9.84,15.22,21.62,-9.84
70,-1.88,-9.94,16.41,23.69,-9.94
80,-0.07,-18.99,17.28,34.70,-18.99
90,2.62,-15.21,20.73,32.88,-15.21
100,0.68,-11.39,21.11,31.03,-11.39
200,-1.90,27.30,25.52,11.98,27.30
300,0.82,30.38,27.87,28.53,30.38
400,1.46,45.67,31.59,32.88,45.67
500,-4.57,55.99,33.99,42.19,55.99
600,-0.69,12.73,33.99,105.09,12.73
700,-2.18,59.06,35.15,78.40,59.06
800,0.65,76.25,35.53,80.84,76.25
900,0.97,63.80,36.94,112.92,63.80
1000,-1.07,107.42,36.94,88.94,107.42
2000,0.83,233.50,39.22,159.22,233.50
3000,2.45,515.70,40.68,73.39,515.70
4000,1.35,746.07,41.43,39.37,746.07
5000,2.25,886.43,42.03,95.37,886.43
6000,0.21,1145.51,42.77,32.66,1145.51
7000,1.62,1325.04,43.87,49.49,1325.04
8000,0.64,1443.63,44.73,127.26,1443.63
9000,1.30,1579.84,45.33,187.41,1579.84
10000,-0.59,1674.82,46.67,288.79,1674.82
