episode,epReward,cumReward,cumRegret,empRegret,perf
10,2.17,10.38,8.63,4.62,10.38
20,0.00,22.54,10.13,7.46,22.54
30,1.45,39.65,16.13,5.35,39.65
40,-0.70,49.44,24.38,10.56,49.44
50,3.62,61.90,27.38,13.10,61.90
60,-0.93,64.06,27.38,25.94,64.06
70,-0.31,74.62,27.38,30.38,74.62
80,-0.74,92.99,27.38,27.01,92.99
90,4.33,111.16,27.38,23.84,111.16
100,3.63,125.79,27.38,24.21,125.79
200,3.10,290.36,31.88,9.64,290.36
300,2.97,449.17,31.88,0.83,449.17
400,-0.52,595.46,31.88,4.54,595.46
500,3.88,730.72,31.88,19.28,730.72
600,0.00,886.42,31.88,13.58,886.42
700,3.17,1037.22,31.88,12.78,1037.22
800,2.30,1204.29,31.88,-4.29,1204.29
900,-2.59,1366.18,31.88,-16.18,1366.18
1000,0.92,1542.53,31.88,-42.53,1542.53
2000,0.00,3009.60,36.38,-9.60,3009.60
3000,3.82,4568.27,36.38,-68.27,4568.27
4000,0.00,6118.97,36.38,-118.97,6118.97
5000,0.00,7567.25,36.38,-67.25,7567.25
6000,0.00,9036.44,36.38,-36.44,9036.44
7000,0.00,10535.97,38.63,-35.97,10535.97
8000,0.00,12014.91,38.63,-14.91,12014.91
9000,5.06,13502.32,38.63,-2.32,13502.32
10000,5.48,14971.70,38.63,28.30,14971.70
