episode,epReward,cumReward,cumRegret,empRegret,perf
10,0.55,12.17,11.25,2.83,12.17
20,-0.86,3.79,23.25,26.21,3.79
30,4.43,16.35,27.75,28.65,16.35
40,0.00,21.94,30.00,38.06,21.94
50,0.00,29.04,32.25,45.96,29.04
60,4.20,43.26,32.25,46.74,43.26
70,0.00,63.87,32.25,41.13,63.87
80,2.50,79.51,32.25,40.49,79.51
90,5.29,100.09,32.25,34.91,100.09
100,0.00,105.50,32.25,44.50,105.50
200,1.90,277.40,32.25,22.60,277.40
300,3.44,394.66,32.25,55.34,394.66
400,5.49,539.25,32.25,60.75,539.25
500,-0.23,657.71,32.25,92.29,657.71
600,0.00,862.00,32.25,38.00,862.00
700,2.78,996.66,32.25,53.34,996.66
800,-1.16,1180.18,32.25,19.82,1180.18
900,3.56,1313.87,32.25,36.13,1313.87
1000,4.36,1474.94,32.25,25.06,1474.94
2000,0.00,3096.80,32.25,-96.80,3096.80
3000,1.93,4605.93,34.50,-105.93,4605.93
4000,0.00,6059.22,34.50,-59.22,6059.22
5000,0.00,7578.66,34.50,-78.66,7578.66
6000,0.00,9189.38,34.50,-189.38,9189.38
7000,0.00,10686.39,34.50,-186.39,10686.39
8000,3.66,12170.08,34.50,-170.08,12170.08
9000,0.00,13648.90,34.50,-148.90,13648.90
10000,0.00,15094.97,34.50,-94.97,15094.97
