episode,epReward,cumReward,cumRegret,empRegret,perf
10,-0.07,5.69,20.25,9.31,5.69
20,-0.07,17.09,26.25,12.91,17.09
30,-0.11,32.83,31.50,12.17,32.83
40,2.91,41.96,39.00,18.04,41.96
50,2.58,68.16,41.25,6.84,68.16
60,3.07,73.15,43.50,16.85,73.15
70,0.47,83.78,43.50,21.22,83.78
80,4.64,101.71,43.50,18.29,101.71
90,4.26,115.28,43.50,19.72,115.28
100,-1.90,121.19,43.50,28.81,121.19
200,0.17,260.56,43.50,39.44,260.56
300,0.00,400.47,43.50,49.53,400.47
400,-0.51,551.86,43.50,48.14,551.86
500,3.38,688.84,43.50,61.16,688.84
600,0.00,834.24,43.50,65.76,834.24
700,-0.35,940.16,43.50,109.84,940.16
800,0.00,1123.59,43.50,76.41,1123.59
900,4.38,1266.51,43.50,83.49,1266.51
1000,0.00,1409.79,43.50,90.21,1409.79
2000,3.48,2961.26,43.50,38.74,2961.26
3000,1.77,4446.39,43.50,53.61,4446.39
4000,0.49,5861.79,43.50,138.21,5861.79
5000,5.50,7238.54,43.50,261.46,7238.54
6000,2.97,8695.87,43.50,304.13,8695.87
7000,3.90,10180.68,43.50,319.32,10180.68
8000,0.00,11727.90,43.50,272.10,11727.90
9000,-1.46,13321.51,45.75,178.49,13321.51
10000,0.38,14768.44,45.75,231.56,14768.44
