episode,epReward,cumReward,cumRegret,empRegret,perf
10,-0.10,17.25,15.31,10.80,17.25
20,3.79,48.83,15.31,7.26,48.83
30,1.39,67.82,16.36,16.31,67.82
40,1.99,91.47,16.36,20.70,91.47
50,-1.84,113.43,19.42,26.79,113.43
60,1.20,135.13,21.24,33.13,135.13
70,4.11,166.14,21.24,30.16,166.14
80,2.37,185.93,21.24,38.42,185.93
90,2.99,207.26,21.24,45.13,207.26
100,0.59,236.17,21.24,44.26,236.17
200,5.41,517.68,21.24,43.18,517.68
300,4.06,820.62,21.24,20.68,820.62
400,3.03,1129.06,21.24,-7.33,1129.06
500,4.87,1404.94,21.24,-2.78,1404.94
600,3.28,1669.79,21.24,12.81,1669.79
700,2.19,1953.84,22.29,9.19,1953.84
800,2.37,2270.02,23.45,-26.56,2270.02
900,1.12,2550.56,23.45,-26.67,2550.56
1000,1.98,2824.89,23.45,-20.56,2824.89
2000,3.50,5633.34,25.67,-24.68,5633.34
3000,3.73,8408.81,26.83,4.17,8408.81
4000,3.61,11259.90,26.83,-42.59,11259.90
5000,-0.28,13991.48,29.12,30.17,13991.48
6000,1.75,16780.82,29.12,45.16,16780.82
7000,2.35,19587.06,29.12,43.25,19587.06
8000,0.99,22476.87,29.12,-42.24,22476.87
9000,3.37,25314.26,29.12,-75.29,25314.26
10000,2.86,28170.74,29.12,-127.45,28170.74
