episode,epReward,cumReward,cumRegret,empRegret,perf
10,10.91,92.47,0.00,0.59,92.47
20,7.77,185.93,0.00,0.19,185.93
30,9.42,280.55,0.00,-1.37,280.55
40,11.46,376.81,0.00,-4.57,376.81
50,7.78,468.10,0.00,-2.79,468.10
60,9.80,557.01,0.00,1.36,557.01
70,8.49,656.26,0.00,-4.84,656.26
80,7.81,745.03,0.00,-0.55,745.03
90,10.88,841.76,0.00,-4.22,841.76
100,9.70,936.96,0.00,-6.35,936.96
200,9.70,1874.51,0.00,-13.30,1874.51
300,7.36,2812.94,1.81,-21.13,2812.94
400,7.10,3754.07,1.81,-31.65,3754.07
500,10.14,4688.57,1.81,-35.54,4688.57
600,7.01,5652.64,1.81,-69.01,5652.64
700,11.63,6600.82,1.81,-86.58,6600.82
800,7.75,7534.58,1.81,-89.73,7534.58
900,9.81,8455.64,1.81,-80.18,8455.64
1000,6.65,9386.59,1.81,-80.53,9386.59
2000,9.08,18706.06,1.81,-93.94,18706.06
3000,9.15,27968.94,1.81,-50.76,27968.94
4000,9.30,37184.83,1.81,39.41,37184.83
5000,9.70,46400.26,1.81,130.04,46400.26
6000,7.93,55571.23,1.81,265.13,55571.23
7000,10.11,64793.54,3.62,348.88,64793.54
8000,12.49,74098.53,3.62,349.94,74098.53
9000,11.12,83388.35,3.62,366.18,83388.35
10000,11.94,92661.03,3.62,399.56,92661.03
