episode,epReward,cumReward,cumRegret,empRegret,perf
10,0.00,0.12,11.25,14.88,0.12
20,0.12,-0.57,26.63,30.57,-0.57
30,-3.27,-1.28,39.00,46.28,-1.28
40,0.67,3.71,52.88,56.29,3.71
50,-1.14,9.71,58.13,65.29,9.71
60,0.00,10.91,58.13,79.09,10.91
70,0.00,25.96,60.38,79.04,25.96
80,0.00,45.11,60.38,74.89,45.11
90,4.03,59.63,60.38,75.37,59.63
100,-0.18,70.78,60.38,79.22,70.78
200,4.92,195.26,60.38,104.74,195.26
300,3.47,338.79,60.38,111.21,338.79
400,2.36,531.17,60.38,68.83,531.17
500,4.84,696.80,60.38,53.20,696.80
600,0.81,853.75,60.38,46.25,853.75
700,1.14,1015.68,60.38,34.32,1015.68
800,2.46,1160.72,60.38,39.28,1160.72
900,-1.40,1277.85,60.38,72.15,1277.85
1000,3.30,1441.61,60.38,58.39,1441.61
2000,-0.80,2910.81,60.38,89.19,2910.81
3000,3.59,4443.17,60.38,56.83,4443.17
4000,0.00,5928.67,60.38,71.33,5928.67
5000,-0.40,7421.55,60.38,78.45,7421.55
6000,2.70,9091.81,60.38,-91.81,9091.81
7000,-0.20,10649.04,60.38,-149.04,10649.04
8000,-1.50,12186.31,60.38,-186.31,12186.31
9000,1.02,13701.08,60.38,-201.08,13701.08
10000,3.45,15083.31,60.38,-83.31,15083.31
