episode,epReward,cumReward,cumRegret,empRegret,perf
10,1.42,-6.17,8.76,4.50,-6.17
20,1.25,-7.96,11.77,4.62,-7.96
30,-0.81,-14.10,11.77,9.08,-14.10
40,-1.30,-19.74,11.77,13.05,-19.74
50,-1.82,-11.22,11.77,2.85,-11.22
60,4.87,-4.96,11.77,-5.09,-4.96
70,-0.71,-9.24,11.77,-2.48,-9.24
80,-0.01,-3.88,11.77,-9.51,-3.88
90,1.44,-16.01,14.79,0.94,-16.01
100,-0.02,-19.30,14.79,2.56,-19.30
200,-1.02,-35.52,20.82,2.05,-35.52
300,1.81,-64.61,20.82,14.39,-64.61
400,-2.85,-86.29,20.82,19.33,-86.29
500,1.10,-108.30,24.82,24.61,-108.30
600,0.38,-111.96,24.82,11.53,-111.96
700,0.55,-124.95,24.82,7.78,-124.95
800,-0.48,-150.84,24.82,16.92,-150.84
900,-2.32,-154.10,24.82,3.45,-154.10
1000,0.28,-149.79,24.82,-17.60,-149.79
2000,0.14,-324.67,24.82,-10.11,-324.67
3000,-0.10,-470.16,24.82,-32.02,-470.16
4000,-0.34,-619.51,27.83,-50.06,-619.51
5000,3.32,-709.58,30.85,-127.39,-709.58
6000,1.32,-824.07,30.85,-180.29,-824.07
7000,0.47,-972.79,30.85,-198.96,-972.79
8000,0.85,-1077.37,30.85,-261.78,-1077.37
9000,-0.49,-1332.97,30.85,-173.58,-1332.97
10000,-0.98,-1445.09,30.85,-228.85,-1445.09
