episode,epReward,cumReward,cumRegret,empRegret,perf
10,0.00,7.60,9.00,7.40,7.60
20,3.41,18.27,12.75,11.73,18.27
30,3.21,31.27,15.75,13.73,31.27
40,-0.24,42.12,17.25,17.88,42.12
50,3.68,60.21,17.25,14.79,60.21
60,0.00,74.66,17.25,15.34,74.66
70,1.97,93.64,18.75,11.36,93.64
80,-0.45,114.84,18.75,5.16,114.84
90,0.46,129.69,21.00,5.31,129.69
100,4.48,144.67,21.00,5.33,144.67
200,0.88,291.22,21.00,8.78,291.22
300,4.50,440.71,21.00,9.29,440.71
400,0.71,580.25,21.00,19.75,580.25
500,0.00,723.27,21.00,26.73,723.27
600,-0.83,856.77,21.00,43.23,856.77
700,-2.02,1031.24,21.00,18.76,1031.24
800,2.87,1157.65,21.00,42.35,1157.65
900,1.96,1325.56,21.00,24.44,1325.56
1000,4.26,1499.95,25.50,0.05,1499.95
2000,0.00,2971.78,25.50,28.22,2971.78
3000,-0.26,4486.18,28.88,13.82,4486.18
4000,1.14,5974.23,28.88,25.77,5974.23
5000,0.83,7551.67,28.88,-51.67,7551.67
6000,0.15,8979.59,28.88,20.41,8979.59
7000,0.00,10523.43,28.88,-23.43,10523.43
8000,1.40,12035.00,28.88,-35.00,12035.00
9000,-0.26,13470.12,28.88,29.88,13470.12
10000,3.63,15017.37,28.88,-17.37,15017.37
