episode,epReward,cumReward,cumRegret,empRegret,perf
10,1.67,11.69,12.00,3.31,11.69
20,0.00,11.13,25.50,18.87,11.13
30,-0.59,8.39,34.50,36.61,8.39
40,0.73,20.45,42.00,39.55,20.45
50,3.46,29.86,43.50,45.14,29.86
60,1.29,47.59,43.50,42.41,47.59
70,-1.65,58.55,43.50,46.45,58.55
80,4.08,79.95,43.50,40.05,79.95
90,2.60,93.88,43.50,41.12,93.88
100,3.52,107.89,43.50,42.11,107.89
200,3.78,252.27,45.75,47.73,252.27
300,1.24,396.98,49.13,53.02,396.98
400,0.00,548.52,49.13,51.48,548.52
500,0.74,698.55,49.13,51.45,698.55
600,1.95,828.03,49.13,71.97,828.03
700,0.00,989.23,49.13,60.77,989.23
800,-0.78,1135.10,49.13,64.90,1135.10
900,4.51,1292.04,49.13,57.96,1292.04
1000,0.00,1456.54,49.13,43.46,1456.54
2000,3.38,2997.81,49.13,2.19,2997.81
3000,1.95,4598.42,49.13,-98.42,4598.42
4000,-0.54,6134.84,49.13,-134.84,6134.84
5000,1.96,7639.80,49.13,-139.80,7639.80
6000,2.82,9176.83,51.38,-176.83,9176.83
7000,3.51,10605.19,51.38,-105.19,10605.19
8000,0.96,12047.71,53.63,-47.71,12047.71
9000,2.10,13510.58,53.63,-10.58,13510.58
10000,2.66,14899.01,53.63,100.99,14899.01
