episode,epReward,cumReward,cumRegret,empRegret,perf
10,0.00,7.45,6.75,7.55,7.45
20,3.54,20.69,9.75,9.31,20.69
30,0.00,34.37,16.50,10.63,34.37
40,3.12,60.30,16.50,-0.30,60.30
50,2.77,74.35,18.00,0.65,74.35
60,0.00,90.81,18.00,-0.81,90.81
70,0.00,91.44,20.25,13.56,91.44
80,0.00,111.39,20.25,8.61,111.39
90,0.00,126.46,20.25,8.54,126.46
100,0.00,154.95,20.25,-4.95,154.95
200,0.00,311.02,22.50,-11.02,311.02
300,3.35,492.00,22.50,-42.00,492.00
400,2.76,630.89,22.50,-30.89,630.89
500,3.05,792.54,22.50,-42.54,792.54
600,3.61,977.68,22.50,-77.68,977.68
700,0.14,1120.79,22.50,-70.79,1120.79
800,1.56,1261.39,22.50,-61.39,1261.39
900,0.71,1406.52,22.50,-56.52,1406.52
1000,3.50,1566.71,22.50,-66.71,1566.71
2000,0.00,2982.32,28.13,17.68,2982.32
3000,3.11,4481.68,28.13,18.32,4481.68
4000,3.63,6009.81,30.38,-9.81,6009.81
5000,0.83,7536.78,30.38,-36.78,7536.78
6000,0.00,8939.89,30.38,60.11,8939.89
7000,-1.13,10566.88,30.38,-66.88,10566.88
8000,3.27,12010.28,30.38,-10.28,12010.28
9000,-0.65,13436.40,30.38,63.60,13436.40
10000,3.70,15055.88,30.38,-55.88,15055.88
