episode,epReward,cumReward,cumRegret,empRegret,perf
10,-1.03,-11.00,7.52,2.67,-11.00
20,0.72,-12.38,10.22,-4.27,-12.38
30,-0.07,-23.22,11.04,-1.76,-23.22
40,0.93,-29.68,11.70,-3.63,-29.68
50,-1.36,-45.02,13.13,3.39,-45.02
60,-2.13,-62.61,13.66,12.64,-62.61
70,-1.51,-85.23,14.35,26.94,-85.23
80,-1.00,-89.96,14.51,23.34,-89.96
90,-2.03,-105.17,15.21,30.22,-105.17
100,-2.02,-115.72,15.70,32.45,-115.72
200,-1.56,-196.64,24.04,30.09,-196.64
300,0.10,-259.21,27.98,9.38,-259.21
400,0.67,-344.08,31.58,10.98,-344.08
500,-2.26,-441.55,32.08,25.18,-441.55
600,-2.24,-513.45,32.57,13.79,-513.45
700,-1.93,-626.58,32.57,43.66,-626.58
800,-0.91,-718.49,34.35,52.29,-718.49
900,2.51,-782.41,34.51,32.93,-782.41
1000,1.25,-878.73,34.51,45.98,-878.73
2000,-3.92,-1702.29,35.01,36.79,-1702.29
3000,1.59,-2515.78,35.33,17.52,-2515.78
4000,-3.24,-3415.04,35.33,84.02,-3415.04
5000,-0.90,-4410.21,35.33,246.45,-4410.21
6000,0.28,-5261.35,35.33,264.83,-5261.35
7000,0.23,-6093.58,35.33,264.31,-6093.58
8000,-1.19,-6994.00,35.33,331.97,-6994.00
9000,-1.74,-7810.27,35.33,315.49,-7810.27
10000,-2.22,-8578.46,35.33,250.92,-8578.46
