episode,epReward,cumReward,cumRegret,empRegret,perf
10,-1.38,-7.64,11.25,22.64,-7.64
20,0.00,-7.98,27.38,37.98,-7.98
30,0.00,-7.98,35.25,52.98,-7.98
40,4.82,-0.66,38.63,60.66,-0.66
50,-1.19,9.36,38.63,65.64,9.36
60,0.00,19.86,40.13,70.14,19.86
70,0.00,41.73,40.13,63.27,41.73
80,3.25,67.12,40.13,52.88,67.12
90,0.00,79.82,40.13,55.18,79.82
100,4.83,90.09,40.13,59.91,90.09
200,0.00,243.34,40.13,56.66,243.34
300,3.86,399.40,40.13,50.60,399.40
400,0.00,566.11,41.63,33.89,566.11
500,0.00,713.15,41.63,36.85,713.15
600,1.55,873.42,41.63,26.58,873.42
700,0.00,1032.49,41.63,17.51,1032.49
800,0.09,1209.94,41.63,-9.94,1209.94
900,3.59,1340.47,41.63,9.53,1340.47
1000,2.27,1492.29,41.63,7.71,1492.29
2000,0.00,3088.10,41.63,-88.10,3088.10
3000,1.86,4573.17,41.63,-73.17,4573.17
4000,0.00,6060.86,41.63,-60.86,6060.86
5000,2.41,7625.69,41.63,-125.69,7625.69
6000,2.47,9073.79,41.63,-73.79,9073.79
7000,4.24,10546.47,41.63,-46.47,10546.47
8000,3.09,11963.19,41.63,36.81,11963.19
9000,-2.11,13495.79,41.63,4.21,13495.79
10000,2.18,15004.17,41.63,-4.17,15004.17
