episode,epReward,cumReward,cumRegret,empRegret,perf
10,0.00,-2.07,10.13,17.07,-2.07
20,3.38,11.05,21.00,18.95,11.05
30,0.00,25.70,21.00,19.30,25.70
40,0.00,40.39,21.00,19.61,40.39
50,0.00,54.55,23.25,20.45,54.55
60,2.05,57.19,23.25,32.81,57.19
70,3.28,83.30,23.25,21.70,83.30
80,4.20,101.44,23.25,18.56,101.44
90,0.00,116.65,23.25,18.35,116.65
100,0.00,130.83,23.25,19.17,130.83
200,-2.18,269.62,24.75,30.38,269.62
300,1.62,470.75,27.00,-20.75,470.75
400,-1.56,626.73,27.00,-26.73,626.73
500,2.47,773.45,27.00,-23.45,773.45
600,5.41,935.86,27.00,-35.86,935.86
700,0.00,1080.37,27.00,-30.37,1080.37
800,4.62,1285.98,27.00,-85.98,1285.98
900,2.78,1438.28,27.00,-88.28,1438.28
1000,0.00,1573.45,27.00,-73.45,1573.45
2000,3.91,3030.68,27.00,-30.68,3030.68
3000,0.00,4480.92,27.00,19.08,4480.92
4000,0.00,5948.90,27.00,51.10,5948.90
5000,3.15,7499.68,27.00,0.32,7499.68
6000,0.00,9042.09,27.00,-42.09,9042.09
7000,3.10,10440.42,27.00,59.58,10440.42
8000,0.00,11881.17,27.00,118.83,11881.17
9000,3.44,13381.94,29.25,118.06,13381.94
10000,0.00,14919.71,31.50,80.29,14919.71
