episode,epReward,cumReward,cumRegret,empRegret,perf
10,0.00,4.13,10.88,10.87,4.13
20,0.00,9.85,16.88,20.15,9.85
30,-0.43,35.03,18.38,9.97,35.03
40,1.63,55.20,19.88,4.80,55.20
50,4.47,74.62,19.88,0.38,74.62
60,0.00,100.93,21.38,-10.93,100.93
70,3.84,125.35,21.38,-20.35,125.35
80,0.00,139.92,21.38,-19.92,139.92
90,2.38,155.28,21.38,-20.28,155.28
100,2.89,169.04,21.38,-19.04,169.04
200,-0.22,312.78,21.38,-12.78,312.78
300,3.03,477.40,21.38,-27.40,477.40
400,1.84,651.06,23.63,-51.06,651.06
500,0.88,759.96,23.63,-9.96,759.96
600,3.73,912.28,23.63,-12.28,912.28
700,2.82,1056.97,23.63,-6.97,1056.97
800,0.00,1219.98,23.63,-19.98,1219.98
900,2.58,1362.61,23.63,-12.61,1362.61
1000,1.63,1494.84,23.63,5.16,1494.84
2000,3.72,3045.15,23.63,-45.15,3045.15
3000,-1.35,4528.26,23.63,-28.26,4528.26
4000,3.14,6002.50,25.88,-2.50,6002.50
5000,3.53,7557.94,25.88,-57.94,7557.94
6000,-0.83,9086.46,25.88,-86.46,9086.46
7000,-1.38,10580.92,25.88,-80.92,10580.92
8000,0.78,12104.63,25.88,-104.63,12104.63
9000,1.74,13664.84,25.88,-164.84,13664.84
10000,4.76,15141.15,25.88,-141.15,15141.15
