episode,epReward,cumReward,cumRegret,empRegret,perf
10,3.69,8.61,9.75,6.39,8.61
20,-2.35,8.70,16.50,21.30,8.70
30,-2.68,20.21,16.50,24.79,20.21
40,0.00,28.60,16.50,31.40,28.60
50,-0.80,36.53,16.50,38.47,36.53
60,0.00,52.66,18.75,37.34,52.66
70,3.65,66.38,18.75,38.62,66.38
80,0.00,73.97,18.75,46.03,73.97
90,0.00,84.60,18.75,50.40,84.60
100,3.25,105.60,18.75,44.40,105.60
200,0.00,256.80,18.75,43.20,256.80
300,4.10,399.47,21.00,50.53,399.47
400,-0.30,547.17,23.25,52.83,547.17
500,1.37,695.47,23.25,54.53,695.47
600,3.60,881.19,23.25,18.81,881.19
700,-1.35,1040.72,23.25,9.28,1040.72
800,0.00,1174.83,23.25,25.17,1174.83
900,3.94,1358.03,23.25,-8.03,1358.03
1000,1.67,1491.32,23.25,8.68,1491.32
2000,0.00,2930.08,23.25,69.92,2930.08
3000,2.09,4411.16,23.25,88.84,4411.16
4000,0.00,5848.05,28.88,151.95,5848.05
5000,3.30,7308.06,28.88,191.94,7308.06
6000,4.53,8804.45,28.88,195.55,8804.45
7000,0.00,10314.26,28.88,185.74,10314.26
8000,0.71,11881.31,28.88,118.69,11881.31
9000,3.64,13328.64,31.13,171.36,13328.64
10000,-0.30,14813.15,31.13,186.85,14813.15
