episode,epReward,cumReward,cumRegret,empRegret,perf
10,-0.66,3.04,6.15,10.42,3.04
20,1.35,-2.05,12.22,28.98,-2.05
30,2.03,13.73,12.22,26.67,13.73
40,0.88,23.04,12.22,30.82,23.04
50,0.31,39.37,12.22,27.95,39.37
60,1.90,50.41,12.22,30.38,50.41
70,-0.88,59.72,12.22,34.54,59.72
80,0.42,72.16,12.22,35.56,72.16
90,-0.21,92.22,12.22,28.96,92.22
100,0.26,104.48,12.22,30.17,104.48
200,3.98,229.51,12.22,39.79,229.51
300,2.09,350.52,16.79,53.42,350.52
400,-0.55,446.83,16.79,91.77,446.83
500,0.57,566.58,16.79,106.66,566.58
600,1.96,688.65,18.29,119.24,688.65
700,2.65,803.60,20.49,138.94,803.60
800,3.83,937.72,20.49,139.47,937.72
900,0.26,1067.30,20.49,144.54,1067.30
1000,-1.29,1191.68,20.49,154.81,1191.68
2000,1.29,2504.52,20.49,188.45,2504.52
3000,0.47,3785.25,20.49,254.21,3785.25
4000,2.37,4973.87,20.49,412.08,4973.87
5000,0.95,6304.55,20.49,427.89,6304.55
6000,-0.56,7688.44,20.49,390.48,7688.44
7000,-0.66,9030.19,20.49,395.22,9030.19
8000,2.08,10415.41,20.49,356.48,10415.41
9000,2.60,11799.04,22.94,319.35,11799.04
10000,3.49,13176.32,22.94,288.55,13176.32
