episode,epReward,cumReward,cumRegret,empRegret,perf
10,-0.57,-10.01,7.59,4.52,-10.01
20,-1.15,-17.26,8.96,6.28,-17.26
30,0.46,-27.76,11.69,11.29,-27.76
40,-3.35,-45.63,15.39,23.68,-45.63
50,-1.21,-54.30,17.92,26.85,-54.30
60,-2.59,-59.59,17.92,26.66,-59.59
70,-2.42,-65.81,19.29,27.39,-65.81
80,1.49,-68.41,19.29,24.50,-68.41
90,-0.91,-72.12,19.29,22.72,-72.12
100,-0.52,-78.00,19.29,23.11,-78.00
200,-3.47,-142.46,20.65,32.68,-142.46
300,0.44,-187.19,20.65,22.52,-187.19
400,-1.54,-229.63,20.65,10.07,-229.63
500,-1.25,-293.00,20.65,18.55,-293.00
600,0.62,-347.85,20.65,18.51,-347.85
700,-0.36,-396.98,20.65,12.74,-396.98
800,-0.06,-427.44,20.65,-11.68,-427.44
900,0.14,-476.54,20.65,-17.47,-476.54
1000,1.29,-547.18,20.65,-1.72,-547.18
2000,-1.09,-1072.24,23.38,-25.58,-1072.24
3000,-3.16,-1561.66,26.12,-85.05,-1561.66
4000,-3.48,-2080.27,28.85,-115.35,-2080.27
5000,-1.99,-2686.26,28.85,-58.27,-2686.26
6000,-0.06,-3298.81,30.21,5.37,-3298.81
7000,-1.54,-3870.35,32.95,28.01,-3870.35
8000,1.25,-4370.86,32.95,-20.38,-4370.86
9000,0.44,-4906.75,34.31,-33.40,-4906.75
10000,-0.14,-5491.71,34.31,2.65,-5491.71
