episode,epReward,cumReward,cumRegret,empRegret,perf
10,1.93,7.43,4.96,0.05,7.43
20,2.01,20.31,7.52,-5.35,20.31
30,1.32,20.64,12.11,1.82,20.64
40,0.68,20.80,14.18,9.14,20.80
50,2.87,31.06,16.57,6.36,31.06
60,0.80,46.72,16.57,-1.81,46.72
70,3.90,62.70,16.57,-10.31,62.70
80,0.67,68.43,18.06,-8.56,68.43
90,1.70,79.71,18.06,-12.35,79.71
100,-1.81,80.30,20.13,-5.46,80.30
200,0.30,151.40,23.89,-1.72,151.40
300,0.07,203.67,26.59,20.85,203.67
400,-1.59,261.18,31.04,38.18,261.18
500,0.04,355.45,33.15,18.75,355.45
600,-1.35,437.26,33.52,11.77,437.26
700,0.14,523.05,34.10,0.82,523.05
800,0.70,616.63,34.87,-17.91,616.63
900,-1.02,697.04,35.96,-23.49,697.04
1000,1.47,806.03,36.34,-57.63,806.03
2000,1.78,1646.52,39.64,-149.72,1646.52
3000,2.24,2354.52,41.37,-109.32,2354.52
4000,1.61,3063.41,43.23,-69.81,3063.41
5000,0.49,3874.39,48.76,-132.40,3874.39
6000,1.53,4718.50,49.71,-228.11,4718.50
7000,0.90,5454.10,49.71,-215.31,5454.10
8000,0.83,6229.37,51.57,-242.19,6229.37
9000,1.25,6932.86,52.13,-197.28,6932.86
10000,-1.37,7714.80,54.41,-230.82,7714.80
