episode,epReward,cumReward,cumRegret,empRegret,perf
10,0.30,-17.70,6.41,10.23,-17.70
20,-1.40,-35.64,12.25,20.71,-35.64
30,-2.31,-49.10,14.74,26.70,-49.10
40,-4.38,-65.35,16.22,35.49,-65.35
50,2.30,-63.71,19.25,26.38,-63.71
60,-0.93,-66.49,20.81,21.69,-66.49
70,-1.60,-74.90,21.79,22.64,-74.90
80,0.46,-89.86,25.72,30.13,-89.86
90,-1.71,-93.35,26.62,26.16,-93.35
100,1.34,-107.50,27.87,32.84,-107.50
200,-1.54,-209.97,41.37,60.66,-209.97
300,-1.17,-308.53,44.67,84.55,-308.53
400,0.99,-412.03,52.50,113.39,-412.03
500,-0.49,-474.70,59.10,101.41,-474.70
600,2.95,-583.53,62.65,135.58,-583.53
700,-4.53,-665.48,63.22,142.87,-665.48
800,-2.81,-770.49,63.55,173.22,-770.49
900,-1.69,-855.17,64.71,183.24,-855.17
1000,-2.43,-905.53,65.86,158.94,-905.53
2000,-1.84,-1646.27,69.07,153.09,-1646.27
3000,-0.57,-2379.34,69.07,139.58,-2379.34
4000,-0.59,-3109.51,69.07,123.16,-3109.51
5000,0.82,-3745.42,69.07,12.48,-3745.42
6000,-0.40,-4489.69,70.61,10.16,-4489.69
7000,-1.74,-5298.21,70.61,72.10,-5298.21
8000,1.71,-6027.18,71.58,54.48,-6027.18
9000,-1.15,-6726.10,72.63,6.81,-6726.10
10000,-1.59,-7559.74,73.60,93.86,-7559.74
