episode,epReward,cumReward,cumRegret,empRegret,perf
10,6.06,43.95,0.24,-2.26,43.95
20,3.24,86.38,1.70,-3.00,86.38
30,3.87,120.80,2.92,4.26,120.80
40,5.67,161.46,3.16,5.30,161.46
50,3.70,194.75,3.16,13.70,194.75
60,7.79,243.89,3.16,6.24,243.89
70,4.78,280.16,3.16,11.66,280.16
80,1.82,319.83,3.16,13.68,319.83
90,3.93,358.40,3.16,16.80,358.40
100,5.19,403.69,3.16,13.20,403.69
200,6.26,797.83,3.16,35.95,797.83
300,2.14,1204.96,3.16,45.70,1204.96
400,7.92,1635.62,3.39,31.93,1635.62
500,5.81,2065.40,4.64,19.04,2065.40
600,5.99,2483.99,5.89,17.34,2483.99
700,5.77,2906.82,5.89,11.40,2906.82
800,2.51,3330.75,5.89,4.35,3330.75
900,6.85,3715.93,8.41,36.06,3715.93
1000,3.17,4114.23,10.82,54.65,4114.23
2000,3.21,8404.78,12.62,-67.02,8404.78
3000,5.84,12495.53,12.62,11.11,12495.53
4000,4.86,16741.58,12.62,-66.06,16741.58
5000,6.63,20955.14,12.62,-110.75,20955.14
6000,1.74,25055.36,12.62,-42.09,25055.36
7000,5.10,29238.08,12.62,-55.93,29238.08
8000,0.70,33467.78,12.62,-116.76,33467.78
9000,4.48,37664.06,12.62,-144.16,37664.06
10000,5.24,41919.62,12.85,-230.84,41919.62
