episode,epReward,cumReward,cumRegret,empRegret,perf
10,0.04,5.57,13.50,9.43,5.57
20,-1.75,7.07,32.63,22.93,7.07
30,0.00,10.60,46.13,34.40,10.60
40,1.80,10.29,52.88,49.71,10.29
50,0.00,18.18,60.38,56.82,18.18
60,-1.37,16.25,61.88,73.75,16.25
70,0.10,17.57,64.88,87.43,17.57
80,3.71,35.07,64.88,84.93,35.07
90,-1.19,48.82,64.88,86.18,48.82
100,0.00,60.69,64.88,89.31,60.69
200,4.13,229.51,64.88,70.49,229.51
300,0.00,369.39,64.88,80.61,369.39
400,0.00,531.38,64.88,68.62,531.38
500,-1.81,684.65,64.88,65.35,684.65
600,2.58,828.42,64.88,71.58,828.42
700,4.06,982.33,64.88,67.67,982.33
800,0.00,1140.15,64.88,59.85,1140.15
900,2.40,1310.42,64.88,39.58,1310.42
1000,0.00,1455.18,64.88,44.82,1455.18
2000,2.38,2926.95,64.88,73.05,2926.95
3000,1.84,4487.40,64.88,12.60,4487.40
4000,2.11,6002.73,64.88,-2.73,6002.73
5000,1.49,7416.89,64.88,83.11,7416.89
6000,4.67,8850.84,64.88,149.16,8850.84
7000,2.95,10348.13,64.88,151.87,10348.13
8000,0.00,11846.00,64.88,154.00,11846.00
9000,0.00,13338.32,64.88,161.68,13338.32
10000,2.40,14823.77,64.88,176.23,14823.77
