episode,epReward,cumReward,cumRegret,empRegret,perf
10,-1.67,6.99,8.81,9.37,6.99
20,0.23,11.37,16.20,21.35,11.37
30,0.46,26.14,22.81,22.94,26.14
40,0.98,32.35,30.43,33.09,32.35
50,1.38,46.32,35.30,35.48,46.32
60,1.68,51.85,41.21,46.31,51.85
70,0.42,55.72,45.20,58.80,55.72
80,5.33,77.06,46.50,53.82,77.06
90,3.49,87.00,48.33,60.24,87.00
100,4.83,106.08,48.54,57.52,106.08
200,2.15,247.17,60.79,80.03,247.17
300,1.64,424.22,67.19,66.58,424.22
400,3.26,587.53,71.26,66.87,587.53
500,-0.10,744.56,73.37,73.44,744.56
600,1.35,916.07,75.82,65.53,916.07
700,2.25,1076.28,79.68,68.92,1076.28
800,1.54,1221.13,81.79,87.67,1221.13
900,-0.62,1347.34,83.54,125.06,1347.34
1000,-0.66,1507.30,85.16,128.70,1507.30
2000,2.50,3128.11,90.08,143.89,3128.11
3000,0.38,4659.46,91.35,248.54,4659.46
4000,3.73,6259.75,92.27,284.25,6259.75
5000,1.29,7921.49,92.27,258.52,7921.49
6000,5.57,9661.36,92.27,154.64,9661.36
7000,1.92,11145.33,92.27,306.67,11145.33
8000,3.01,12823.84,92.27,264.16,12823.84
9000,2.33,14503.92,92.27,220.08,14503.92
10000,0.79,16259.90,92.27,100.11,16259.90
