episode,epReward,cumReward,cumRegret,empRegret,perf
10,0.31,23.55,3.88,1.77,23.55
20,3.10,51.40,3.88,-0.76,51.40
30,0.56,83.68,3.88,-7.71,83.68
40,2.22,115.46,3.88,-14.17,115.46
50,4.16,142.73,3.88,-16.12,142.73
60,1.98,172.73,3.88,-20.80,172.73
70,5.33,196.96,3.88,-19.70,196.96
80,3.58,223.25,3.88,-20.67,223.25
90,5.77,251.21,3.88,-23.31,251.21
100,0.40,270.02,3.88,-16.80,270.02
200,0.51,562.70,3.88,-56.25,562.70
300,0.22,784.58,3.88,-24.91,784.58
400,1.84,1046.07,8.28,-33.19,1046.07
500,2.71,1304.86,8.28,-38.75,1304.86
600,6.73,1555.03,8.28,-35.70,1555.03
700,2.25,1798.92,8.28,-26.37,1798.92
800,8.02,2043.10,10.28,-17.33,2043.10
900,7.03,2325.34,10.28,-46.34,2325.34
1000,2.39,2589.04,10.28,-56.82,2589.04
2000,3.14,4999.86,10.28,64.58,4999.86
3000,-1.01,7490.99,12.68,105.67,7490.99
4000,2.86,10107.88,12.68,21.00,10107.88
5000,4.80,12715.45,15.07,-54.35,12715.45
6000,-1.74,15256.04,15.07,-62.71,15256.04
7000,3.93,17800.97,15.07,-75.43,17800.97
8000,3.34,20319.47,15.07,-61.70,20319.47
9000,5.47,22885.97,15.07,-95.99,22885.97
10000,2.92,25449.19,15.07,-126.99,25449.19
