episode,epReward,cumReward,cumRegret,empRegret,perf
10,0.00,3.71,9.75,11.29,3.71
20,5.17,23.17,13.50,6.83,23.17
30,1.64,37.12,13.50,7.88,37.12
40,0.00,40.57,15.00,19.43,40.57
50,0.00,59.19,17.25,15.81,59.19
60,0.00,74.49,17.25,15.51,74.49
70,0.19,90.14,17.25,14.86,90.14
80,1.94,94.72,17.25,25.28,94.72
90,0.08,109.55,17.25,25.45,109.55
100,-1.62,116.43,19.50,33.57,116.43
200,3.03,272.83,19.50,27.17,272.83
300,0.83,441.29,21.75,8.71,441.29
400,1.10,626.72,21.75,-26.72,626.72
500,-1.57,800.80,21.75,-50.80,800.80
600,3.93,971.41,21.75,-71.41,971.41
700,4.37,1111.17,24.00,-61.17,1111.17
800,4.89,1278.29,24.00,-78.29,1278.29
900,-0.59,1414.63,24.00,-64.63,1414.63
1000,-0.19,1590.44,24.00,-90.44,1590.44
2000,2.42,3125.14,24.00,-125.14,3125.14
3000,0.00,4594.08,24.00,-94.08,4594.08
4000,2.04,6141.92,24.00,-141.92,6141.92
5000,4.15,7583.43,24.00,-83.43,7583.43
6000,4.48,9159.40,27.38,-159.40,9159.40
7000,2.73,10660.41,27.38,-160.41,10660.41
8000,3.91,12191.43,27.38,-191.43,12191.43
9000,0.00,13638.74,27.38,-138.74,13638.74
10000,4.27,15352.68,27.38,-352.68,15352.68
