episode,epReward,cumReward,cumRegret,empRegret,perf
10,2.31,4.61,1.48,-1.99,4.61
20,-1.00,6.18,4.94,-0.96,6.18
30,-0.40,0.05,10.35,7.79,0.05
40,0.60,6.97,11.88,3.48,6.97
50,-2.46,1.14,12.96,11.93,1.14
60,-0.76,1.95,14.04,13.73,1.95
70,-0.13,3.78,15.86,14.51,3.78
80,-0.51,-0.12,17.35,21.02,-0.12
90,4.14,6.53,18.09,16.99,6.53
100,-1.71,1.63,20.23,24.50,1.63
200,-0.80,0.30,28.02,51.95,0.30
300,0.81,26.77,32.59,51.61,26.77
400,1.77,70.71,34.82,33.79,70.71
500,-3.45,88.68,44.11,41.95,88.68
600,-0.99,110.21,54.57,46.55,110.21
700,2.59,132.55,62.89,50.34,132.55
800,3.23,182.77,71.86,26.24,182.77
900,-1.71,198.90,78.74,36.24,198.90
1000,1.09,218.69,83.62,42.57,218.69
2000,1.05,388.33,121.92,134.20,388.33
3000,1.61,672.23,128.96,111.56,672.23
4000,1.63,988.24,133.27,56.81,988.24
5000,-0.16,1303.15,134.43,3.17,1303.15
6000,-2.44,1574.71,135.30,-7.13,1574.71
7000,-2.19,1926.45,136.47,-97.61,1926.45
8000,-1.71,2152.74,136.47,-62.63,2152.74
9000,3.07,2449.15,137.20,-97.78,2449.15
10000,0.86,2723.44,141.98,-110.81,2723.44
