episode,epReward,cumReward,cumRegret,empRegret,perf
10,3.50,10.99,5.25,4.01,10.99
20,-0.42,25.31,5.25,4.69,25.31
30,0.20,29.46,6.75,15.54,29.46
40,2.95,34.55,12.00,25.45,34.55
50,3.27,51.52,12.00,23.48,51.52
60,0.00,71.69,12.00,18.31,71.69
70,0.00,80.94,12.00,24.06,80.94
80,3.83,100.63,14.25,19.37,100.63
90,3.30,112.52,14.25,22.48,112.52
100,0.00,113.79,14.25,36.21,113.79
200,4.11,288.11,18.00,11.89,288.11
300,0.00,435.83,18.00,14.17,435.83
400,0.00,578.30,18.00,21.70,578.30
500,2.97,756.05,18.00,-6.05,756.05
600,2.86,903.26,18.00,-3.26,903.26
700,4.57,1040.28,18.00,9.72,1040.28
800,2.85,1194.47,18.00,5.53,1194.47
900,2.38,1328.37,18.00,21.63,1328.37
1000,0.00,1459.08,18.00,40.92,1459.08
2000,1.55,2850.50,20.25,149.50,2850.50
3000,0.74,4339.32,23.63,160.68,4339.32
4000,0.00,5717.54,23.63,282.46,5717.54
5000,2.60,7212.07,23.63,287.93,7212.07
6000,3.51,8844.18,23.63,155.82,8844.18
7000,4.77,10452.05,23.63,47.95,10452.05
8000,0.00,11884.34,25.88,115.66,11884.34
9000,0.00,13427.47,25.88,72.53,13427.47
10000,3.95,14953.82,28.13,46.18,14953.82
