episode,epReward,cumReward,cumRegret,empRegret,perf
10,2.30,27.82,5.11,4.79,27.82
20,3.27,61.17,5.11,4.05,61.17
30,3.02,101.62,5.65,-3.80,101.62
40,1.19,131.46,5.65,-1.03,131.46
50,4.26,162.18,5.65,0.86,162.18
60,3.51,195.47,6.73,0.18,195.47
70,3.89,228.06,6.73,0.19,228.06
80,6.45,257.97,7.27,2.89,257.97
90,3.96,290.41,7.27,3.06,290.41
100,0.12,321.23,7.27,4.85,321.23
200,5.92,641.09,13.22,11.06,641.09
300,0.25,982.78,14.30,-4.55,982.78
400,6.04,1353.08,14.30,-48.77,1353.08
500,1.40,1693.97,14.84,-63.59,1693.97
600,3.67,2016.38,16.02,-59.92,2016.38
700,3.30,2341.00,21.07,-58.47,2341.00
800,3.39,2671.02,23.78,-62.41,2671.02
900,6.25,3005.21,24.32,-70.53,3005.21
1000,3.20,3327.62,24.86,-66.85,3327.62
2000,5.17,6602.59,32.07,-81.05,6602.59
3000,2.41,9749.30,38.80,32.99,9749.30
4000,2.12,13030.44,41.50,12.62,13030.44
5000,5.09,16269.62,45.28,34.21,16269.62
6000,2.75,19557.78,46.37,6.81,19557.78
7000,4.82,22783.45,47.99,41.90,22783.45
8000,3.35,26031.60,48.53,54.52,26031.60
9000,3.74,29368.98,49.07,-22.09,29368.98
10000,2.89,32638.13,49.07,-30.47,32638.13
