episode,epReward,cumReward,cumRegret,empRegret,perf
10,-1.07,1.91,5.25,13.09,1.91
20,0.00,2.17,9.75,27.83,2.17
30,0.00,3.85,15.75,41.15,3.85
40,3.06,13.82,17.25,46.18,13.82
50,0.00,25.86,19.50,49.14,25.86
60,3.89,45.10,19.50,44.90,45.10
70,4.25,57.34,19.50,47.66,57.34
80,3.16,68.47,19.50,51.53,68.47
90,0.00,88.12,19.50,46.88,88.12
100,0.33,97.36,21.00,52.64,97.36
200,4.62,261.17,21.00,38.83,261.17
300,0.00,427.22,21.00,22.78,427.22
400,0.00,535.93,21.00,64.07,535.93
500,3.07,714.35,21.00,35.65,714.35
600,0.00,869.79,21.00,30.21,869.79
700,4.11,1037.16,21.00,12.84,1037.16
800,0.00,1186.78,21.00,13.22,1186.78
900,5.67,1322.89,21.00,27.11,1322.89
1000,3.07,1455.61,21.00,44.39,1455.61
2000,0.00,2906.52,21.00,93.48,2906.52
3000,1.69,4474.24,21.00,25.76,4474.24
4000,3.30,6075.73,24.38,-75.73,6075.73
5000,3.92,7537.56,24.38,-37.56,7537.56
6000,0.00,9022.65,24.38,-22.65,9022.65
7000,2.27,10562.65,24.38,-62.65,10562.65
8000,4.76,12092.63,24.38,-92.63,12092.63
9000,0.00,13540.26,24.38,-40.26,13540.26
10000,0.00,15058.26,24.38,-58.26,15058.26
