episode,epReward,cumReward,cumRegret,empRegret,perf
10,3.02,60.00,8.19,21.76,60.00
20,7.87,142.02,8.19,21.50,142.02
30,9.55,217.18,8.19,28.10,217.18
40,8.12,303.19,8.19,23.86,303.19
50,7.88,382.91,8.19,25.90,382.91
60,7.16,462.53,8.19,28.04,462.53
70,6.60,546.11,8.19,26.22,546.11
80,8.15,616.94,8.19,37.16,616.94
90,9.33,697.89,8.19,37.97,697.89
100,8.39,776.41,8.19,41.21,776.41
200,6.78,1624.55,8.19,10.69,1624.55
300,10.15,2439.20,8.19,13.66,2439.20
400,6.57,3266.28,8.19,4.20,3266.28
500,8.10,4073.00,8.19,15.10,4073.00
600,6.53,4876.73,8.19,28.99,4876.73
700,10.16,5719.33,8.19,4.01,5719.33
800,5.96,6538.82,8.19,2.14,6538.82
900,8.24,7366.21,8.19,-7.63,7366.21
1000,9.39,8180.50,8.19,-4.30,8180.50
2000,7.65,16351.16,8.19,1.23,16351.16
3000,7.36,24564.92,8.19,-36.33,24564.92
4000,7.31,32737.26,8.19,-32.46,32737.26
5000,8.02,40965.30,8.19,-84.31,40965.30
6000,10.80,49211.90,8.19,-154.70,49211.90
7000,5.65,57385.29,8.19,-151.90,57385.29
8000,9.53,65511.78,8.19,-102.19,65511.78
9000,4.22,73619.09,8.19,-33.30,73619.09
10000,9.34,81760.38,8.19,1.61,81760.38
