episode,epReward,cumReward,cumRegret,empRegret,perf
10,1.33,-20.62,2.87,2.45,-20.62
20,-4.49,-41.19,3.40,4.86,-41.19
30,-0.68,-59.39,7.53,4.89,-59.39
40,-0.46,-81.35,8.00,8.70,-81.35
50,0.49,-98.95,8.47,8.13,-98.95
60,-0.66,-126.30,13.64,17.32,-126.30
70,-1.85,-143.50,14.17,16.36,-143.50
80,-2.06,-154.77,21.00,9.46,-154.77
90,-2.43,-167.42,21.52,3.95,-167.42
100,-3.01,-193.66,21.82,12.02,-193.66
200,-2.85,-414.36,30.99,51.08,-414.36
300,-2.98,-580.36,33.22,35.44,-580.36
400,1.73,-760.81,35.98,34.26,-760.81
500,-1.26,-963.68,37.51,55.49,-963.68
600,1.44,-1161.67,40.32,71.84,-1161.67
700,-0.88,-1326.92,44.36,55.46,-1326.92
800,-1.08,-1512.23,48.46,59.13,-1512.23
900,-2.84,-1714.85,52.21,80.11,-1714.85
1000,3.33,-1903.42,56.37,87.04,-1903.42
2000,-4.59,-3706.69,108.06,73.93,-3706.69
3000,-3.41,-5595.75,152.07,146.61,-5595.75
4000,-2.06,-7290.56,188.69,25.05,-7290.56
5000,-0.48,-9100.47,229.12,18.57,-9100.47
6000,0.69,-10935.63,271.07,37.36,-10935.63
7000,-3.06,-12822.23,310.21,107.58,-12822.23
8000,0.24,-14764.35,333.70,233.32,-14764.35
9000,0.45,-16572.26,358.97,224.85,-16572.26
10000,-1.66,-18481.88,388.03,318.09,-18481.88
