episode,epReward,cumReward,cumRegret,empRegret,perf
10,0.00,17.29,8.25,-2.29,17.29
20,0.18,22.28,12.00,7.72,22.28
30,5.09,35.00,14.25,10.00,35.00
40,1.92,47.73,16.50,12.27,47.73
50,1.36,57.88,16.50,17.12,57.88
60,0.00,73.16,16.50,16.84,73.16
70,4.90,91.40,16.50,13.60,91.40
80,2.02,104.36,16.50,15.64,104.36
90,0.00,109.02,16.50,25.98,109.02
100,0.71,122.58,16.50,27.42,122.58
200,-1.02,281.71,16.50,18.29,281.71
300,0.00,421.53,16.50,28.47,421.53
400,0.00,555.60,16.50,44.40,555.60
500,-0.50,684.82,16.50,65.18,684.82
600,2.27,859.20,16.50,40.80,859.20
700,0.00,1020.75,16.50,29.25,1020.75
800,3.13,1165.03,16.50,34.97,1165.03
900,2.94,1320.45,16.50,29.55,1320.45
1000,0.00,1487.11,16.50,12.89,1487.11
2000,0.00,3108.65,18.75,-108.65,3108.65
3000,3.24,4655.16,18.75,-155.16,4655.16
4000,3.40,6214.03,18.75,-214.03,6214.03
5000,0.00,7704.23,18.75,-204.23,7704.23
6000,2.10,9230.08,21.00,-230.08,9230.08
7000,2.67,10669.61,21.00,-169.61,10669.61
8000,0.00,12092.73,21.00,-92.73,12092.73
9000,2.87,13469.34,23.25,30.66,13469.34
10000,0.00,15046.21,23.25,-46.21,15046.21
