episode,epReward,cumReward,cumRegret,empRegret,perf
10,0.00,8.95,6.75,6.05,8.95
20,3.64,11.47,15.75,18.53,11.47
30,-0.70,23.77,15.75,21.23,23.77
40,1.98,35.70,17.25,24.30,35.70
50,4.52,65.35,18.75,9.65,65.35
60,0.00,76.68,21.00,13.32,76.68
70,0.00,85.70,21.00,19.30,85.70
80,3.18,101.84,21.00,18.16,101.84
90,3.60,118.60,21.00,16.40,118.60
100,1.59,137.99,21.00,12.01,137.99
200,0.00,330.30,21.00,-30.30,330.30
300,0.00,436.14,21.00,13.86,436.14
400,4.52,582.07,21.00,17.93,582.07
500,0.00,741.14,21.00,8.86,741.14
600,3.03,874.30,21.00,25.70,874.30
700,4.70,999.58,23.25,50.42,999.58
800,0.00,1128.36,23.25,71.64,1128.36
900,0.00,1282.19,23.25,67.81,1282.19
1000,0.00,1442.60,23.25,57.40,1442.60
2000,0.00,2987.34,23.25,12.66,2987.34
3000,1.57,4625.12,23.25,-125.12,4625.12
4000,3.92,6071.14,23.25,-71.14,6071.14
5000,4.47,7490.51,27.75,9.49,7490.51
6000,2.68,9108.44,27.75,-108.44,9108.44
7000,4.35,10551.40,27.75,-51.40,10551.40
8000,2.67,12063.02,27.75,-63.02,12063.02
9000,3.54,13541.14,27.75,-41.14,13541.14
10000,-1.01,15078.19,27.75,-78.19,15078.19
