episode,epReward,cumReward,cumRegret,empRegret,perf
10,0.52,21.14,11.31,5.16,21.14
20,2.36,45.07,12.41,7.53,45.07
30,2.37,72.53,15.26,6.36,72.53
40,3.82,100.66,15.26,4.53,100.66
50,5.10,132.23,16.35,-0.74,132.23
60,0.95,156.38,16.36,1.41,156.38
70,3.11,178.48,16.36,5.60,178.48
80,1.53,203.15,16.39,7.23,203.15
90,1.11,226.35,16.39,10.33,226.35
100,3.87,243.83,16.40,19.14,243.83
200,1.85,518.55,17.54,7.40,518.55
300,-0.08,751.05,18.63,37.87,751.05
400,3.36,1013.71,18.64,38.18,1013.71
500,4.64,1287.06,20.86,27.80,1287.06
600,1.29,1568.09,20.90,9.74,1568.09
700,0.05,1812.24,24.16,28.57,1812.24
800,4.53,2110.29,24.18,-6.51,2110.29
900,1.54,2344.57,25.29,22.18,2344.57
1000,2.25,2593.58,25.31,36.14,2593.58
2000,3.33,5291.33,25.47,-31.88,5291.33
3000,-0.58,7969.28,27.70,-80.10,7969.28
4000,3.75,10699.41,27.71,-180.52,10699.41
5000,3.26,13407.16,27.73,-258.54,13407.16
6000,4.56,16026.03,27.76,-247.68,16026.03
7000,4.55,18584.39,27.81,-176.32,18584.39
8000,1.52,21107.91,27.83,-70.12,21107.91
9000,0.28,23771.86,27.84,-104.34,23771.86
10000,2.70,26454.73,27.90,-157.49,26454.73
