episode,epReward,cumReward,cumRegret,empRegret,perf
10,-1.29,-2.81,9.68,10.85,-2.81
20,1.38,11.52,12.15,4.57,11.52
30,3.76,21.77,14.41,2.35,21.77
40,-3.20,23.48,15.23,8.69,23.48
50,-1.07,21.41,16.33,18.80,21.41
60,3.17,26.47,17.82,21.78,26.47
70,2.13,40.76,19.32,15.53,40.76
80,3.69,52.43,20.35,11.91,52.43
90,1.98,53.91,21.93,18.47,53.91
100,-0.03,54.90,22.97,25.52,54.90
200,3.38,107.37,35.53,53.47,107.37
300,0.17,233.98,38.86,7.28,233.98
400,3.16,300.52,42.32,21.16,300.52
500,1.46,392.42,44.40,9.68,392.42
600,1.33,471.71,46.01,10.81,471.71
700,3.84,553.22,47.88,9.71,553.22
800,2.57,611.50,49.45,31.86,611.50
900,2.15,677.82,51.12,45.96,677.82
1000,-2.03,768.80,51.75,35.39,768.80
2000,-0.60,1495.42,59.70,112.97,1495.42
3000,-1.10,2302.59,63.54,110.00,2302.59
4000,0.16,3121.13,68.62,95.66,3121.13
5000,1.27,3891.63,70.14,129.35,3891.63
6000,0.98,4766.02,71.24,59.16,4766.02
7000,1.60,5586.68,72.05,42.71,5586.68
8000,0.72,6408.63,75.32,24.95,6408.63
9000,0.21,7197.61,77.31,40.17,7197.61
10000,1.49,8057.21,81.67,-15.24,8057.21
