episode,epReward,cumReward,cumRegret,empRegret,perf
10,4.14,10.64,9.00,4.36,10.64
20,0.00,11.88,12.75,18.12,11.88
30,2.82,19.07,17.25,25.93,19.07
40,0.00,36.44,18.75,23.56,36.44
50,3.25,64.29,18.75,10.71,64.29
60,0.50,80.54,18.75,9.46,80.54
70,5.36,102.80,18.75,2.20,102.80
80,0.00,120.77,18.75,-0.77,120.77
90,1.82,131.19,18.75,3.81,131.19
100,-1.84,137.55,18.75,12.45,137.55
200,0.27,290.12,18.75,9.88,290.12
300,0.06,450.19,18.75,-0.19,450.19
400,1.38,581.80,18.75,18.20,581.80
500,2.11,725.99,18.75,24.01,725.99
600,-0.04,844.28,18.75,55.72,844.28
700,2.03,1014.90,21.00,35.10,1014.90
800,2.49,1140.32,23.25,59.68,1140.32
900,0.00,1273.43,26.63,76.57,1273.43
1000,1.68,1391.92,26.63,108.08,1391.92
2000,3.67,2919.78,28.88,80.22,2919.78
3000,-1.34,4481.14,31.13,18.86,4481.14
4000,4.03,5932.68,31.13,67.32,5932.68
5000,-0.83,7526.23,31.13,-26.23,7526.23
6000,-0.22,9049.43,31.13,-49.43,9049.43
7000,0.00,10481.07,33.38,18.93,10481.07
8000,2.60,11927.99,33.38,72.01,11927.99
9000,4.93,13391.14,33.38,108.86,13391.14
10000,0.00,14889.35,33.38,110.65,14889.35
