episode,epReward,cumReward,cumRegret,empRegret,perf
10,-1.47,-4.21,9.90,14.04,-4.21
20,2.91,2.34,11.31,17.31,2.34
30,1.01,5.49,12.55,23.99,5.49
40,3.13,15.86,13.96,23.44,15.86
50,1.94,14.47,15.38,34.65,14.47
60,1.87,25.61,15.73,33.34,25.61
70,0.63,30.76,17.59,38.02,30.76
80,0.08,36.86,19.45,41.74,36.86
90,-0.42,39.49,20.87,48.93,39.49
100,4.55,52.56,21.93,45.69,52.56
200,0.07,132.63,26.62,63.87,132.63
300,1.37,224.95,31.75,69.80,224.95
400,-0.42,296.31,32.99,96.69,296.31
500,3.30,412.93,33.34,78.32,412.93
600,0.12,506.75,33.78,82.74,506.75
700,-2.23,588.05,34.31,99.70,588.05
800,0.36,695.37,34.49,90.63,695.37
900,4.13,795.90,34.67,88.35,795.90
1000,1.25,884.11,34.76,98.39,884.11
2000,3.39,1858.49,35.20,106.51,1858.49
3000,2.23,2885.09,35.46,62.41,2885.09
4000,0.50,3854.48,35.73,75.52,3854.48
5000,1.93,4801.83,35.99,110.67,4801.83
6000,1.85,5676.95,36.26,218.04,5676.95
7000,-0.34,6569.83,36.26,307.67,6569.83
8000,-3.03,7504.76,36.44,355.23,7504.76
9000,-1.38,8489.11,36.61,353.39,8489.11
10000,-1.88,9464.65,36.70,360.35,9464.65
