episode,epReward,cumReward,cumRegret,empRegret,perf
10,0.00,6.07,9.75,8.93,6.07
20,0.00,9.08,18.00,20.92,9.08
30,1.26,12.64,28.50,32.36,12.64
40,0.00,17.39,33.75,42.61,17.39
50,2.69,34.02,35.25,40.98,34.02
60,-0.92,41.52,35.25,48.48,41.52
70,0.00,50.93,35.25,54.07,50.93
80,0.00,61.45,35.25,58.55,61.45
90,0.10,82.78,39.75,52.22,82.78
100,3.93,91.65,39.75,58.35,91.65
200,0.00,209.62,39.75,90.38,209.62
300,1.38,339.94,42.00,110.06,339.94
400,-2.12,508.55,42.00,91.45,508.55
500,0.00,682.22,42.00,67.78,682.22
600,4.25,829.57,42.00,70.43,829.57
700,0.23,995.83,42.00,54.17,995.83
800,0.00,1132.75,42.00,67.25,1132.75
900,3.66,1295.70,42.00,54.30,1295.70
1000,0.00,1439.36,42.00,60.64,1439.36
2000,0.00,2889.45,42.00,110.55,2889.45
3000,3.71,4367.13,42.00,132.87,4367.13
4000,0.00,5887.93,45.38,112.07,5887.93
5000,0.00,7457.60,45.38,42.40,7457.60
6000,3.28,8929.71,45.38,70.29,8929.71
7000,2.66,10384.24,45.38,115.76,10384.24
8000,0.00,11816.65,45.38,183.35,11816.65
9000,0.00,13196.73,45.38,303.27,13196.73
10000,0.00,14758.68,45.38,241.32,14758.68
