episode,epReward,cumReward,cumRegret,empRegret,perf
10,4.50,21.96,13.84,10.53,21.96
20,3.92,61.62,14.23,3.36,61.62
30,0.99,90.60,14.23,6.88,90.60
40,5.06,122.28,14.23,7.69,122.28
50,1.93,160.21,14.23,2.25,160.21
60,4.13,196.46,14.23,-1.51,196.46
70,5.42,239.85,14.23,-12.41,239.85
80,4.61,280.08,14.23,-20.15,280.08
90,4.82,318.98,14.23,-26.55,318.98
100,3.47,353.05,14.23,-28.13,353.05
200,3.64,715.49,14.23,-65.65,715.49
300,4.74,1020.63,14.23,-45.87,1020.63
400,4.02,1339.89,14.61,-40.22,1339.89
500,3.05,1654.16,15.55,-29.57,1654.16
600,3.92,1987.76,15.55,-38.24,1987.76
700,4.06,2322.90,17.49,-48.46,2322.90
800,4.91,2648.38,17.49,-49.02,2648.38
900,1.07,3011.42,18.43,-87.14,3011.42
1000,4.21,3328.34,18.43,-79.14,3328.34
2000,3.70,6587.71,26.00,-89.32,6587.71
3000,2.65,9766.86,26.94,-19.28,9766.86
4000,6.96,13015.70,28.81,-18.93,13015.70
5000,-0.19,16218.21,28.81,27.75,16218.21
6000,4.48,19536.67,28.81,-41.51,19536.67
7000,4.08,22753.35,29.75,-8.99,22753.35
8000,6.42,25980.62,29.75,12.93,25980.62
9000,1.02,29193.32,29.75,49.42,29193.32
10000,3.65,32469.85,32.55,22.09,32469.85
