episode,epReward,cumReward,cumRegret,empRegret,perf
10,5.13,46.14,0.00,-1.42,46.14
20,5.79,88.44,0.38,0.99,88.44
30,5.20,130.21,4.05,3.95,130.21
40,4.76,174.72,4.82,4.16,174.72
50,2.32,218.52,4.82,5.08,218.52
60,7.22,265.72,4.82,2.60,265.72
70,4.67,310.73,5.20,2.30,310.73
80,3.24,348.36,5.20,9.39,348.36
90,3.58,399.01,5.20,3.46,399.01
100,3.21,446.82,5.20,0.37,446.82
200,4.13,869.46,13.59,24.92,869.46
300,7.33,1337.15,15.51,4.43,1337.15
400,4.18,1791.83,15.90,-3.06,1791.83
500,1.80,2259.15,16.28,-23.19,2259.15
600,3.05,2728.55,16.28,-45.40,2728.55
700,2.77,3179.33,16.28,-48.98,3179.33
800,5.55,3606.59,17.05,-29.06,3606.59
900,5.14,4079.46,17.05,-54.74,4079.46
1000,1.60,4508.72,17.82,-36.80,4508.72
2000,3.60,8944.75,18.97,-0.91,8944.75
3000,6.78,13462.11,22.24,-46.35,13462.11
4000,3.52,17968.34,25.89,-80.66,17968.34
5000,6.72,22384.25,25.89,-24.65,22384.25
6000,6.56,26873.68,26.86,-42.16,26873.68
7000,3.69,31371.85,29.55,-68.42,31371.85
8000,6.08,35840.44,29.93,-65.08,35840.44
9000,6.58,40314.09,32.24,-66.82,40314.09
10000,4.48,44816.14,35.12,-96.95,44816.14
