episode,epReward,cumReward,cumRegret,empRegret,perf
10,3.48,1.68,10.50,13.32,1.68
20,0.00,13.06,16.50,16.94,13.06
30,0.00,21.81,20.25,23.19,21.81
40,1.23,45.57,20.25,14.43,45.57
50,4.72,63.67,20.25,11.33,63.67
60,0.75,82.11,20.25,7.89,82.11
70,2.84,99.88,20.25,5.12,99.88
80,3.77,105.34,21.75,14.66,105.34
90,0.09,111.92,23.25,23.08,111.92
100,0.00,114.43,23.25,35.57,114.43
200,-1.88,282.44,23.25,17.56,282.44
300,-0.64,392.15,27.75,57.85,392.15
400,0.00,512.26,27.75,87.74,512.26
500,2.12,668.93,27.75,81.07,668.93
600,0.00,829.44,27.75,70.56,829.44
700,3.54,996.34,27.75,53.66,996.34
800,0.00,1155.12,27.75,44.88,1155.12
900,0.00,1339.00,27.75,11.00,1339.00
1000,0.00,1514.38,27.75,-14.38,1514.38
2000,3.37,3027.80,27.75,-27.80,3027.80
3000,2.94,4618.04,27.75,-118.04,4618.04
4000,0.00,6154.26,27.75,-154.26,6154.26
5000,5.09,7691.00,27.75,-191.00,7691.00
6000,0.00,9183.85,27.75,-183.85,9183.85
7000,0.00,10646.98,27.75,-146.98,10646.98
8000,0.00,12169.00,27.75,-169.00,12169.00
9000,4.69,13672.93,27.75,-172.93,13672.93
10000,0.00,15169.49,27.75,-169.49,15169.49
