episode,epReward,cumReward,cumRegret,empRegret,perf
10,0.00,-5.08,17.63,20.08,-5.08
20,3.00,3.33,28.13,26.67,3.33
30,0.00,15.40,28.13,29.60,15.40
40,0.00,22.08,29.63,37.92,22.08
50,4.04,37.97,29.63,37.03,37.97
60,0.00,51.96,31.88,38.04,51.96
70,4.39,58.00,31.88,47.00,58.00
80,0.00,65.14,33.38,54.86,65.14
90,0.00,66.70,34.88,68.30,66.70
100,0.00,80.61,34.88,69.39,80.61
200,1.42,252.59,34.88,47.41,252.59
300,3.77,410.04,36.38,39.96,410.04
400,0.79,591.86,36.38,8.14,591.86
500,-2.38,772.68,36.38,-22.68,772.68
600,3.59,918.64,36.38,-18.64,918.64
700,3.11,1064.89,36.38,-14.89,1064.89
800,2.20,1224.03,36.38,-24.03,1224.03
900,4.82,1376.06,36.38,-26.06,1376.06
1000,3.60,1532.94,36.38,-32.94,1532.94
2000,3.14,3108.32,36.38,-108.32,3108.32
3000,-2.01,4505.21,36.38,-5.21,4505.21
4000,3.66,6069.99,36.38,-69.99,6069.99
5000,3.11,7616.38,36.38,-116.38,7616.38
6000,0.00,9134.07,36.38,-134.07,9134.07
7000,3.64,10620.88,36.38,-120.88,10620.88
8000,0.00,12192.64,36.38,-192.64,12192.64
9000,0.00,13789.25,36.38,-289.25,13789.25
10000,0.00,15407.41,36.38,-407.41,15407.41
