episode,epReward,cumReward,cumRegret,empRegret,perf
10,3.83,8.50,12.00,6.50,8.50
20,0.00,20.28,22.50,9.72,20.28
30,-0.25,22.92,31.50,22.08,22.92
40,3.47,52.35,31.50,7.65,52.35
50,0.00,55.39,31.50,19.61,55.39
60,-1.84,81.79,31.50,8.21,81.79
70,3.33,113.47,31.50,-8.47,113.47
80,0.00,130.32,31.50,-10.32,130.32
90,1.03,144.87,31.50,-9.87,144.87
100,2.73,166.14,31.50,-16.14,166.14
200,0.00,321.20,31.50,-21.20,321.20
300,0.30,453.75,31.50,-3.75,453.75
400,4.72,615.45,31.50,-15.45,615.45
500,-0.11,763.13,31.50,-13.13,763.13
600,2.89,922.87,31.50,-22.87,922.87
700,-0.42,1113.15,31.50,-63.15,1113.15
800,0.69,1254.77,31.50,-54.77,1254.77
900,2.92,1415.99,31.50,-65.99,1415.99
1000,4.32,1535.82,31.50,-35.82,1535.82
2000,0.88,3069.87,31.50,-69.87,3069.87
3000,3.71,4637.58,31.50,-137.58,4637.58
4000,3.27,6141.37,31.50,-141.37,6141.37
5000,3.19,7655.00,31.50,-155.00,7655.00
6000,-1.57,9139.29,31.50,-139.29,9139.29
7000,0.11,10707.46,31.50,-207.46,10707.46
8000,2.12,12147.60,31.50,-147.60,12147.60
9000,1.80,13693.38,31.50,-193.38,13693.38
10000,-0.57,15092.43,31.50,-92.43,15092.43
