episode,epReward,cumReward,cumRegret,empRegret,perf
10,-0.76,-8.48,11.64,12.13,-8.48
20,-3.86,-23.57,17.30,30.87,-23.57
30,-0.42,-28.51,22.56,39.47,-28.51
40,0.81,-40.13,30.85,54.73,-40.13
50,-2.48,-40.11,36.49,58.36,-40.11
60,0.12,-41.95,40.43,63.86,-41.95
70,4.06,-41.32,44.82,66.87,-41.32
80,-0.56,-40.23,46.54,69.44,-40.23
90,0.78,-31.32,46.72,64.18,-31.32
100,1.61,-29.19,47.49,65.70,-29.19
200,1.72,-17.86,50.80,90.87,-17.86
300,4.87,23.48,51.52,86.04,23.48
400,3.23,59.55,51.97,86.48,59.55
500,2.38,108.71,52.86,73.83,108.71
600,2.93,117.98,53.76,101.07,117.98
700,0.31,161.92,54.75,93.63,161.92
800,1.31,214.54,55.29,77.52,214.54
900,1.44,239.47,55.38,89.10,239.47
1000,2.46,278.37,56.19,86.71,278.37
2000,-0.58,602.02,58.08,128.14,602.02
3000,-0.88,976.11,59.74,119.12,976.11
4000,-2.23,1295.62,59.74,164.70,1295.62
5000,-0.38,1662.71,59.74,162.69,1662.71
6000,0.52,1960.81,59.74,229.66,1960.81
7000,0.77,2392.68,59.74,162.87,2392.68
8000,-0.04,2735.42,59.74,185.22,2735.42
9000,0.90,3072.07,59.74,213.64,3072.07
10000,-0.34,3436.80,59.74,213.99,3436.80
