episode,epReward,cumReward,cumRegret,empRegret,perf
10,-0.29,5.46,3.15,-1.58,5.46
20,0.40,5.87,5.29,1.88,5.87
30,-2.48,-4.14,8.75,15.77,-4.14
40,-2.18,0.78,10.80,14.73,0.78
50,-1.02,3.39,12.14,15.99,3.39
60,0.57,-3.17,12.90,26.42,-3.17
70,-0.14,-4.31,12.92,31.44,-4.31
80,0.60,-6.10,13.42,37.10,-6.10
90,-1.39,1.19,14.43,33.68,1.19
100,2.15,-2.04,15.11,40.80,-2.04
200,2.22,12.66,21.15,64.85,12.66
300,-1.29,27.30,21.97,88.97,27.30
400,-1.85,82.55,22.06,72.47,82.55
500,-0.99,137.32,22.38,56.45,137.32
600,-2.05,157.79,22.47,74.74,157.79
700,-0.84,194.28,22.54,77.01,194.28
800,0.23,220.77,22.57,89.28,220.77
900,0.08,254.59,22.64,94.20,254.59
1000,1.12,329.55,22.69,58.00,329.55
2000,1.42,767.70,23.62,7.41,767.70
3000,2.65,1067.68,23.95,94.98,1067.68
4000,-1.76,1624.63,24.81,-74.41,1624.63
5000,0.64,2011.77,25.65,-74.00,2011.77
6000,-0.10,2400.35,25.68,-75.02,2400.35
7000,-1.02,2857.60,25.79,-144.73,2857.60
8000,-0.38,3301.87,25.94,-201.44,3301.87
9000,1.99,3686.43,27.53,-198.45,3686.43
10000,5.64,4045.66,28.61,-170.13,4045.66
