episode,epReward,cumReward,cumRegret,empRegret,perf
10,2.33,7.75,8.35,13.23,7.75
20,2.26,22.53,11.38,19.44,22.53
30,2.98,44.63,14.52,18.31,44.63
40,5.22,64.15,19.48,19.78,64.15
50,1.19,76.74,21.57,28.16,76.74
60,-1.02,97.20,22.73,28.69,97.20
70,3.70,116.13,22.89,30.74,116.13
80,1.83,129.02,24.05,38.84,129.02
90,-0.57,153.41,24.10,35.42,153.41
100,1.33,168.79,24.15,41.03,168.79
200,-0.33,351.51,27.44,68.13,351.51
300,3.03,566.24,29.25,63.21,566.24
400,2.71,761.55,30.06,77.72,761.55
500,3.57,955.50,30.76,93.58,955.50
600,1.45,1163.12,31.25,95.78,1163.12
700,3.78,1384.90,31.79,83.82,1384.90
800,1.40,1591.09,32.17,87.44,1591.09
900,2.45,1833.01,32.88,55.34,1833.01
1000,3.08,2054.02,33.96,44.14,2054.02
2000,2.75,4102.66,39.43,93.67,4102.66
3000,1.07,6251.91,41.87,42.58,6251.91
4000,0.77,8417.73,43.06,-25.07,8417.73
5000,0.37,10485.33,44.80,5.49,10485.33
6000,-0.86,12639.52,45.77,-50.53,12639.52
7000,0.80,14626.89,46.26,60.26,14626.89
8000,2.23,16652.34,46.91,132.98,16652.34
9000,-1.79,18683.67,49.26,199.81,18683.67
10000,0.65,20777.64,50.95,204.01,20777.64
