episode,epReward,cumReward,cumRegret,empRegret,perf
10,4.91,6.75,13.13,8.25,6.75
20,-1.11,16.23,22.88,13.77,16.23
30,1.00,15.42,31.13,29.58,15.42
40,0.00,28.88,34.13,31.12,28.88
50,0.00,52.42,36.38,22.58,52.42
60,2.17,55.96,36.38,34.04,55.96
70,0.00,64.05,36.38,40.95,64.05
80,1.18,92.10,36.38,27.90,92.10
90,0.75,107.16,36.38,27.84,107.16
100,1.18,116.85,36.38,33.15,116.85
200,0.00,261.19,38.63,38.81,261.19
300,2.33,387.40,38.63,62.60,387.40
400,4.73,550.35,38.63,49.65,550.35
500,2.28,702.20,38.63,47.80,702.20
600,4.36,849.75,38.63,50.25,849.75
700,3.14,1005.74,38.63,44.26,1005.74
800,3.15,1184.07,38.63,15.93,1184.07
900,0.17,1362.39,38.63,-12.39,1362.39
1000,1.04,1516.41,38.63,-16.41,1516.41
2000,1.31,3124.33,40.88,-124.33,3124.33
3000,4.79,4727.73,40.88,-227.73,4727.73
4000,-1.73,6222.34,40.88,-222.34,6222.34
5000,0.43,7749.59,40.88,-249.59,7749.59
6000,4.02,9289.16,40.88,-289.16,9289.16
7000,0.09,10866.00,40.88,-366.00,10866.00
8000,-0.33,12193.66,40.88,-193.66,12193.66
9000,0.71,13753.41,40.88,-253.41,13753.41
10000,4.62,15169.59,43.13,-169.59,15169.59
