episode,epReward,cumReward,cumRegret,empRegret,perf
10,2.45,7.30,5.21,3.85,7.30
20,0.84,18.91,5.44,3.37,18.91
30,0.04,23.38,6.81,10.05,23.38
40,-1.20,29.59,7.91,14.98,29.59
50,0.52,36.37,9.48,19.34,36.37
60,2.16,55.62,10.59,11.24,55.62
70,0.01,61.58,10.93,16.42,61.58
80,1.81,63.58,14.25,25.56,63.58
90,1.50,72.66,14.50,27.63,72.66
100,-1.12,82.44,15.36,28.99,82.44
200,1.02,156.57,19.76,66.29,156.57
300,2.77,262.92,20.43,71.36,262.92
400,0.34,365.32,21.50,80.39,365.32
500,-1.38,454.70,23.50,102.44,454.70
600,3.81,585.27,25.60,83.29,585.27
700,3.14,682.89,29.30,97.10,682.89
800,0.43,797.49,31.86,93.94,797.49
900,3.17,937.23,33.63,65.62,937.23
1000,1.87,1070.45,35.96,43.83,1070.45
2000,2.14,2222.43,64.01,6.13,2222.43
3000,2.91,3345.11,75.56,-2.28,3345.11
4000,1.34,4409.83,84.99,47.27,4409.83
5000,0.41,5525.00,89.04,46.38,5525.00
6000,-1.32,6599.78,93.58,85.87,6599.78
7000,2.50,7723.19,94.09,76.74,7723.19
8000,1.30,8846.97,94.44,67.23,8846.97
9000,-0.92,10030.18,94.48,-1.70,10030.18
10000,4.16,11139.39,94.48,3.36,11139.39
