episode,epReward,cumReward,cumRegret,empRegret,perf
10,0.00,1.95,15.75,13.05,1.95
20,3.85,8.09,23.25,21.91,8.09
30,3.32,19.24,29.25,25.76,19.24
40,3.34,28.33,36.75,31.67,28.33
50,-0.10,42.38,41.25,32.62,42.38
60,2.48,56.79,41.25,33.21,56.79
70,0.64,67.00,41.25,38.00,67.00
80,0.00,76.48,43.50,43.52,76.48
90,-0.88,91.40,43.50,43.60,91.40
100,-1.37,102.99,43.50,47.01,102.99
200,2.57,258.09,43.50,41.91,258.09
300,3.35,394.95,43.50,55.05,394.95
400,0.00,551.58,43.50,48.42,551.58
500,0.00,708.77,43.50,41.23,708.77
600,2.46,850.32,43.50,49.68,850.32
700,0.00,974.95,43.50,75.05,974.95
800,0.00,1111.97,43.50,88.03,1111.97
900,0.00,1241.89,43.50,108.11,1241.89
1000,0.00,1419.91,43.50,80.09,1419.91
2000,2.65,2917.24,43.50,82.76,2917.24
3000,1.71,4431.14,43.50,68.86,4431.14
4000,4.01,5930.20,43.50,69.80,5930.20
5000,4.39,7530.96,43.50,-30.96,7530.96
6000,0.00,8999.37,43.50,0.63,8999.37
7000,0.00,10478.52,43.50,21.48,10478.52
8000,3.18,11914.56,43.50,85.44,11914.56
9000,0.00,13446.16,43.50,53.84,13446.16
10000,3.95,14994.31,43.50,5.69,14994.31
